Fault List:
67
55
66
63
74
72
63
65
67
49
50
63
58
52
56
60
60
56
59
65
62
63
56
62
62
61
55
57
52
60
FDR List:
0.3582887700534759
0.29411764705882354
0.35294117647058826
0.33689839572192515
0.39572192513368987
0.3850267379679144
0.33689839572192515
0.34759358288770054
0.3582887700534759
0.2620320855614973
0.26737967914438504
0.33689839572192515
0.31016042780748665
0.27807486631016043
0.2994652406417112
0.32085561497326204
0.32085561497326204
0.2994652406417112
0.3155080213903743
0.34759358288770054
0.3315508021390374
0.33689839572192515
0.2994652406417112
0.3315508021390374
0.3315508021390374
0.32620320855614976
0.29411764705882354
0.3048128342245989
0.27807486631016043
0.32085561497326204
Time List:
0.00014090538024902344
0.00014019012451171875
0.00013828277587890625
0.00013494491577148438
0.00013899803161621094
0.00013494491577148438
0.00013589859008789062
0.00013685226440429688
0.0001468658447265625
0.00014019012451171875
0.00015306472778320312
0.00013589859008789062
0.00013589859008789062
0.00013589859008789062
0.00013709068298339844
0.0001347064971923828
0.00013589859008789062
0.00013589859008789062
0.00013589859008789062
0.00013685226440429688
0.00013589859008789062
0.00013399124145507812
0.00013589859008789062
0.00013589859008789062
0.0001399517059326172
0.00013518333435058594
0.00013589859008789062
0.00014328956604003906
0.00013494491577148438
0.00013589859008789062
