Fault List:
12
10
13
15
18
12
13
13
7
9
12
12
14
11
13
16
12
10
15
17
14
12
10
13
11
15
9
19
14
9
FDR List:
0.12
0.1
0.13
0.15
0.18
0.12
0.13
0.13
0.07
0.09
0.12
0.12
0.14
0.11
0.13
0.16
0.12
0.1
0.15
0.17
0.14
0.12
0.1
0.13
0.11
0.15
0.09
0.19
0.14
0.09
Time List:
0.00012803077697753906
6.604194641113281e-05
6.604194641113281e-05
6.29425048828125e-05
6.198883056640625e-05
6.4849853515625e-05
0.0001010894775390625
0.00011801719665527344
8.7738037109375e-05
8.392333984375e-05
8.082389831542969e-05
7.295608520507812e-05
7.891654968261719e-05
0.00010180473327636719
7.677078247070312e-05
7.605552673339844e-05
8.392333984375e-05
6.67572021484375e-05
6.461143493652344e-05
6.413459777832031e-05
6.103515625e-05
6.413459777832031e-05
6.175041198730469e-05
6.914138793945312e-05
6.222724914550781e-05
7.605552673339844e-05
6.29425048828125e-05
6.222724914550781e-05
6.29425048828125e-05
6.198883056640625e-05
