Fault List:
47
26
29
34
43
36
30
31
34
34
36
41
21
35
26
37
33
39
31
35
34
38
25
28
32
38
36
31
35
35
FDR List:
0.2640449438202247
0.14606741573033707
0.16292134831460675
0.19101123595505617
0.24157303370786518
0.20224719101123595
0.16853932584269662
0.17415730337078653
0.19101123595505617
0.19101123595505617
0.20224719101123595
0.2303370786516854
0.11797752808988764
0.19662921348314608
0.14606741573033707
0.20786516853932585
0.1853932584269663
0.21910112359550563
0.17415730337078653
0.19662921348314608
0.19101123595505617
0.21348314606741572
0.1404494382022472
0.15730337078651685
0.1797752808988764
0.21348314606741572
0.20224719101123595
0.17415730337078653
0.19662921348314608
0.19662921348314608
Time List:
0.00011610984802246094
0.00010132789611816406
0.00010919570922851562
9.799003601074219e-05
0.00010085105895996094
9.703636169433594e-05
9.703636169433594e-05
0.00010013580322265625
0.00010085105895996094
9.989738464355469e-05
0.000102996826171875
0.00010085105895996094
0.00011086463928222656
9.894371032714844e-05
0.00011897087097167969
0.0001430511474609375
0.00010228157043457031
0.00011897087097167969
0.00011396408081054688
9.989738464355469e-05
9.703636169433594e-05
9.894371032714844e-05
9.799003601074219e-05
9.870529174804688e-05
0.00010204315185546875
0.00010085105895996094
9.703636169433594e-05
9.799003601074219e-05
0.00010180473327636719
9.799003601074219e-05
