Fault List:
43
42
39
38
34
31
45
38
46
38
41
44
32
38
41
47
49
39
37
45
42
36
46
42
43
44
34
40
46
45
FDR List:
0.22994652406417113
0.22459893048128343
0.20855614973262032
0.20320855614973263
0.18181818181818182
0.1657754010695187
0.24064171122994651
0.20320855614973263
0.24598930481283424
0.20320855614973263
0.2192513368983957
0.23529411764705882
0.1711229946524064
0.20320855614973263
0.2192513368983957
0.25133689839572193
0.2620320855614973
0.20855614973262032
0.19786096256684493
0.24064171122994651
0.22459893048128343
0.1925133689839572
0.24598930481283424
0.22459893048128343
0.22994652406417113
0.23529411764705882
0.18181818181818182
0.21390374331550802
0.24598930481283424
0.24064171122994651
Time List:
0.0001049041748046875
9.894371032714844e-05
9.799003601074219e-05
9.799003601074219e-05
9.822845458984375e-05
9.608268737792969e-05
9.703636169433594e-05
0.00010704994201660156
9.822845458984375e-05
9.799003601074219e-05
9.584426879882812e-05
9.918212890625e-05
9.489059448242188e-05
0.00010013580322265625
9.799003601074219e-05
0.00010180473327636719
9.608268737792969e-05
9.799003601074219e-05
9.608268737792969e-05
9.822845458984375e-05
9.822845458984375e-05
9.679794311523438e-05
9.703636169433594e-05
9.489059448242188e-05
9.703636169433594e-05
0.0001010894775390625
9.822845458984375e-05
9.703636169433594e-05
9.489059448242188e-05
9.584426879882812e-05
