Fault List:
15
11
21
16
13
21
12
14
17
18
8
14
10
14
14
17
17
12
13
19
10
14
16
17
15
11
13
12
10
16
FDR List:
0.15
0.11
0.21
0.16
0.13
0.21
0.12
0.14
0.17
0.18
0.08
0.14
0.1
0.14
0.14
0.17
0.17
0.12
0.13
0.19
0.1
0.14
0.16
0.17
0.15
0.11
0.13
0.12
0.1
0.16
Time List:
0.00012922286987304688
7.390975952148438e-05
6.699562072753906e-05
6.771087646484375e-05
6.29425048828125e-05
6.29425048828125e-05
6.198883056640625e-05
6.914138793945312e-05
6.222724914550781e-05
6.699562072753906e-05
6.103515625e-05
6.29425048828125e-05
6.29425048828125e-05
6.222724914550781e-05
6.103515625e-05
7.700920104980469e-05
6.413459777832031e-05
6.29425048828125e-05
6.508827209472656e-05
6.29425048828125e-05
6.175041198730469e-05
6.198883056640625e-05
6.103515625e-05
6.079673767089844e-05
6.580352783203125e-05
6.103515625e-05
6.508827209472656e-05
6.175041198730469e-05
6.103515625e-05
6.198883056640625e-05
