Fault List:
48
45
48
50
50
45
52
37
42
51
50
46
47
50
47
53
51
39
45
43
49
50
45
45
52
45
54
47
45
58
FDR List:
0.2696629213483146
0.25280898876404495
0.2696629213483146
0.2808988764044944
0.2808988764044944
0.25280898876404495
0.29213483146067415
0.20786516853932585
0.23595505617977527
0.28651685393258425
0.2808988764044944
0.25842696629213485
0.2640449438202247
0.2808988764044944
0.2640449438202247
0.29775280898876405
0.28651685393258425
0.21910112359550563
0.25280898876404495
0.24157303370786518
0.2752808988764045
0.2808988764044944
0.25280898876404495
0.25280898876404495
0.29213483146067415
0.25280898876404495
0.30337078651685395
0.2640449438202247
0.25280898876404495
0.3258426966292135
Time List:
0.0001499652862548828
0.0001430511474609375
0.0001499652862548828
0.00015473365783691406
0.0001468658447265625
0.00014472007751464844
0.00014472007751464844
0.0001361370086669922
0.00014495849609375
0.00016021728515625
0.0001499652862548828
0.00015401840209960938
0.0001380443572998047
0.0001430511474609375
0.0001399517059326172
0.00013685226440429688
0.00016307830810546875
0.0001621246337890625
0.0001347064971923828
0.00013780593872070312
0.00014019012451171875
0.00013589859008789062
0.00015115737915039062
0.00013899803161621094
0.00013709068298339844
0.00013685226440429688
0.0001430511474609375
0.0001373291015625
0.0001518726348876953
0.0001399517059326172
