Fault List:
9
11
7
5
14
9
8
10
14
7
7
9
9
12
5
11
12
7
13
7
16
9
13
11
10
15
10
12
8
6
FDR List:
0.09
0.11
0.07
0.05
0.14
0.09
0.08
0.1
0.14
0.07
0.07
0.09
0.09
0.12
0.05
0.11
0.12
0.07
0.13
0.07
0.16
0.09
0.13
0.11
0.1
0.15
0.1
0.12
0.08
0.06
Time List:
9.512901306152344e-05
6.914138793945312e-05
6.413459777832031e-05
6.29425048828125e-05
6.198883056640625e-05
6.604194641113281e-05
7.414817810058594e-05
6.818771362304688e-05
6.198883056640625e-05
6.198883056640625e-05
7.486343383789062e-05
6.175041198730469e-05
6.29425048828125e-05
6.580352783203125e-05
6.222724914550781e-05
6.103515625e-05
6.413459777832031e-05
6.079673767089844e-05
6.175041198730469e-05
6.198883056640625e-05
6.604194641113281e-05
6.198883056640625e-05
6.079673767089844e-05
6.604194641113281e-05
6.175041198730469e-05
6.198883056640625e-05
6.604194641113281e-05
6.604194641113281e-05
7.081031799316406e-05
8.0108642578125e-05
