Fault List:
35
40
47
46
35
35
31
42
29
35
35
34
33
31
36
34
36
29
40
33
38
36
33
31
44
34
34
38
33
41
FDR List:
0.24647887323943662
0.28169014084507044
0.33098591549295775
0.323943661971831
0.24647887323943662
0.24647887323943662
0.21830985915492956
0.29577464788732394
0.20422535211267606
0.24647887323943662
0.24647887323943662
0.23943661971830985
0.2323943661971831
0.21830985915492956
0.2535211267605634
0.23943661971830985
0.2535211267605634
0.20422535211267606
0.28169014084507044
0.2323943661971831
0.2676056338028169
0.2535211267605634
0.2323943661971831
0.21830985915492956
0.30985915492957744
0.23943661971830985
0.23943661971830985
0.2676056338028169
0.2323943661971831
0.2887323943661972
Time List:
0.00014472007751464844
0.0001468658447265625
0.0001430511474609375
0.00015211105346679688
0.00013709068298339844
0.00014090538024902344
0.00013589859008789062
0.00013780593872070312
0.00013685226440429688
0.00013589859008789062
0.000141143798828125
0.00016999244689941406
0.00015211105346679688
0.00014400482177734375
0.0001399517059326172
0.0001437664031982422
0.00015807151794433594
0.0001361370086669922
0.00014209747314453125
0.00013899803161621094
0.00014781951904296875
0.00014066696166992188
0.00013899803161621094
0.00014495849609375
0.00013685226440429688
0.0001468658447265625
0.00013899803161621094
0.00013709068298339844
0.00013709068298339844
0.00013589859008789062
