Fault List:
24
22
24
28
27
25
29
15
27
21
23
21
19
29
26
21
26
20
33
28
24
24
32
24
26
29
28
23
35
25
FDR List:
0.16901408450704225
0.15492957746478872
0.16901408450704225
0.19718309859154928
0.19014084507042253
0.176056338028169
0.20422535211267606
0.1056338028169014
0.19014084507042253
0.14788732394366197
0.1619718309859155
0.14788732394366197
0.13380281690140844
0.20422535211267606
0.18309859154929578
0.14788732394366197
0.18309859154929578
0.14084507042253522
0.2323943661971831
0.19718309859154928
0.16901408450704225
0.16901408450704225
0.22535211267605634
0.16901408450704225
0.18309859154929578
0.20422535211267606
0.19718309859154928
0.1619718309859155
0.24647887323943662
0.176056338028169
Time List:
0.00010609626770019531
9.799003601074219e-05
9.608268737792969e-05
9.894371032714844e-05
0.00011587142944335938
0.00010800361633300781
9.799003601074219e-05
0.00014734268188476562
0.0001049041748046875
0.0001270771026611328
0.00012421607971191406
0.00013589859008789062
0.00011777877807617188
0.00010514259338378906
0.00010991096496582031
0.00010395050048828125
0.00011205673217773438
0.00010228157043457031
0.000102996826171875
9.799003601074219e-05
9.822845458984375e-05
0.000102996826171875
9.799003601074219e-05
9.822845458984375e-05
9.703636169433594e-05
0.00010085105895996094
0.0001010894775390625
9.870529174804688e-05
9.703636169433594e-05
0.000102996826171875
