Fault List:
31
32
31
26
27
38
41
35
39
38
40
29
29
41
36
27
33
28
25
38
26
28
41
42
30
34
29
33
28
34
FDR List:
0.10333333333333333
0.10666666666666667
0.10333333333333333
0.08666666666666667
0.09
0.12666666666666668
0.13666666666666666
0.11666666666666667
0.13
0.12666666666666668
0.13333333333333333
0.09666666666666666
0.09666666666666666
0.13666666666666666
0.12
0.09
0.11
0.09333333333333334
0.08333333333333333
0.12666666666666668
0.08666666666666667
0.09333333333333334
0.13666666666666666
0.14
0.1
0.11333333333333333
0.09666666666666666
0.11
0.09333333333333334
0.11333333333333333
Time List:
0.00416111946105957
0.00019097328186035156
0.0001838207244873047
0.0005397796630859375
0.00018405914306640625
0.00015997886657714844
0.00016880035400390625
0.0001881122589111328
0.000209808349609375
0.00016498565673828125
0.00017380714416503906
0.00015497207641601562
0.00015497207641601562
0.0001609325408935547
0.00018286705017089844
0.00024819374084472656
0.0005221366882324219
0.00019884109497070312
0.00018906593322753906
0.0001900196075439453
0.0001881122589111328
0.00019693374633789062
0.00019097328186035156
0.00019097328186035156
0.00019097328186035156
0.00019478797912597656
0.0001862049102783203
0.00018787384033203125
0.0001709461212158203
0.00017976760864257812
