Fault List:
47
53
53
49
54
44
53
35
54
56
49
39
53
49
52
67
51
58
52
42
48
47
65
46
44
44
49
49
53
45
FDR List:
0.094
0.106
0.106
0.098
0.108
0.088
0.106
0.07
0.108
0.112
0.098
0.078
0.106
0.098
0.104
0.134
0.102
0.116
0.104
0.084
0.096
0.094
0.13
0.092
0.088
0.088
0.098
0.098
0.106
0.09
Time List:
0.0002319812774658203
0.00020694732666015625
0.00020503997802734375
0.0002129077911376953
0.00021123886108398438
0.00020194053649902344
0.00024700164794921875
0.00019121170043945312
0.00021195411682128906
0.0001990795135498047
0.00019598007202148438
0.00024008750915527344
0.00020694732666015625
0.0002002716064453125
0.000186920166015625
0.0002028942108154297
0.00022172927856445312
0.0002319812774658203
0.0001971721649169922
0.00018405914306640625
0.0001838207244873047
0.00018286705017089844
0.0001819133758544922
0.00018477439880371094
0.00018215179443359375
0.00020003318786621094
0.00020885467529296875
0.0002028942108154297
0.00021505355834960938
0.0002918243408203125
