Fault List:
12
9
14
11
12
12
12
11
9
17
8
7
16
6
13
11
9
12
12
8
18
16
6
14
9
12
17
12
10
12
FDR List:
0.12
0.09
0.14
0.11
0.12
0.12
0.12
0.11
0.09
0.17
0.08
0.07
0.16
0.06
0.13
0.11
0.09
0.12
0.12
0.08
0.18
0.16
0.06
0.14
0.09
0.12
0.17
0.12
0.1
0.12
Time List:
0.0034897327423095703
0.00013113021850585938
0.0004420280456542969
0.0005269050598144531
0.00013709068298339844
0.0001647472381591797
0.00012493133544921875
0.0001342296600341797
0.00013208389282226562
0.00013303756713867188
0.0001239776611328125
0.00012993812561035156
0.00042629241943359375
0.0001270771026611328
0.00013184547424316406
0.00011992454528808594
0.00012421607971191406
0.000125885009765625
0.00011992454528808594
0.00012111663818359375
0.0001227855682373047
0.00012803077697753906
0.00013113021850585938
0.00013375282287597656
0.00014090538024902344
0.00013899803161621094
0.00012493133544921875
0.00013303756713867188
0.00013709068298339844
0.00013113021850585938
