Fault List:
48
54
48
42
50
51
50
48
53
51
52
45
46
51
46
53
51
45
45
38
56
44
46
48
51
46
44
41
39
51
FDR List:
0.35036496350364965
0.39416058394160586
0.35036496350364965
0.30656934306569344
0.36496350364963503
0.3722627737226277
0.36496350364963503
0.35036496350364965
0.38686131386861317
0.3722627737226277
0.3795620437956204
0.3284671532846715
0.3357664233576642
0.3722627737226277
0.3357664233576642
0.38686131386861317
0.3722627737226277
0.3284671532846715
0.3284671532846715
0.2773722627737226
0.40875912408759124
0.32116788321167883
0.3357664233576642
0.35036496350364965
0.3722627737226277
0.3357664233576642
0.32116788321167883
0.29927007299270075
0.2846715328467153
0.3722627737226277
Time List:
0.0001571178436279297
0.00013899803161621094
0.000148773193359375
0.00013685226440429688
0.00014591217041015625
0.00013971328735351562
0.00013899803161621094
0.00013589859008789062
0.00015687942504882812
0.0001678466796875
0.0001590251922607422
0.0001430511474609375
0.00015115737915039062
0.00013709068298339844
0.0001399517059326172
0.000141143798828125
0.00014901161193847656
0.00018668174743652344
0.0001468658447265625
0.00015807151794433594
0.00015592575073242188
0.00015687942504882812
0.0001537799835205078
0.0001499652862548828
0.00014209747314453125
0.00014591217041015625
0.00014209747314453125
0.000141143798828125
0.00014710426330566406
0.00013899803161621094
