Fault List:
8
11
15
8
11
10
11
9
6
11
4
12
5
10
8
11
7
9
10
11
5
8
12
6
8
13
14
7
6
14
FDR List:
0.09411764705882353
0.12941176470588237
0.17647058823529413
0.09411764705882353
0.12941176470588237
0.11764705882352941
0.12941176470588237
0.10588235294117647
0.07058823529411765
0.12941176470588237
0.047058823529411764
0.1411764705882353
0.058823529411764705
0.11764705882352941
0.09411764705882353
0.12941176470588237
0.08235294117647059
0.10588235294117647
0.11764705882352941
0.12941176470588237
0.058823529411764705
0.09411764705882353
0.1411764705882353
0.07058823529411765
0.09411764705882353
0.15294117647058825
0.16470588235294117
0.08235294117647059
0.07058823529411765
0.16470588235294117
Time List:
0.00013017654418945312
6.413459777832031e-05
6.413459777832031e-05
6.890296936035156e-05
6.222724914550781e-05
6.222724914550781e-05
6.222724914550781e-05
6.127357482910156e-05
6.198883056640625e-05
6.175041198730469e-05
7.390975952148438e-05
6.222724914550781e-05
6.699562072753906e-05
6.985664367675781e-05
6.604194641113281e-05
6.198883056640625e-05
6.127357482910156e-05
6.222724914550781e-05
6.008148193359375e-05
6.198883056640625e-05
6.103515625e-05
6.175041198730469e-05
6.103515625e-05
6.29425048828125e-05
6.103515625e-05
6.198883056640625e-05
6.079673767089844e-05
6.29425048828125e-05
6.580352783203125e-05
6.103515625e-05
