Fault List:
35
30
26
35
38
33
30
29
32
31
33
34
33
28
33
29
32
31
33
34
30
29
30
35
34
31
35
32
33
32
FDR List:
0.4117647058823529
0.35294117647058826
0.3058823529411765
0.4117647058823529
0.4470588235294118
0.38823529411764707
0.35294117647058826
0.3411764705882353
0.3764705882352941
0.36470588235294116
0.38823529411764707
0.4
0.38823529411764707
0.32941176470588235
0.38823529411764707
0.3411764705882353
0.3764705882352941
0.36470588235294116
0.38823529411764707
0.4
0.35294117647058826
0.3411764705882353
0.35294117647058826
0.4117647058823529
0.4
0.36470588235294116
0.4117647058823529
0.3764705882352941
0.38823529411764707
0.3764705882352941
Time List:
0.0001506805419921875
0.0001628398895263672
0.0001418590545654297
0.00014710426330566406
0.000141143798828125
0.00014781951904296875
0.00016927719116210938
0.00014519691467285156
0.0001678466796875
0.00014495849609375
0.00014090538024902344
0.00015783309936523438
0.0001430511474609375
0.00013899803161621094
0.00014090538024902344
0.00013899803161621094
0.000141143798828125
0.0001380443572998047
0.00013899803161621094
0.00013899803161621094
0.0001361370086669922
0.00014019012451171875
0.0001361370086669922
0.0001347064971923828
0.0001361370086669922
0.00013709068298339844
0.00013589859008789062
0.0001361370086669922
0.00013589859008789062
0.00013303756713867188
