Fault List:
8
10
14
13
15
13
8
13
17
12
14
14
12
18
13
13
11
13
11
14
10
13
10
10
7
20
17
13
12
17
FDR List:
0.08
0.1
0.14
0.13
0.15
0.13
0.08
0.13
0.17
0.12
0.14
0.14
0.12
0.18
0.13
0.13
0.11
0.13
0.11
0.14
0.1
0.13
0.1
0.1
0.07
0.2
0.17
0.13
0.12
0.17
Time List:
0.00012302398681640625
7.987022399902344e-05
6.723403930664062e-05
8.821487426757812e-05
8.082389831542969e-05
6.67572021484375e-05
7.677078247070312e-05
6.794929504394531e-05
8.177757263183594e-05
6.818771362304688e-05
6.604194641113281e-05
6.985664367675781e-05
6.508827209472656e-05
6.198883056640625e-05
6.29425048828125e-05
6.29425048828125e-05
7.295608520507812e-05
6.508827209472656e-05
6.198883056640625e-05
7.009506225585938e-05
6.318092346191406e-05
6.771087646484375e-05
6.508827209472656e-05
6.198883056640625e-05
6.508827209472656e-05
6.604194641113281e-05
6.29425048828125e-05
6.413459777832031e-05
6.389617919921875e-05
6.198883056640625e-05
