Fault List:
24
23
24
22
27
21
22
18
22
24
23
24
21
25
18
21
22
25
19
28
21
20
28
20
26
24
22
18
21
20
FDR List:
0.2823529411764706
0.27058823529411763
0.2823529411764706
0.25882352941176473
0.3176470588235294
0.24705882352941178
0.25882352941176473
0.21176470588235294
0.25882352941176473
0.2823529411764706
0.27058823529411763
0.2823529411764706
0.24705882352941178
0.29411764705882354
0.21176470588235294
0.24705882352941178
0.25882352941176473
0.29411764705882354
0.2235294117647059
0.32941176470588235
0.24705882352941178
0.23529411764705882
0.32941176470588235
0.23529411764705882
0.3058823529411765
0.2823529411764706
0.25882352941176473
0.21176470588235294
0.24705882352941178
0.23529411764705882
Time List:
0.00010228157043457031
9.703636169433594e-05
0.00010085105895996094
9.584426879882812e-05
9.584426879882812e-05
9.679794311523438e-05
9.703636169433594e-05
9.703636169433594e-05
9.870529174804688e-05
0.00010395050048828125
9.608268737792969e-05
9.918212890625e-05
9.489059448242188e-05
9.799003601074219e-05
9.703636169433594e-05
9.822845458984375e-05
9.703636169433594e-05
9.703636169433594e-05
9.703636169433594e-05
9.703636169433594e-05
0.00013113021850585938
0.00013494491577148438
0.00010704994201660156
0.0001049041748046875
0.00010323524475097656
0.00010395050048828125
9.918212890625e-05
0.00012087821960449219
0.00011897087097167969
0.00012421607971191406
