Fault List:
32
33
27
32
32
28
27
35
33
38
29
39
27
32
29
40
25
38
27
37
29
39
38
41
26
31
34
30
27
29
FDR List:
0.23357664233576642
0.24087591240875914
0.19708029197080293
0.23357664233576642
0.23357664233576642
0.20437956204379562
0.19708029197080293
0.25547445255474455
0.24087591240875914
0.2773722627737226
0.2116788321167883
0.2846715328467153
0.19708029197080293
0.23357664233576642
0.2116788321167883
0.291970802919708
0.18248175182481752
0.2773722627737226
0.19708029197080293
0.27007299270072993
0.2116788321167883
0.2846715328467153
0.2773722627737226
0.29927007299270075
0.1897810218978102
0.22627737226277372
0.24817518248175183
0.21897810218978103
0.19708029197080293
0.2116788321167883
Time List:
0.00010275840759277344
0.00010538101196289062
0.00010228157043457031
0.00010609626770019531
0.00010013580322265625
9.799003601074219e-05
0.000102996826171875
9.799003601074219e-05
9.822845458984375e-05
0.00010514259338378906
9.703636169433594e-05
0.0001049041748046875
0.00011110305786132812
0.00012922286987304688
0.00011110305786132812
0.00010395050048828125
9.989738464355469e-05
9.799003601074219e-05
9.894371032714844e-05
0.00010085105895996094
0.00010204315185546875
0.00011181831359863281
0.0001590251922607422
0.00010895729064941406
0.00011801719665527344
0.00010919570922851562
0.00011706352233886719
0.00011205673217773438
0.00010919570922851562
0.00011587142944335938
