Fault List:
27
18
31
24
31
16
23
24
26
32
28
26
28
25
26
25
30
36
27
24
26
26
21
24
25
24
14
27
24
22
FDR List:
0.18243243243243243
0.12162162162162163
0.20945945945945946
0.16216216216216217
0.20945945945945946
0.10810810810810811
0.1554054054054054
0.16216216216216217
0.17567567567567569
0.21621621621621623
0.1891891891891892
0.17567567567567569
0.1891891891891892
0.16891891891891891
0.17567567567567569
0.16891891891891891
0.20270270270270271
0.24324324324324326
0.18243243243243243
0.16216216216216217
0.17567567567567569
0.17567567567567569
0.14189189189189189
0.16216216216216217
0.16891891891891891
0.16216216216216217
0.0945945945945946
0.18243243243243243
0.16216216216216217
0.14864864864864866
Time List:
0.00015592575073242188
0.00015473365783691406
0.00015282630920410156
0.0001499652862548828
0.0001518726348876953
0.00015091896057128906
0.00015115737915039062
0.00016427040100097656
0.00015425682067871094
0.00015306472778320312
0.00015163421630859375
0.00015425682067871094
0.0001919269561767578
0.0001800060272216797
0.0001556873321533203
0.00015616416931152344
0.00015211105346679688
0.00015997886657714844
0.00015473365783691406
0.00015020370483398438
0.00015211105346679688
0.00015115737915039062
0.00015425682067871094
0.00015401840209960938
0.00015091896057128906
0.0001819133758544922
0.000171661376953125
0.00019502639770507812
0.0001652240753173828
0.0001499652862548828
