Fault List:
35
45
36
44
34
33
41
42
33
34
36
40
36
40
39
38
41
43
38
33
43
33
39
37
36
34
40
42
41
42
FDR List:
0.23648648648648649
0.30405405405405406
0.24324324324324326
0.2972972972972973
0.22972972972972974
0.22297297297297297
0.27702702702702703
0.28378378378378377
0.22297297297297297
0.22972972972972974
0.24324324324324326
0.2702702702702703
0.24324324324324326
0.2702702702702703
0.2635135135135135
0.25675675675675674
0.27702702702702703
0.2905405405405405
0.25675675675675674
0.22297297297297297
0.2905405405405405
0.22297297297297297
0.2635135135135135
0.25
0.24324324324324326
0.22972972972972974
0.2702702702702703
0.28378378378378377
0.27702702702702703
0.28378378378378377
Time List:
0.00019598007202148438
0.00019288063049316406
0.00021910667419433594
0.0001926422119140625
0.00019478797912597656
0.000186920166015625
0.000186920166015625
0.000186920166015625
0.0001919269561767578
0.00018930435180664062
0.00021600723266601562
0.00018906593322753906
0.000202178955078125
0.0002148151397705078
0.00022983551025390625
0.00019621849060058594
0.00020503997802734375
0.00019097328186035156
0.00018906593322753906
0.00019097328186035156
0.00018906593322753906
0.00018906593322753906
0.00019311904907226562
0.000186920166015625
0.0002181529998779297
0.0001938343048095703
0.00019669532775878906
0.0001881122589111328
0.000186920166015625
0.00018835067749023438
