Fault List:
8
11
10
8
8
11
12
11
14
8
12
6
15
8
9
8
16
12
7
11
7
10
11
10
6
10
11
8
10
6
FDR List:
0.08
0.11
0.1
0.08
0.08
0.11
0.12
0.11
0.14
0.08
0.12
0.06
0.15
0.08
0.09
0.08
0.16
0.12
0.07
0.11
0.07
0.1
0.11
0.1
0.06
0.1
0.11
0.08
0.1
0.06
Time List:
0.00017523765563964844
0.00016379356384277344
0.00013017654418945312
0.00012803077697753906
0.00013518333435058594
0.0001201629638671875
0.00012111663818359375
0.00012183189392089844
0.00011992454528808594
0.0001270771026611328
0.00011920928955078125
0.00011992454528808594
0.0001232624053955078
0.0001220703125
0.00011897087097167969
0.00012493133544921875
0.0001232624053955078
0.0001239776611328125
0.00011992454528808594
0.0001201629638671875
0.0001220703125
0.0001342296600341797
0.0001239776611328125
0.00014281272888183594
0.00012612342834472656
0.00011992454528808594
0.00012111663818359375
0.00012063980102539062
0.00012302398681640625
0.00012683868408203125
