Fault List:
4
7
8
13
11
8
14
12
8
15
12
7
11
9
11
11
7
14
10
6
11
15
13
10
8
11
7
8
10
8
FDR List:
0.043478260869565216
0.07608695652173914
0.08695652173913043
0.14130434782608695
0.11956521739130435
0.08695652173913043
0.15217391304347827
0.13043478260869565
0.08695652173913043
0.16304347826086957
0.13043478260869565
0.07608695652173914
0.11956521739130435
0.09782608695652174
0.11956521739130435
0.11956521739130435
0.07608695652173914
0.15217391304347827
0.10869565217391304
0.06521739130434782
0.11956521739130435
0.16304347826086957
0.14130434782608695
0.10869565217391304
0.08695652173913043
0.11956521739130435
0.07608695652173914
0.08695652173913043
0.10869565217391304
0.08695652173913043
Time List:
0.0010640621185302734
8.988380432128906e-05
8.606910705566406e-05
0.00010800361633300781
0.00012612342834472656
8.988380432128906e-05
8.416175842285156e-05
8.511543273925781e-05
8.0108642578125e-05
7.867813110351562e-05
9.703636169433594e-05
8.797645568847656e-05
8.96453857421875e-05
7.915496826171875e-05
7.772445678710938e-05
9.393692016601562e-05
7.605552673339844e-05
7.700920104980469e-05
7.390975952148438e-05
7.033348083496094e-05
7.319450378417969e-05
7.295608520507812e-05
7.224082946777344e-05
0.00037288665771484375
7.891654968261719e-05
7.200241088867188e-05
6.818771362304688e-05
6.985664367675781e-05
6.604194641113281e-05
6.67572021484375e-05
