Fault List:
26
21
23
24
27
24
29
22
26
31
31
25
26
21
20
24
20
29
24
28
22
29
27
31
23
28
20
25
29
25
FDR List:
0.2826086956521739
0.22826086956521738
0.25
0.2608695652173913
0.29347826086956524
0.2608695652173913
0.31521739130434784
0.2391304347826087
0.2826086956521739
0.33695652173913043
0.33695652173913043
0.2717391304347826
0.2826086956521739
0.22826086956521738
0.21739130434782608
0.2608695652173913
0.21739130434782608
0.31521739130434784
0.2608695652173913
0.30434782608695654
0.2391304347826087
0.31521739130434784
0.29347826086956524
0.33695652173913043
0.25
0.30434782608695654
0.21739130434782608
0.2717391304347826
0.31521739130434784
0.2717391304347826
Time List:
0.0001308917999267578
0.0001220703125
0.00011396408081054688
0.000141143798828125
0.00018906593322753906
0.00010991096496582031
0.00013113021850585938
0.00011301040649414062
0.00010919570922851562
0.00012493133544921875
0.00010371208190917969
0.00011777877807617188
0.00011897087097167969
0.00010800361633300781
0.00014972686767578125
0.0001251697540283203
0.00011181831359863281
0.00010800361633300781
0.00014734268188476562
0.00011491775512695312
0.00011324882507324219
0.00012421607971191406
0.00010800361633300781
0.00010919570922851562
0.00010776519775390625
0.0001239776611328125
0.00012683868408203125
0.00011539459228515625
0.00010991096496582031
0.00011420249938964844
