Fault List:
38
41
44
41
39
40
37
29
43
39
42
40
28
42
34
41
44
28
35
36
40
38
33
27
43
34
35
35
41
40
FDR List:
0.41304347826086957
0.44565217391304346
0.4782608695652174
0.44565217391304346
0.42391304347826086
0.43478260869565216
0.40217391304347827
0.31521739130434784
0.4673913043478261
0.42391304347826086
0.45652173913043476
0.43478260869565216
0.30434782608695654
0.45652173913043476
0.3695652173913043
0.44565217391304346
0.4782608695652174
0.30434782608695654
0.3804347826086957
0.391304347826087
0.43478260869565216
0.41304347826086957
0.358695652173913
0.29347826086956524
0.4673913043478261
0.3695652173913043
0.3804347826086957
0.3804347826086957
0.44565217391304346
0.43478260869565216
Time List:
0.0001571178436279297
0.0006337165832519531
0.00015807151794433594
0.00015687942504882812
0.0001590251922607422
0.00016164779663085938
0.0001659393310546875
0.00017213821411132812
0.00015091896057128906
0.00015807151794433594
0.0001442432403564453
0.0001399517059326172
0.00015401840209960938
0.0001671314239501953
0.00014710426330566406
0.00047278404235839844
0.0001499652862548828
0.00015115737915039062
0.0001652240753173828
0.0001690387725830078
0.0001671314239501953
0.00014495849609375
0.00015592575073242188
0.00016880035400390625
0.00017189979553222656
0.00016617774963378906
0.00015997886657714844
0.0001480579376220703
0.0001571178436279297
0.00017595291137695312
