Fault List:
50
45
55
58
57
52
51
62
55
53
38
59
53
54
54
54
49
50
51
51
54
59
54
49
51
57
52
54
54
50
FDR List:
0.5
0.45
0.55
0.58
0.57
0.52
0.51
0.62
0.55
0.53
0.38
0.59
0.53
0.54
0.54
0.54
0.49
0.5
0.51
0.51
0.54
0.59
0.54
0.49
0.51
0.57
0.52
0.54
0.54
0.5
Time List:
71.57324814796448
72.78580522537231
71.69618916511536
72.28959584236145
72.52601027488708
71.90537595748901
75.42178678512573
78.10527205467224
78.28215217590332
77.26656198501587
79.3015148639679
78.04828810691833
77.87095499038696
80.12396001815796
78.72640609741211
79.81288695335388
77.3317940235138
77.7494728565216
77.26409006118774
77.11025595664978
77.61007308959961
75.98706912994385
77.02602219581604
75.68071579933167
76.52306985855103
78.79809093475342
77.18276596069336
77.83855295181274
75.98526525497437
77.404944896698
Subset List:
[725 3171 1721 6839 6719 2650 266 9471 8267 4210 5088 9926 434 3779 1895
 5900 8102 7044 9735 9923 4823 6739 3218 8314 9302 5582 1527 8666 3321
 1858 7717 3297 376 3806 9230 6854 1304 3320 7609 8632 1898 9369 7107 7449
 8254 7958 6598 9622 9294 6912 2270 3905 254 4749 6014 5056 6985 303 2331
 2829 8972 5607 8524 637 6160 9191 2987 6670 5837 6958 6715 5052 7959 6842
 357 1094 5871 1813 3840 1470 5074 9237 1673 3459 5151 1871 1741 4281 9563
 3901 4398 4986 2774 4820 9704 6872 8809 4740 7841 6429]
[8972 3683 6160 4606 5052 5297 463 1924 1094 3752 3956 3363 1813 8586 4354
 4312 4833 5074 966 866 6162 689 8363 1741 9563 1884 2774 4820 727 9704
 7744 9933 4559 2386 3349 1983 338 5578 7989 943 3741 2273 1693 8420 3761
 7318 1251 6821 3301 3171 1721 6719 4210 9385 5088 8357 434 3779 1895 8102
 7044 6466 9676 8722 6739 3218 5700 9528 5582 796 1527 8666 7717 3297 376
 8616 6970 3806 6854 9801 9160 1304 3320 7609 8632 3789 9839 9369 9246
 5206 7107 7449 2120 8254 7958 6912 4906 5154 2270 254]
[9735 9230 8722 7186 4632 5151 5154 1058 7723 4140 6705 6715 8254 5700
 2120 9801 9302 5206 2650 5730 3171 2151 4210 8314 637 8840 3218 5273 8357
 3752 9385 8872 5297 6839 1721 3779 9923 9926 3789 725 4823 4312 3806 2783
 2270 3297 226 1251 4329 746 5871 3320 9471 6912 7941 266 8972 1297 1813
 792 1304 2331 4906 6958 1840 1858 8514 3400 866 357 1895 2416 376 4477
 4993 7044 1924 2955 2957 9107 3995 3489 3490 8102 426 434 7609 5056 7107
 6598 1479 9160 9676 8666 988 5084 9191 1527 2529 8541]
[3301 725 3171 6839 6719 2650 266 9471 4210 3980 5088 9926 3779 5900 8102
 7044 6466 9676 9735 9923 2783 4823 6739 6732 8314 5700 9302 5582 1527
 8666 3321 1858 2769 9059 2975 1304 3320 7609 9184 426 1479 3400 9823 9839
 4477 2416 5206 7107 2120 8254 7958 9622 474 7617 7723 5154 254 6138 195
 1605 4749 9441 5056 6195 303 5104 226 8972 3683 7569 5607 8524 2521 9191
 2987 8484 2940 5213 7150 6243 6958 6715 5052 8428 6422 3752 3214 4553
 1470 1019 1145 3327 1572 2923 7105 5461 3601 1886 994 6726]
[1721 6839 6719 5900 7044 4823 3218 5700 5582 7941 7248 8666 1858 9059
 3806 9230 1898 3400 9823 7449 2120 7958 8840 9294 6912 3905 254 195 1605
 6195 2829 8972 3683 563 7569 6160 2987 6670 8657 6958 7959 2078 357 1924
 3752 5871 9753 1813 269 4993 6560 2161 1673 3459 9563 6729 6656 9704 8258
 8047 4985 1105 5207 8809 5211 4748 7989 7360 3741 1693 993 7952 1040 8420
 7750 6452 5833 8408 5342 367 8199 802 445 8275 5129 3587 6821 4282 7747
 4304 1049 7497 4391 7816 4894 59 9750 245 4735 9676]
[3171 6719 266 4210 9385 3980 9926 434 3779 1895 5900 8102 7044 792 9676
 9923 4823 6739 6732 8314 5956 5700 9528 5582 7941 7248 8666 1858 7717
 6970 2975 416 9230 9801 9160 1304 3320 9184 8632 1479 1898 7040 3789 9823
 4477 2151 2416 5206 7107 8254 6598 9622 9294 6912 7723 1605 2829 8972 563
 2521 2987 8657 6243 1823 8428 6703 7186 269 4993 5548 6560 4312 5074 6299
 70 3459 8363 1741 9563 2955 4986 5559 6190 598 9010 3242 818 1572 4985
 8644 6872 9949 3601 1886 5578 2722 2273 1040 8721 3416]
[9415 5084 4993 4354 866 4281 8514 9563 3901 1884 2023 6729 4605 8817 1019
 727 9010 8491 3327 4562 687 2386 3301 3171 1721 6839 6719 2650 266 8267
 5088 8357 3779 1895 7044 792 6466 9735 9923 2783 8722 4823 6739 6732 8314
 5700 9302 5582 2232 7941 796 1527 8811 3321 7717 3806 9230 6854 9801 1304
 9184 8632 426 5730 3789 3400 9839 9369 2151 9246 8254 9294 474 3905 6138
 6014 9441 755 5056 6985 303 2331 5104 8972 3683 5607 8524 2521 9191 2987
 6670 5213 7150 5837 6958 5052 8428 6703 5297 7489]
[725 3171 6839 6719 2650 9471 4210 3980 5088 9926 5900 7044 792 9676 9923
 4823 6732 3218 9528 5582 7941 8666 3321 1858 3297 376 988 2769 8616 6970
 2975 3806 6854 9801 3320 7609 8632 1898 7040 5730 3789 4477 2151 2416
 9246 5206 7449 2120 2383 8254 9294 6912 7617 4906 7723 5154 2270 3905
 6138 6014 6985 2331 2829 5607 9191 2987 2940 7150 5837 6958 6715 7959
 8428 7489 3489 3214 9415 4503 5074 1673 3439 9563 1019 2581 7318 1251
 3587 4085 5009 6821 5709 3440 7003 8177 6227 59 4682 5680 430 7011]
[3301 3171 6839 6719 2650 266 9471 4210 9385 5088 8357 3779 1895 5900 8102
 6705 792 6466 9676 1431 8722 4823 6739 6732 3218 8314 5956 5700 9528 5582
 7941 796 8666 1858 7717 3297 988 3806 9230 6854 9801 1898 3400 9823 9839
 4477 2416 5206 7107 7449 2120 8254 6912 195 1605 5056 6195 5607 9191 5213
 5837 6243 8428 7489 357 3752 5871 9415 1813 7186 4354 4312 6299 6162 5151
 3439 8363 1741 9563 3901 4398 2023 6729 4820 8817 6656 8491 3242 7744
 9933 4559 8047 687 3601 8809 994 7841 7989 943 6001]
[725 3171 1721 6719 266 9471 8267 4210 9385 3980 8357 1895 8102 7044 6466
 9923 2783 8722 4823 6732 3218 5700 9302 5582 2232 796 1527 8811 8666 3321
 1858 3297 988 2769 9059 2975 3806 416 6854 3320 7609 8632 1898 5730 3789
 3400 9823 9246 5206 8254 7958 9294 6912 4906 3905 1986 5197 6299 4820
 6190 598 4814 8644 3319 1105 3498 3601 6726 7989 9428 943 7360 6292 993
 7004 4951 1767 427 8774 2782 5129 607 8861 4282 5709 923 5116 913 8804
 4140 6439 86 1049 6387 4391 8014 4894 119 4981 8486]
[5837 5052 7959 8428 5871 3363 9415 5084 4354 6697 3459 8363 8514 9563
 4398 4826 6190 1885 4985 2386 2923 7105 3416 7989 2722 3442 6292 8219 547
 6774 445 8275 9652 4676 1251 3587 6543 1058 5709 3785 1049 4002 6227 9978
 2948 4391 7816 245 8886 6085 9393 1035 139 1862 1501 8944 5385 162 1088
 1612 2085 6344 1051 5682 8286 9656 7229 4139 4643 1909 4446 1747 769 1683
 9298 26 5093 6737 1610 8983 7011 2910 4357 8169 5224 3792 646 6503 3466
 4689 4633 4631 4587 4388 4297 4196 4052 3987 3504 871]
[725 3171 6719 2650 266 4210 3980 5088 434 5900 6705 7044 9735 2783 8722
 4823 6739 3218 8314 5700 9528 7941 796 1527 8666 7717 3297 376 2769 9059
 6970 2975 3806 9230 6380 1304 3320 9184 8632 1479 1898 7040 5730 3400
 9823 9839 4477 2416 5206 2120 2383 9622 8840 6912 474 5154 3905 6138 5056
 6195 2331 3683 5607 9191 2987 6670 5837 6715 4606 7959 9576 357 4291 6292
 7952 5987 5342 367 4951 8721 6008 2762 427 8275 9652 607 7318 1251 5009
 6821 8804 128 86 2300 5273 7242 6387 5030 7853 5187]
[725 3171 2650 266 9471 4210 9385 434 3779 1895 7044 792 6466 9676 9735
 9923 2783 1431 8722 3218 9302 7941 1527 8811 8666 1858 7717 3297 988 2769
 9059 3806 6854 9160 7609 1898 3789 9839 5206 7449 9622 9294 6912 9441 755
 303 8972 3683 7569 5607 6670 8657 6243 6715 4606 5052 2078 6083 6703 5297
 3489 9851 9237 866 1673 3459 8542 8363 1741 4281 9563 4820 8480 5559 1019
 1181 2981 8491 1450 9704 3312 687 8644 8809 3416 7989 2722 1693 6292 6774
 7004 367 3053 2581 607 1251 3587 1297 5009 6821]
[3301 3171 1721 6839 6719 2650 266 9385 3980 5088 434 8102 6705 9676 8722
 4823 6739 8314 5956 5700 9528 5582 2232 7941 7248 796 1527 8666 376 2769
 9059 6970 6854 1479 1898 7040 3789 3400 9823 9839 9246 5206 8254 8840
 6912 254 195 9441 5056 6985 6195 8972 563 5607 2521 9191 2940 7150 5837
 6958 6715 4606 7959 8428 6121 9576 6703 7489 357 1094 3752 3363 1813 4354
 7360 10 5709 3440 7003 1248 86 845 3785 1443 1049 7497 9563 3901 5274
 7323 3242 7744 818 8047 2386 2923 9949 9065 6726 1040]
[3301 725 6839 6719 2650 9385 5088 434 1895 5900 7044 6466 9735 9923 1431
 4823 3218 8314 5700 9302 9528 5582 7941 796 1527 8666 3321 1858 7717 3297
 2769 9059 3806 416 6854 6380 9160 1304 3320 9184 1479 1898 7040 3789 3400
 9823 2416 9246 5206 7107 2120 7958 9622 9294 6912 7723 3905 254 6138 8716
 6014 9441 5056 6985 303 226 2829 3683 563 7569 5607 9191 2987 8484 6243
 1823 463 3489 5871 9415 1813 8586 4993 4503 4354 6560 5197 2161 746 5151
 8542 8363 5172 606 727 7323 2981 818 320 3283]
[3301 3171 1721 6839 6719 2650 266 9471 8267 4210 9385 3980 5088 434 5900
 8102 6705 7044 792 6466 9735 2783 1431 4823 6732 3218 8314 5956 9302 5582
 7941 796 1527 8811 8666 3321 3297 988 2769 9059 3806 6854 6380 9160 1304
 3320 7609 8632 1898 7040 5730 3789 9839 9369 4477 2151 7107 7449 2383
 8254 7958 474 7723 5154 3905 6138 1605 8716 4749 6014 5056 6985 5104 226
 3683 5607 2521 6160 9191 6670 7150 5837 6715 4606 5052 7959 8428 9576
 7489 6842 1094 3214 5871 3956 2981 1251 3819 2854 6976 8962]
[8102 7044 6466 9676 9923 1431 4823 6732 9528 5582 1527 8666 1858 7717
 3297 2769 9059 8616 2975 3806 6854 9801 3320 7609 1898 7040 3789 3400
 9839 2416 9246 7107 8254 8840 7617 6138 1605 4749 6014 755 5056 6195 226
 8972 3683 5607 637 6160 8484 2940 6715 357 5084 269 1470 866 1673 9563
 9120 9010 1450 8420 7004 2623 2840 8721 9418 128 4304 845 1049 6865 8872
 5030 8014 8046 5278 4546 7933 162 6344 5146 7893 5134 7558 4637 5302 4093
 8283 3190 5446 8399 4760 692 6320 189 4889 5908 6952 9354]
[10 8716 8721 9246 5154 547 7723 563 6195 59 8254 9790 8258 6726 4682 9294
 1105 6739 5206 1121 5730 6243 3171 9832 1673 7318 7842 9385 8363 6854
 1739 9933 6865 725 4826 2270 3297 1251 5871 3312 755 245 3319 254 6912
 8968 266 8972 2832 1813 7958 6422 7449 4894 1830 4906 303 9010 6970 2363
 7489 1858 3905 8524 845 4951 7003 1886 866 9059 9576 1898 2923 7542 8069
 3980 1422 7569 416 943 8632 5056 6083 7107 5060 6598 5582 463 8666 5084
 5607 1527 6138 4606 384 4228 5896 1741 8504 4793]
[725 3171 6719 2650 266 8267 4210 9385 3980 5088 3779 5900 8102 6705 7044
 792 6466 9676 9735 9923 8722 6739 3218 8314 9302 5582 7941 8666 3321 2769
 6854 1304 7609 8632 1898 5730 3789 9823 7449 8254 9622 8840 474 4906 7723
 5154 3905 254 6138 1605 9441 303 226 2829 563 7569 6160 2987 8484 2940
 5837 6958 9576 2078 6703 7489 357 1924 3752 3214 5871 9415 5084 8586 269
 4503 5197 5074 9563 5680 8725 3896 1612 176 4495 8180 2181 3283 6746 9656
 7108 5134 7558 4555 1065 8982 6040 4441 8548 2492]
[3171 6839 2650 9471 8267 9385 3980 8357 1895 7044 9676 9735 2783 6732
 3218 5700 9528 5582 2232 7941 1527 1858 7717 9059 8616 6970 9230 9801
 9160 1898 7040 5730 3789 9839 9369 2416 7107 2120 8254 7958 9294 6912 474
 7617 5154 1394 2270 254 1605 6014 9441 5056 303 2331 3683 5607 2521 9191
 8484 2940 5837 6958 6715 7959 9792 6422 7489 3489 5871 9415 1813 8586
 3840 7186 4503 4354 966 866 6162 689 8363 1741 9563 9216 598 7744 1885
 3346 687 8644 717 1983 1105 5211 6726 7989 7360 3741 993 9449]
[3301 725 3171 1721 6719 2650 4210 3980 434 1895 8102 7044 6466 9676 9735
 9923 1431 8722 6739 3218 8314 5582 2232 796 1527 3321 1858 376 6970 2975
 9230 6854 6380 9160 1304 5730 3789 3400 9369 5206 7107 7449 2120 8254
 9622 8840 6912 474 7723 2270 3905 254 195 8716 6014 5056 8972 3683 563
 7569 6160 9191 2987 6670 8657 2940 5213 7150 6243 6958 7959 8428 6121
 9792 2078 5297 7489 3489 1924 3956 8586 7186 4354 4312 5074 2161 5327
 6729 4986 2774 5274 727 3761 8199 445 427 4732 4676 2581 2536]
[3587 9735 5129 8219 2078 2083 547 5682 52 8254 6719 5700 2120 8267 1612
 5709 7248 6739 9302 5206 2650 9823 8811 9839 1137 6774 4732 8840 4748
 3724 9360 3218 5274 6821 9385 7360 6854 6344 1739 3789 2769 3283 221 3297
 1251 6380 8943 3312 7415 3321 9471 5890 266 5900 7952 7959 792 7449 4391
 6439 8491 7989 6973 1858 3400 8524 5461 7003 866 5987 1898 4985 377 4986
 7040 7044 3980 2975 8102 3498 2987 427 943 9652 7609 1470 5056 5573 9676
 8657 8666 988 5607 6125 6126 2543 8177 3059 5116 7549]
[3301 725 1721 6719 266 4210 9385 5088 434 3779 1895 5900 8102 7044 6466
 9735 8722 6739 6732 3218 8314 5700 9528 2232 7248 8666 3321 1858 7717
 3297 988 2769 9059 8616 2975 3806 9230 6854 6380 9801 9160 3320 8632 1898
 5730 3789 3400 9823 9839 4477 2151 9246 5206 7107 2120 8254 7958 6598
 9622 9294 6912 7617 4906 7723 1394 1605 4749 6014 9441 6195 5104 2987
 8657 2940 7150 6958 6715 4606 5052 8428 6083 6703 1094 9415 1813 7186 269
 4354 5548 5197 9237 866 1673 2032 8363 9563 1939 5009 4416 4845]
[3171 2650 266 9471 8267 8102 7044 9735 2783 8722 4823 6739 8314 5582 796
 1527 8666 1858 376 9059 6854 9801 9160 9184 1479 1898 3400 9823 4477 7449
 2120 8254 7958 9294 6912 4906 5056 8972 7569 5837 6243 7959 6121 7489
 3752 9415 5084 3840 4354 1470 966 3459 3439 8363 1741 8514 606 9563 2023
 4820 5274 1019 727 7323 6656 1181 6190 8491 4151 1885 3355 2386 7105 3416
 7360 3741 7750 8626 9652 4085 10 5116 5658 701 7275 9556 2988 5581 5843
 332 4565 2809 3615 8466 6334 2719 2137 5491 9856 4953]
[8102 9923 2783 1431 8722 6739 6732 3218 8314 5956 5700 9528 5582 2232 796
 1527 8666 1858 376 2975 9230 6854 6380 9801 1304 9184 8632 426 1898 5730
 3400 9823 4477 2151 9246 5206 7107 7449 8254 6598 6912 474 7617 4906 7723
 5154 2270 3905 6138 195 8716 9441 5056 6195 2331 226 8972 7569 8524 637
 2521 2987 6670 1823 4606 5052 7959 7489 6842 357 3214 3363 4553 9753 1813
 269 5197 5074 6697 966 6299 6162 5151 2032 3439 8363 3301 725 1721 6839
 6719 2650 4210 3980 5088 8357 9926 434 3779 1895]
[3301 725 3171 1721 6839 6719 2650 3980 8357 3779 5900 7044 792 9923 2783
 6732 5956 5700 9302 5582 2232 1527 3321 1858 3297 988 2769 6970 9230 1304
 3320 9184 8632 1898 5730 3400 9823 9839 9369 4477 2151 2416 5206 7107
 7449 2120 8254 7958 9622 8840 9294 474 5154 2270 195 5056 6195 226 2829
 8972 5607 8524 2521 6160 2987 6670 8657 8484 2940 6243 5052 7959 6121
 9792 2078 5297 463 6842 357 1094 8586 4993 1470 4833 1986 5197 866 3459
 5151 689 3620 5172 2023 8069 4605 9120 1838 4820 5274 8886]
[866 5151 2032 4281 606 9563 6729 5559 6656 2386 3301 725 3171 6719 8267
 9385 3980 5088 8357 9926 434 3779 5900 7044 792 6466 9676 9735 9923 1431
 6739 3218 5956 5582 2232 7248 1527 8666 3321 7717 3297 988 2769 9059 6970
 3806 9230 6854 6380 9160 1304 3320 7609 1479 1898 7040 3789 9823 9369
 4477 2151 2416 7449 8254 7958 9622 8840 6912 474 7617 1394 2270 3905 254
 195 1605 6014 755 2331 5104 226 2829 3059 6243 6958 6715 5052 6121 9576
 9792 6083 357 1094 4553 5084 8586 3840 4312 5327 9851]
[1721 6719 9471 4210 9385 3980 9926 434 3779 8102 7044 792 6466 9676 9735
 9923 2783 1431 8722 4823 6739 3218 5700 9302 5582 796 8811 8666 3321 1858
 7717 3297 9059 6970 3806 416 9230 6854 9801 9160 9184 1479 7040 3789 3400
 9823 9839 9246 5206 7107 7449 2120 8254 6912 254 1605 4749 9441 755 5056
 303 2987 5837 6958 6715 5052 2078 6083 1924 3363 9415 1813 3840 4503 1470
 4833 1673 8363 4820 5274 1867 727 6656 943 7360 1693 7952 8219 1040 5833
 5342 5119 7524 1247 4676 2581 6125 1422 3724 6144]
[6719 2650 8267 9385 3980 434 3779 1895 6705 6466 9923 1431 8722 6739 3218
 5700 5582 2232 8666 3321 7717 3297 376 2769 9059 2975 3806 6854 9801 1304
 8632 5730 3789 3400 7107 8254 7958 6598 3905 3059 7959 8428 7489 5084
 4354 6697 6299 866 3459 8363 3901 2955 9120 9010 2213 6125 1422 1251 3587
 5709 5116 913 9418 6439 7003 4304 86 9625 6085 6942 61 3186 697 2325 5134
 7401 1057 5405 4637 2935 6326 5460 5642 4500 1064 1285 3900 6792 2447 672
 91 5232 2719 7644 5940 4970 8242 1403 6698 1602]
[3301 725 3171 6839 6719 9471 8267 4210 434 5900 7044 792 6466 9676 9735
 2783 1431 8722 4823 6739 3218 5700 9302 7248 1527 8666 3321 7717 9059
 6970 9230 6854 9801 9160 1304 3320 8632 1479 5730 3789 3400 4477 2151
 7107 2120 2383 7958 9622 8840 474 7723 2270 254 1605 9441 5056 6985 303
 2829 8972 563 7569 6160 9191 2987 6670 2940 7150 5837 6243 4606 5052 5297
 7489 357 3489 3752 3214 5871 3363 9415 1813 5084 3840 7186 6299 5151 8363
 3901 6729 4986 1867 727 7262 1886 4291 547 1756 3053 5197]
