Fault List:
117
123
120
121
116
115
124
115
115
115
124
120
118
118
118
119
124
114
125
125
118
118
124
118
122
124
122
115
112
124
FDR List:
0.6573033707865169
0.6910112359550562
0.6741573033707865
0.6797752808988764
0.651685393258427
0.6460674157303371
0.6966292134831461
0.6460674157303371
0.6460674157303371
0.6460674157303371
0.6966292134831461
0.6741573033707865
0.6629213483146067
0.6629213483146067
0.6629213483146067
0.6685393258426966
0.6966292134831461
0.6404494382022472
0.702247191011236
0.702247191011236
0.6629213483146067
0.6629213483146067
0.6966292134831461
0.6629213483146067
0.6853932584269663
0.6966292134831461
0.6853932584269663
0.6460674157303371
0.6292134831460674
0.6966292134831461
Time List:
323.71893978118896
319.77493810653687
318.0675551891327
316.5465359687805
321.7000370025635
322.12320375442505
323.9886291027069
329.4343910217285
339.44855093955994
338.9499068260193
343.3169319629669
317.61302399635315
328.7822961807251
344.85374426841736
347.78291296958923
331.1641528606415
301.0683810710907
312.0647990703583
329.7825610637665
330.84408593177795
330.7475919723511
329.31130814552307
331.2788610458374
330.3244171142578
330.28816986083984
331.187912940979
335.45965218544006
330.9158673286438
317.2068500518799
352.6599290370941
Subset List:
[948 1100 5305 3084 2675 5274 5369 8553 675 6876 275 9750 1167 1581 4729
 8480 3571 6705 387 2132 356 4137 1138 5872 9923 2509 7443 2032 4066 4750
 5324 9967 8212 1453 8815 1422 1950 5088 4547 4548 6242 418 8370 3264 5200
 9753 3297 1429 433 6842 1494 5932 2172 2841 6637 2810 6590 9417 5030 1576
 9316 2362 1933 6165 4565 7989 3391 8286 6765 2214 5459 7030 7004 3928
 6134 924 1463 2191 5525 178 7491 8699 1391 7723 6389 6825 9654 368 4012
 2181 6135 1399 5272 7082 1479 7962 8014 4748 2845 2948 3436 1804 6926
 2752 2679 1681 3602 6178 9587 3735 2912 878 5925 3097 7518 4998 7958 1042
 1112 9385 6218 2091 994 3400 1456 5794 1280 9231 6163 6491 6514 6769 5982
 4581 4775 1803 3446 68 9755 4967 9919 7588 2535 3892 5658 9694 5029 9274
 3343 6452 8656 6326 3682 1909 9126 5309 4574 5102 4520 2213 8386 4921
 1993 1868 1450 551 4094 1181 4843 411 3514 4808 9059 1823 1145 370 5815
 483 4051 9237 5959 8598 5318 7134 4264 4411 3366 518 3251 33 7267 3808
 4097 1442 8364 3346 1552 724 2586 3013 6899 6859 1746 6574 8300 2978 5752
 8261 1862 5506 6378 9190 20 8848 655 9160 725 6111 7654 8589 8939 5330
 802 1790 2293 4537 237 2910 1480 2114 9704 3107 7224 9219 143 7711 2286
 1501 4699 8296 8084 7517 3408 1850 1074 8200 7785 8410 9467 1056 5871
 4700 2273 705 9940 8886 2472 3025 5098 5134 5979 6234 7935 1662 9454 6109
 4355 3724 1178 5718 4238 6631 9428 1157 2386 9676 8131 3614 7145 621 4870
 5582 5890 1538 3019 8629 5458 4947 6385 8644 8650 7916 9918 3174 5620
 3324 8484 4646 9250 8996 5234 8691 7124 4446 4499 1228 9082 15 1039 1129
 9503 799 1739 2923 6994 1736 1346 9088 6496 926 8362 3683 2173 3980 8854
 8242 9253 1612 4044 6640 9823 4730 5991 9790 6535 3463 7398 7990 1040
 4660 7285 4826 9665 421 8494 4963 7717 2157 5817 5634 218 3113 7685 3806
 7675 7867 197 8633 7539 4155 3922 7559 3135 5961 5388 3183 7177 1304 9528
 9819 3415 7747 323 8241 9953 453 7378 9050 9105 8271 47 6444 870 9209
 8960 5273 7168 7257 6299 7536 303 6076 354 565 7628 4786 3150 5909 8450
 1070 5808 7310 549 9625 6841 118 2267 4313 774 7427 8193 1945 4586 484
 8276 2737 7849 6530 4303 119 160 3531 1813 9593 3485 3237 6750 6564 4903
 8735 9349 4643 6125 1275 6962 7174 1772 1521 5479 1580 8357 8183 2081
 1241 5518 2444 5416 2022 5454 2166 2762 4453 4735 1126 8847 8687 5719
 1768 2565 2176 8234 7143 5487 2432 945 4935 9965 4955 4924 5894 4725 9120
 6697 2285 2634 112 8932 5774 2704 4561 2248 598 5460 9441 6900 5955 3890
 2722 7529 7545 3405 2313 6083 1065 5051 5021 5965 4177 9906 3356]
[1724 3414 2022 4423 2762 5277 5229 3622 4453 8226 1837 1126 7640 5709 195
 9218 2565 8586 9380 2176 6973 697 5656 4002 6942 945 790 2216 9820 4935
 4436 4924 948 1100 5305 9810 3084 2675 5274 5369 8553 675 6876 275 9750
 1167 1581 4729 8480 3571 387 7952 2132 1138 5872 9923 2509 2032 4066 4750
 5324 9967 8212 1422 1950 5088 6242 418 8370 3264 214 5200 9753 3297 1429
 6842 1494 5932 2172 2841 2810 7632 9417 5030 1779 1576 1933 6165 4565
 7989 3391 6765 2214 5459 7030 6647 7004 3928 924 1463 2191 5525 178 7491
 8699 7723 6389 9654 368 9794 4012 2181 6135 7082 1479 7962 4748 2845 2948
 3436 1804 6926 2752 2679 1681 3602 6178 9587 3735 2912 4217 5925 3097
 7518 4998 7958 1042 9385 6218 8236 2091 994 3400 1456 5794 1280 9231 1248
 6986 6163 6491 6514 7802 4581 1803 9514 4862 3446 2785 68 6298 9755 2660
 4967 4615 5609 9294 7453 7588 2535 3892 2807 4632 5658 9666 4861 8069
 9694 974 5029 9274 3343 9657 4352 8656 6326 1909 5309 4574 5102 2213 7161
 8386 4921 7446 1993 551 4094 1181 4843 411 4447 3514 9059 1823 1145 370
 5815 483 4051 9237 8598 5318 7134 4411 3366 734 3218 3251 33 7267 1339
 3494 4926 4097 1442 1858 8364 3346 9065 1552 724 2586 2251 3013 6859 3653
 4550 9191 6574 8300 2855 2978 8231 9609 5752 2205 6206 8261 1862 5506
 6378 5559 9190 20 2755 8848 655 8326 933 725 6111 3083 427 1937 7654 8589
 2957 5330 802 1790 2293 531 5700 4537 6382 9774 237 2910 1480 2114 9704
 3107 7224 143 7711 2286 2422 1908 1501 4699 8084 6848 7517 7439 3408 7313
 1850 6466 1074 7785 8410 9369 2409 7 9467 1056 5871 4700 2273 705 2774
 9839 2472 6671 5098 5134 5979 6234 7935 8580 2219 9454 6109 4355 3724
 1178 5718 4238 6631 9428 1157 6142 4749 6380 5532 2386 9676 8131 3306
 3614 6912 4870 5582 8112 7188 8115 6232 5838 7673 3019 4947 9646 9693
 6385 8644 6666 9918 3174 5620 8484 2159 5234 7124 4446 4499 15 95 3785
 9061 799 188 2923 2236 926 9930 8362 2729 3683 4559 3674 3220 9253 4044
 9823 525 4730 7761 4476 9790 4114 6535 7398 6786 8128 7016 3208 1040 1905
 4660 7285 9665 9742 3821 9737 4409 8494 5825 4963 2157 5634 9791 5350
 5841 7675 7867 197 8633 3922 7559 3183 7177 1304 9157 2003 7235 3415 147
 9953 9090 7378 3342 9050 7202 7524 870 7257 6075 565 7628 4786 9145 3150
 5870 8450 5808 7310 4285 6753 1994 4313 7956 5148 577 8419 42 2630 8193
 4586 484 8276 2737 3752 3601 7849 247 8804 5354 5905 5401 7330 8753 4283
 1394 5552 1294 2059 7399 4718 9234 2394 6545 1644 6802 6530 4303 3531 313
 6190 4463 9593 3485 412 7887 6750 6564 3522 5910 2504 7242]
[948 1100 5305 9810 3084 2675 5274 5369 8553 675 6876 275 9750 1167 1581
 4729 8480 6705 387 7952 2132 3513 356 4137 1138 5872 9923 2509 7443 2032
 4066 4750 5324 9967 8212 1453 8815 1422 1950 5088 4547 4548 6242 418 8370
 3264 214 5200 9753 3297 1429 433 6842 1494 5932 2172 2841 6637 2810 6590
 7632 9417 5030 1779 1576 9316 2362 1933 4565 7989 8286 6765 5459 4917
 7030 6647 7004 3928 6134 924 1463 2191 5525 178 7491 8699 1391 7723 6389
 6825 9654 368 9794 4012 2181 6135 1399 5272 7082 1479 7962 8014 4748 2845
 2948 1804 6926 2752 2679 3602 6178 9587 3735 2912 4217 5925 3097 4998
 7958 1112 9385 6218 8236 2091 994 3400 5794 1280 9231 1248 6491 6769 7802
 4581 4775 1803 9514 4862 3446 68 6298 2660 4967 4938 4615 5609 9294 7453
 6017 9919 7588 2535 3892 2807 4632 5658 4861 8069 9694 974 5029 3343 6452
 4352 8656 6326 3682 1909 9126 5309 5102 4520 2213 7161 8386 4921 7446
 9121 1993 1868 1450 551 4843 411 4447 3514 4808 9059 1823 370 5815 483
 9237 5959 5318 7134 4264 4411 3366 3726 518 734 3218 3251 33 7267 3808
 8840 3494 4926 4097 1442 1858 3346 1552 724 2586 2251 3013 6899 6859 1746
 3653 4550 6574 8300 2855 2978 8231 9609 5752 2205 6206 1862 5506 9190 20
 8848 655 8326 9160 1937 7654 8589 8939 1790 2293 531 5700 6382 9774 237
 2910 1480 2114 9704 3107 9219 143 7711 2286 2422 1501 4699 5435 8296 8084
 7517 7439 7313 6466 7785 8410 2409 7 9467 1056 5871 2273 2774 9839 8886
 2472 6671 3025 5098 5979 6234 7935 1662 8580 6109 6122 4355 3724 5718
 4238 1157 4749 6380 5532 2386 6985 7145 6912 621 5582 5890 8112 5588 2867
 1538 1947 8115 6232 5838 9646 9693 6385 8650 9918 4646 7674 2159 5234 639
 5184 4446 9082 6440 15 5547 1039 9957 1129 9503 95 3785 2309 9061 1739
 188 2923 1606 6994 4490 1346 6496 6497 9930 8362 426 3654 2729 3683 1693
 3674 8854 8828 8242 9253 1612 4730 7761 6535 3463 9029 7026 1166 7990
 8128 817 4552 1905 421 3821 4409 8494 4963 5634 4864 9269 9370 3806 197
 4155 2829 4504 7177 8869 6133 7378 3342 9050 8271 7202 47 9209 342 7257
 6299 6237 303 3455 6075 354 565 8619 4786 9625 1227 1994 2267 7956 7119
 7689 2630 7427 4586 484 2737 3752 1389 1372 423 4457 4449 8473 4282 5401
 4147 7318 7330 1394 1247 7007 2264 869 9985 7399 6545 6913 3051 160 6481
 4903 3522 5645 4643 6125 6438 7097 8357 2571 9067 3181 5277 1704 4735
 8847 9888 598 9246 3230 2543 5460 9441 6900 5955 2136 9777 4654 2223 8283
 2609 3584 3458 9215 8812 8861 2526 6678 2676 2795 4166 1593 6 8058 8511
 863 1871 6920 9360 3185 4487 5365 6245 9139 8054 784]
[948 1100 5305 9810 3084 5274 5369 8553 675 6876 275 9750 1167 1581 4729
 8480 3571 6705 387 7952 2132 3513 4137 1138 5872 9923 7443 2032 4066 4750
 5324 9967 8212 8815 1422 1950 5088 4547 4548 6242 418 8370 3264 214 5200
 9753 1429 433 6842 5932 6637 2810 6590 7632 9417 5030 1779 9316 2362 1933
 4565 7989 3391 8286 6765 2214 5459 7030 6647 7004 3928 6134 924 1463 2191
 5525 7491 8699 1391 7723 6389 6825 9654 368 9794 4012 2181 6135 1399 5272
 7082 1479 7962 8014 4748 2845 2948 3436 1804 6926 2752 2679 3602 6178
 9587 3735 2912 4217 5925 3097 7518 4998 7958 1042 9385 2091 994 3400 1456
 1280 9231 1248 6491 6769 5982 7802 4581 4775 1803 4862 3446 9755 2660
 4938 4615 5609 9294 7453 7588 2535 2807 4632 5658 9694 5029 9274 6452
 9657 4352 8656 6326 9126 5309 4520 2213 7161 8386 7446 9121 1993 1868
 1450 551 4094 4843 411 4447 3514 4808 1823 370 5815 4051 9237 5959 5318
 7134 4264 4411 3726 518 734 3218 3251 33 7267 1339 8840 3494 4097 8440
 1858 8364 1552 2586 2251 3013 6859 1746 3653 2855 8231 5752 2205 6206
 8261 1862 5506 6378 5559 20 2755 8848 655 933 9160 725 6111 3083 7654
 2957 8939 5330 802 1790 2293 5700 9774 2910 1480 3107 7224 9219 1908 1501
 4699 8296 6848 7517 7439 7313 8200 7785 8410 9369 2409 1056 705 9940 8886
 2472 6671 3025 5098 5134 5979 7935 8580 2219 1765 9454 6109 6122 4355
 3724 4951 5718 6631 1157 4749 6380 5532 2386 9676 8072 1607 5582 5588
 2867 1947 6232 5838 7673 4135 3019 5458 4947 9646 9693 6385 8644 8650
 6666 7916 9918 3174 5620 3324 8484 4646 5234 639 5184 4499 1228 6440 15
 5547 1039 9957 2276 95 3785 2309 1739 188 926 9930 332 426 2173 1693 3674
 1353 8854 8828 8242 9253 7716 4044 6640 525 9093 5991 3463 7398 1166 3956
 7016 817 4552 7285 9742 2350 7150 421 2549 3821 6916 4409 8494 5825 7717
 5634 4864 7314 8973 9791 8385 7685 3806 7675 7867 7539 4155 9031 3922
 2829 3135 5961 3183 9157 2003 9528 7235 3415 7747 147 3962 323 9090 5819
 8271 7202 7524 9842 7427 8193 1372 7849 423 3373 4457 8473 247 8804 7318
 4605 7611 5552 1247 9140 2059 869 7399 3902 9393 6802 119 9464 8174 1813
 6190 2243 3485 7887 232 6750 9349 3522 5645 7105 1275 6962 1521 1172 3177
 8183 9056 2571 2444 5416 1088 3414 4423 2166 8731 3645 4436 6856 6697
 1185 6934 5774 5141 4561 9888 9262 9441 680 6709 2325 7411 7795 7822 8048
 9705 1871 4375 8314 2930 5053 2049 9281 9833 8874 895 306 9471 6371 957
 1747 1393 3110 5821 669 1107 7709 1841 3924 3003 6839 7062 7892 1007 6334
 6064 7573 5791 4682 888 7509 3561 8229 8331 3600 7644 5787 3953 8153]
[948 1100 5305 9810 3084 2675 5274 5369 8553 675 6876 275 1167 4729 8480
 387 7952 2132 356 1138 5872 9923 2509 7443 2032 4066 4750 5324 9967 8212
 1453 8815 1422 1950 5088 4547 4548 6242 8370 3264 214 5200 9753 3297 1429
 433 6842 1494 5932 2172 2841 2810 6590 7632 9417 5030 1779 1576 9316 2362
 1933 6165 4565 7989 3391 8286 6765 2214 5459 4917 7030 6647 7004 3928
 6134 924 1463 2191 5525 178 7491 8699 1391 7723 6389 6825 9654 368 9794
 4012 2181 1399 5272 7082 1479 8014 4748 2948 3436 1804 1681 6491 6452
 9709 8598 5318 4411 3366 3726 518 734 3218 7267 1339 8840 4097 1858 8364
 3346 9065 1552 2586 3013 6899 1746 4550 9191 6574 8300 2855 2978 8231
 9609 2205 6206 8261 6378 655 933 725 6111 3083 7654 8589 2957 8939 802
 2293 531 5700 4537 237 2910 2114 9704 3107 7224 9219 2422 1908 4699 5435
 8296 6848 7517 7439 7313 1850 6466 8410 2409 9467 5871 4700 2273 705 9940
 2774 9839 6671 3025 5098 1662 8580 2219 1765 9454 6122 4355 3724 1178
 4951 5718 4238 1157 4749 6380 5532 2386 9676 8131 3306 6985 3614 7145
 6912 621 1607 5582 5890 8112 1538 1947 7188 6232 5838 7673 3019 8629 9693
 6385 8650 9918 3174 5620 8484 7674 2159 5234 8691 4446 1228 9082 6440 15
 5547 1039 9957 2276 1129 9503 916 95 3785 1739 4490 6496 926 8362 332
 2729 3683 2173 5600 1693 4559 7712 1353 3980 8854 3220 8242 9253 7716
 1612 4044 2606 9823 525 9093 7761 5991 4476 845 9790 3463 9029 7398 7861
 1166 7990 6786 7016 3208 4552 1905 4660 7285 8752 4826 9665 9742 8102
 7150 2549 3821 7430 6916 9737 4409 8494 3618 4963 7970 8173 5634 7314
 9269 8973 9791 218 5350 9370 7685 5841 7675 197 7539 4155 9031 3922 2829
 7559 5961 5388 3183 1304 8202 3550 2003 9528 9819 7235 6133 3415 7747 147
 323 453 7378 5819 9105 7202 47 5990 6444 870 9209 8960 5273 7168 342 6299
 6237 2570 7536 303 6076 354 565 8619 7628 4786 8677 646 5870 8450 5808
 549 9625 4285 8312 1994 7119 7689 5148 774 577 4516 6732 3696 8193 2737
 1389 3601 1675 7849 423 4457 8473 6349 8804 5354 6952 3063 7318 7330 4605
 5552 7007 2059 2992 2264 869 9985 4718 9234 9393 2394 6545 1644 7015 6913
 4303 4614 3531 4169 313 6190 5919 4315 3165 3485 256 7887 3237 232 2041
 6750 6564 6481 8735 9349 228 9223 3522 7223 5645 5910 4643 9421 1026 7105
 6125 6958 1275 6438 6962 2240 9947 1757 1772 7097 58 1172 5479 1580 5516
 8357 3177 9734 9056 1241 2372 5518 9981 2444 3381 1731 4307 1088 9067
 4306 3358 3414 3181 2022 5454 4423 2166 5277 150 1704 7640 9780 5719 5709
 2565 9380 8731 7931 8234 3587 1959 508 5487 2676 8618 1981 392]
[948 1100 5305 9810 3084 2675 5274 5369 8553 675 6876 275 9750 1167 1581
 4729 8480 3571 6705 7952 2132 3513 356 4137 1138 5872 9923 2509 7443 2032
 4066 4750 5324 9967 8212 1422 1950 5088 4547 4548 6242 418 8370 3264 214
 5200 9753 3297 1429 5932 2841 6637 2810 6590 7632 9417 5030 1779 1576
 9316 2362 1933 6165 4565 7989 3391 8286 6765 2214 5459 4917 7030 7004
 6134 924 1463 2191 5525 7491 8699 1391 7723 6389 6825 9654 368 9794 4012
 2181 6135 5272 7082 7962 4748 2948 3436 1804 6926 2752 2679 1681 3602
 6178 2912 4217 3097 7518 7958 1042 1112 9385 6218 2091 994 3400 1456 5794
 1280 9231 1248 6986 6163 6491 6514 6769 5982 4581 4775 1803 9514 4862
 3446 2785 68 6298 9755 2660 4938 4615 5609 9294 7453 6017 9919 7588 3892
 2807 4632 5658 4861 8069 974 3343 6452 9657 4352 8656 6326 3682 1909 9126
 5309 4574 5102 4520 2213 7161 8386 4921 7446 1993 1868 1450 551 1181 4843
 411 4447 3514 9059 483 4051 8598 5318 3366 518 734 3251 33 1339 8840 3494
 4097 8440 1858 8364 3346 1552 724 6859 9191 8300 2855 2978 6206 1862 5506
 6378 5559 9190 2755 655 8326 6111 3083 427 1937 8589 2957 5330 2293 531
 5700 4537 6382 1480 2114 9704 3107 2286 1908 1501 4699 5435 8296 7313
 1850 6466 8200 7785 9369 2409 9467 4700 705 9940 9839 8886 2472 3025 5098
 5134 6234 7935 1662 8580 2219 9454 6122 4355 3724 1178 4951 1157 6142
 4749 5532 2386 9676 6985 3614 6912 2038 1607 5582 5890 8112 5588 323 8241
 7378 8271 6444 5273 6299 303 3455 6076 7017 2585 7628 4786 646 5909 1070
 8312 6753 5148 577 5115 9842 1675 423 2814 4457 4282 7318 7611 7007 3902
 9393 2394 6530 3051 4303 7513 1118 9216 4614 119 3531 4169 313 6190 4463
 5919 9593 256 3237 6564 6481 8735 6993 9223 3522 3456 6040 9421 8817 8776
 2240 7174 1757 7097 58 1172 5479 1580 5516 3177 853 9056 2372 2444 3381
 7401 1088 9067 3358 1724 2022 5454 4423 2166 5277 3622 4453 1704 1837
 1126 7640 5719 5709 9218 2565 9380 7931 8234 697 1959 5487 2432 790 2216
 9820 4955 6856 5894 4725 9120 6697 3398 2285 2634 6934 5023 112 8932 2704
 4561 3230 5460 7201 4032 6900 1525 2325 9777 631 6553 1975 5218 1696 3440
 794 3584 388 8048 9616 8981 2526 5799 4166 8872 4661 2504 863 8749 5665
 6920 9360 8314 9201 9535 2943 3185 5372 9260 4495 2452 6354 8800 5129
 8778 3450 7809 1732 6901 7827 1656 920 9641 2843 6371 4016 4962 6364 2010
 9995 2806 4667 2186 1708 3387 6151 1061 7387 957 5821 1841 7080 692 8156
 8983 2005 6839 7265 7062 8700 5009 5731 6334 7019 3301 4682 1996 2335
 6085 6329 4442 2046 2551 2997 4036 121 7176 5163 997 3422 3600]
[948 1100 5305 9810 3084 5274 5369 8553 675 6876 275 9750 1167 4729 8480
 3571 6705 387 7952 2132 3513 4137 1138 5872 9923 2509 7443 2032 4066 4750
 5324 9967 8212 1453 8815 1422 1950 5088 4547 418 8370 3264 214 9753 3297
 1429 433 1494 5932 2172 2841 6637 2810 6590 7632 9417 1779 9316 2362 1933
 6165 4565 7989 3391 8286 6765 2214 5459 4917 7030 6647 7004 3928 6134 924
 1463 2191 5525 178 8699 1391 7723 6389 6825 368 2181 6135 1399 7082 1479
 7962 4748 2845 2948 3436 6926 2752 2679 3602 9587 3735 4217 5925 3097
 7958 1112 9385 6218 2091 994 1456 5794 1280 6491 6514 6769 5982 7802 4581
 4775 9514 4862 3446 2785 68 9755 4967 4938 4615 5609 9294 7453 9919 2535
 3892 2807 4632 3343 4352 8656 3682 5309 5102 8386 7446 1868 551 4843 9237
 3726 3218 1339 8840 3494 4926 4097 1858 3346 2586 3013 6899 6859 1746
 9191 6574 2978 8231 5752 2205 6206 5506 5559 8848 655 8326 725 6111 3083
 427 2957 8939 5330 802 5700 4537 6382 2910 1480 2114 9704 3107 7224 2286
 2422 4699 8296 8084 7313 1850 1074 7785 8410 2409 7 9467 1056 4700 705
 9940 2774 9839 2472 3025 5098 5134 6234 2219 1765 9454 6109 6122 4355
 1178 5718 6631 5532 2386 3306 3614 6912 621 2038 4870 1607 5582 5890 8112
 1538 1947 8115 3019 8629 5458 6385 8650 9918 8484 4646 5234 639 8691 4499
 1228 5547 9957 1129 1736 1346 9088 9930 8362 332 2729 5600 1693 4559 7712
 1353 9829 8828 3220 7716 1612 4044 2606 525 4730 9093 4476 3463 3429 7398
 7026 1166 6786 7016 3208 4826 9665 9742 2350 8102 7150 7430 4409 8494
 3618 4963 7970 2157 5817 3113 5350 8385 9370 7685 3806 197 7539 4155 4504
 3183 1304 7235 3415 7747 3036 3962 8241 453 7378 7760 9105 7202 5990 9209
 5273 7257 7536 6075 171 7017 7628 4786 646 5870 1070 5808 7310 7112 9625
 4285 7956 8672 7119 8419 6656 473 4516 6732 3696 7427 8193 1945 484 1372
 2814 4457 4449 8473 6349 4282 5905 9034 5401 3063 7318 7330 5552 9140
 1294 2059 7399 2394 6545 4071 8033 7015 6913 3051 4303 7513 119 3531 9785
 313 1813 3165 232 2041 6564 6481 4903 8735 3522 4643 8817 6962 7174 1757
 1772 7097 5479 1580 5956 8357 853 2081 5518 5416 7401 4307 1088 6016 3181
 5454 2166 2762 5229 4735 7572 5719 5709 195 2565 7931 8234 3587 8850 1959
 508 4002 945 790 2216 9820 6627 8047 4935 9965 9120 637 2285 2634 5398
 3997 112 7265 7095 7062 5716 3815 8944 1007 690 5573 5791 5310 468 8823
 6015 9354 8642 6085 2551 4036 6280 3204 9891 7176 8229 6054 3600 6698
 8651 9968 4981 3085 3194 2127 1886 3651 993 9874 8104 9792 1782 9298 8624
 7969 1892 5179 7813 9151 6393 8219 5450 2642 6510 2067]
[1813 6190 4463 5919 2243 412 256 7887 3237 232 6564 4903 8735 9349 228
 9223 7223 3456 8817 6125 6958 1275 6962 8776 2240 9947 1757 7097 58 1172
 3177 9734 9056 2081 3059 2372 9981 2444 5416 8161 4307 1088 3358 4423 150
 8226 1126 1768 2565 9380 8731 3587 6973 5487 2432 9965 4955 6697 948 1100
 5305 9810 3084 2675 5274 5369 8553 675 275 9750 1167 1581 4729 8480 3571
 6705 387 7952 2132 3513 356 4137 1138 5872 9923 2509 7443 2032 4066 4750
 5324 9967 8212 1453 8815 1422 1950 5088 4547 4548 6242 418 8370 3264 214
 5200 9753 3297 1429 1494 5932 2841 6637 2810 6590 7632 9417 5030 1779
 1576 9316 2362 6165 4565 7989 3391 8286 6765 2214 5459 4917 7030 6647
 7004 3928 6134 924 1463 2191 5525 178 7491 8699 1391 7723 6825 9654 368
 9794 4012 2181 6135 1399 5272 7082 1479 7962 8014 4748 2845 2948 3436
 1804 6926 2752 2679 1681 3602 6178 9587 3735 2912 4217 878 5925 3097 7518
 4998 7958 1042 9385 6218 8236 2091 994 3400 1456 5794 1280 9231 1248 6986
 6163 6491 6514 6769 5982 7802 4581 4775 1803 9514 4862 3446 2785 68 6298
 9755 2660 4967 4615 9294 7453 6017 7588 2535 3892 2807 4632 5658 9666
 4861 8069 9694 974 5029 3343 6452 9657 4352 8656 6326 3682 1909 9126 5309
 4574 5102 4520 2213 7161 8386 7446 9121 1993 1868 1450 551 4094 4843 411
 4447 3514 4808 9059 1823 370 483 4051 9237 5959 8598 5318 7134 4264 4411
 3366 3726 518 3218 3251 33 7267 1339 8840 3494 4926 4097 8440 1442 1858
 8364 3346 9065 1552 724 2586 2251 3013 6899 6859 1746 3653 4550 9191 6574
 8300 2855 2978 8231 5752 8261 1862 5506 6378 5559 9190 20 2755 8848 655
 8326 933 9160 3083 427 1937 7654 8589 8939 5330 802 2293 531 5700 4537
 9774 2910 1480 9704 3107 143 2286 1908 1501 4699 5435 8296 6848 7517 7439
 6466 1074 8200 9369 9467 5871 4700 2273 705 9940 2774 8886 5098 7935 1662
 2219 1765 6122 4355 4951 4238 9428 1157 4749 5532 2386 3306 2011 6985
 3614 6912 2038 4870 1607 5582 5890 5588 2867 1947 7188 995 7673 8629 5458
 9646 9693 6385 8650 6666 7916 9918 3174 5620 3324 8484 4646 9250 2159
 8691 5184 7124 4499 1228 9082 15 5547 1039 9957 1129 9503 916 95 3785
 2309 1739 2923 1606 1736 4490 1346 9088 6497 926 2173 4559 3674 7712 1353
 9829 8854 3220 9253 7716 9926 2606 6640 525 9093 5991 4476 4114 3463 7398
 7026 3956 817 4552 4660 5617 8752 4826 9742 2549 3821 7430 9737 3618 4963
 8173 2157 5817 5634 4864 9269 8973 3113 8385 7685 5841 7539 4155 3922
 2829 7559 3135 5961 3183 1738 8202 3550 9528 7747 453 9090 7378 3342 7760
 7524 47 5990 6444 8960 7168 7257 3455 6656 3051 6040 7401]
[948 1100 5305 3084 5274 5369 8553 675 275 9750 4729 6705 387 7952 2132
 3513 4137 1138 5872 9923 7443 2032 5324 9967 1453 8815 1422 1950 4547
 4548 6242 418 3264 5200 3297 433 1494 5932 2841 6637 2810 6590 7632 9417
 5030 1576 9316 6165 4565 3391 8286 6765 2214 5459 4917 6647 7004 3928
 6134 1463 2191 7491 8699 1391 7723 6389 9654 9794 2181 1399 5272 7962
 8014 4748 2845 2948 3436 1804 2752 6178 3735 4217 878 5925 3097 7518 4998
 7958 1042 1112 9385 6218 8236 3400 5794 1280 6986 6163 6491 5982 7802
 4581 3892 2807 5658 9666 4861 8069 974 5029 3343 6452 4352 8656 3682 1909
 9126 5309 4574 4520 2213 8386 4921 7446 9121 1868 1450 4094 1181 4843
 4447 3514 4808 9059 1823 5815 483 4051 9237 5959 9709 8598 7134 4264 4411
 3366 734 3218 3251 33 7267 1339 8840 3494 4926 4097 1442 1858 3346 1552
 724 2586 3013 6899 6859 1746 3653 9191 8300 2855 2978 8231 9609 5752 2205
 8261 1862 5506 6378 5559 9190 20 2755 8848 655 933 725 8200 7785 8410
 2409 7 1056 5871 4700 705 9940 2774 9839 8886 2472 3025 5098 5134 5979
 6234 1662 2219 9454 6109 4355 5718 4238 6631 9428 1157 6142 4749 2386
 9676 8072 8131 3306 2011 6985 3614 7145 621 2038 5890 8112 5588 1538 1947
 8115 6232 3174 2729 3683 9253 7761 5991 4476 845 4114 6535 3463 9029 7398
 7861 7026 1166 8128 1040 4552 1905 7285 8752 9742 2549 3821 7430 9737
 3618 5825 4963 7970 5817 5634 7314 5650 8973 9791 218 7685 3806 5841 7675
 197 8633 4155 9031 3922 2829 5388 4504 3183 1304 1738 8202 8869 3550 9157
 2003 9528 6133 7747 147 3962 323 453 9090 7378 5819 3342 7760 9105 7202
 7524 47 5990 6444 9209 5273 7168 342 7257 6299 6237 7536 303 3455 6076
 171 354 565 7017 2585 7628 4786 646 1070 549 9625 1227 9842 2737 1372
 7849 423 3373 2525 5401 7318 9506 8753 4283 9590 2059 2264 869 7399 4718
 6545 6802 7015 3164 9785 8174 1813 5919 9593 412 256 3237 232 8735 6993
 3354 9223 3522 2044 4643 9421 1275 2240 9947 1772 58 1521 5479 1241 3059
 2372 5518 9981 2444 3381 5416 7401 4307 1088 9067 6016 4306 3358 1724
 3181 2022 5454 4423 2166 5719 5709 2565 8234 8850 508 2432 4002 3253 6942
 945 790 2216 910 3645 8047 4436 4924 3398 637 2285 3997 5023 112 2704
 5460 3464 7201 9441 6900 6709 2325 631 1986 5218 7795 5306 8861 2526 3570
 8428 8872 2504 9705 9449 6854 416 6060 9578 6861 2930 900 5560 1095 5129
 7736 5208 2473 5006 2843 4962 3352 6283 2806 1299 6569 805 6041 3387 3110
 1841 5430 8983 6839 5745 8492 6591 3301 7573 5573 8727 434 2335 888 811
 478 6085 2046 6144 4036 8138 3204 9891 8229 1265 2673 6054 9382]
[948 1100 5305 9810 3084 2675 5274 5369 8553 675 6876 275 9750 1167 1581
 4729 8480 3571 387 7952 2132 3513 1138 5872 9923 2509 7443 2032 4066 5324
 9967 8212 1453 8815 1950 5088 4547 4548 6242 418 8370 3264 214 5200 9753
 3297 1429 433 6842 1494 5932 2841 6637 2810 6590 7632 9417 5030 1779 1576
 2362 1933 4565 7989 6765 5459 4917 7030 6647 6134 924 1463 5525 178 7491
 8699 1391 7723 6389 6825 9654 368 9794 4012 2181 6135 1399 5272 1479 8014
 4748 2845 3436 1804 2752 2679 1681 3602 6178 3735 4217 878 5925 3097 7518
 9385 6218 8236 994 1456 5794 1280 9231 1248 6163 6491 6514 6769 5982 7802
 4581 4775 1803 9514 4862 3446 2785 68 6298 9755 2660 4967 4615 5609 9294
 7453 6017 9919 7588 2535 3892 2807 4632 5658 9666 8069 9694 974 5029 9274
 3343 6452 9657 4352 6326 3682 1909 9126 5309 4574 5102 4520 2213 7161
 8386 4921 7446 9121 1993 1868 1450 551 4094 1181 4843 411 4447 3514 4808
 9059 1823 1145 370 5815 483 4051 9237 5959 9709 8598 5318 7134 4411 3366
 3726 518 734 3218 3251 33 3808 1339 8840 3494 4926 4097 8440 1442 1858
 9065 2251 6859 3653 6574 2855 2978 8231 5752 2205 8261 5506 6378 5559 20
 2755 8848 725 6111 427 1937 5330 802 531 5700 4537 9774 2910 1480 9704
 7224 7711 8084 6848 7439 7313 1074 8410 7 9467 5871 2273 8886 2472 6671
 3025 5134 5979 6234 7935 1662 2219 9454 6122 4355 3724 5718 9428 6380
 5532 2386 6985 6912 621 2038 4870 1607 5582 5890 8112 5588 2867 1538 1947
 8115 5838 995 4135 3019 8629 5458 4947 9646 9693 6385 8650 7916 3174 5620
 3324 8484 4646 9250 7674 8996 2159 639 5184 4499 1228 9082 6440 5547 1039
 916 9088 6496 9930 426 3654 5600 1693 3674 8854 8242 7716 4044 2606 6640
 9823 525 4730 9093 7761 5991 4476 4114 6535 9029 3429 7861 7990 3208 817
 1040 4552 7285 5617 9665 2350 8102 421 3821 7430 9737 4409 3618 4963 7970
 9073 2157 5817 5634 7314 9269 9791 3113 5350 8385 9370 7685 7675 7867 197
 8633 953 4155 7559 5961 5388 4504 3183 7177 1304 8869 9157 9528 9819 7235
 6133 3036 323 9953 453 9090 7378 5819 9105 8271 7524 47 6444 870 9209
 7168 2570 3455 6076 354 565 8619 7017 7628 4786 9145 8677 646 5870 5909
 771 7310 549 9625 4285 100 6841 6753 1994 4313 7956 7689 5148 774 577
 6656 473 4516 6732 2630 7427 4586 484 5401 7318 9506 4283 7611 1294 2059
 2264 869 9985 7399 4718 8033 1644 6530 7015 4614 119 3164 9785 4169 6190
 4463 3165 3485 232 6564 8735 228 3354 9223 5645 2044 6040 9421 1026 6438
 6962 8776 1772 1172 1580 853 8183 9734 2444 3381 5416 7401 9067 3181 4423
 2166 2762 150 8847 5719 5709 8415]
[948 1100 5305 3084 2675 5274 5369 8553 675 6876 275 9750 1167 1581 8480
 3571 6705 387 7952 2132 3513 356 1138 5872 9923 2509 7443 2032 4066 5324
 8212 1453 8815 1422 5088 4547 4548 6242 418 8370 3264 214 5200 3297 1429
 433 6842 1494 5932 2172 2841 6637 2810 6590 7632 9417 5030 1779 1576 9316
 2362 1933 6165 4565 7989 3391 8286 6765 2214 5459 4917 7030 6647 7004
 2191 5525 178 7491 8699 1391 7723 6389 6825 368 9794 4012 2181 1399 5272
 1479 7962 8014 2845 2948 3436 1804 6926 2752 2679 1681 3602 6178 9587
 3735 2912 4217 878 5925 3097 7518 4998 1042 1112 9385 2091 994 3400 1456
 5794 9231 6986 6163 6491 6514 6769 4581 4775 9514 3446 2785 68 9755 4967
 4615 9294 7453 3892 5658 8069 9694 974 5029 9274 6452 9657 4352 6326 9126
 5309 5102 2213 7161 8386 4921 7446 9121 1868 1450 4094 4843 3514 4808
 9059 1823 370 5815 483 4051 9237 5959 8598 5318 7134 4264 4411 3366 518
 734 3218 3251 33 7267 1339 8840 3494 4926 4097 1442 1858 3346 1552 1746
 3653 6574 2855 2978 5752 6206 8261 5506 5559 2755 8848 655 8326 933 6111
 3083 427 1937 8939 5330 1790 531 4537 6382 2910 9704 3107 7224 2286 1908
 5435 8084 7517 3408 7313 1850 1074 8200 7785 8410 2409 7 1056 5871 4700
 2273 705 9940 2774 9839 8886 2472 3025 5098 5134 5979 6234 7935 1662 8580
 2219 1765 9454 6122 4355 3724 1178 4951 5718 4238 6631 9428 6142 4749
 6380 5532 2386 9676 8072 8131 2011 6985 3614 6912 621 2038 4870 1607 5582
 5890 8112 2867 1538 1947 7188 8115 6232 5838 4135 4947 9693 6385 8644
 8650 6666 7916 9918 3324 8484 9250 7674 8996 5234 4446 4499 9082 6440 15
 5547 1039 2276 1129 916 95 3785 9061 799 1739 188 2923 1606 1736 4490
 9088 6497 926 8362 332 426 3654 2729 3683 2173 5600 1693 4559 7712 1353
 3980 9829 8854 3220 8242 7716 1612 5991 7398 1040 1905 9665 8102 7150
 2549 9073 7314 218 7685 3806 5841 197 953 4155 4504 8202 9157 9819 453
 8271 7524 5990 6075 565 7628 5909 8450 4285 7318 6530 313 1813 6190 4463
 2243 412 7887 6750 4903 3522 7223 2044 6040 1026 6125 6962 8776 9947 7174
 1757 1772 7097 1521 5956 853 9734 3059 2372 9981 2444 3381 5416 1731 7401
 4307 9067 6016 4306 3358 4423 2166 3622 4453 7572 8847 8687 5719 1768
 9380 8731 7931 8234 3587 8850 7143 1959 5656 3253 6942 790 910 3645 4436
 9965 6856 3398 1185 9217 4561 9888 4032 2320 6553 7794 3440 6879 3584
 7822 9492 7941 2526 6678 5649 2676 1593 2504 863 5806 6854 9535 9989 2943
 5372 6210 6245 8662 8923 4495 6354 8800 5129 249 923 8874 9707 5820 7090
 7912 1787 9817 1936 2843 306 57 6614 3352 3491 5271 9995 8141]
[4097 2049 8200 15 6163 8212 6165 20 33 6178 8231 4135 4137 8234 2091 8236
 47 8241 8242 2103 6206 2114 68 8261 4166 6218 2132 2136 6234 8286 95 6242
 8296 8300 2159 119 8314 2172 2181 8326 2191 143 147 6298 2213 2214 4264
 8362 2219 8364 8370 178 6326 8386 2243 197 2251 4304 214 8410 2273 232
 8428 237 6382 2286 6385 6387 6389 2293 8440 4352 4355 2309 275 4375 8480
 8484 2350 6452 2362 4411 8511 6466 323 332 2386 342 6491 4447 6496 6497
 356 8553 2409 368 6514 370 2422 387 4487 4490 8589 4495 4499 2452 8598
 6553 416 418 4520 426 6574 433 8629 4537 6590 4547 4548 8644 4550 4552
 2509 4559 4565 4574 2529 483 4581 2535 6631 6637 8691 2549 8699 2565 4615
 6666 525 6671 4632 8731 8735 4646 551 2606 6705 2609 4660 6715 4699 4700
 6750 2660 6765 8815 6769 2675 2679 4729 4730 8828 639 646 4748 4749 4750
 655 8848 8854 675 4775 8872 6825 2729 8886 697 6842 6848 6859 6861 724
 6876 734 2785 4843 8939 6899 2807 2810 4861 4862 6912 4870 779 6926 2841
 2845 6942 802 8996 2855 2867 4917 4921 6970 6985 6994 4951 9048 9050 7004
 2910 2912 9059 9061 870 4967 2923 9068 878 2930 7030 9088 2948 9093 4998
 2957 916 924 926 2978 5029 5030 9126 7082 948 953 3013 9160 3025 7134
 5088 994 995 9190 9191 7145 5098 5102 5104 7161 9209 9216 9219 3083 3084
 9231 1039 1042 7188 3097 9246 1056 9250 3107 7202 3113 1074 7224 9274
 3135 5184 1100 9294 3150 5200 1112 7267 9316 3174 1129 3183 3185 1138
 5234 1145 1157 1167 7313 7314 3220 5272 9369 5274 1178 9370 1181 1185
 7330 3237 5287 9385 3251 5305 5309 3264 5318 9417 5324 1228 5330 7378
 9428 1248 7398 7401 3306 9449 9454 5365 5369 9467 5372 1280 3343 7439
 3346 7446 1304 7453 9503 3366 9514 1339 5435 3391 3400 3408 5458 5459
 5460 3415 7517 7518 3429 3436 1391 9587 1399 5506 9609 1422 7572 1429
 5525 5532 3485 1442 7588 3494 1453 9646 1456 9654 1463 5559 3513 9657
 3514 9666 1479 1480 3531 9676 5582 7632 1494 9694 5609 9705 9709 5617
 3571 5620 1538 3587 9737 1552 9750 5658 9755 3614 7711 7712 1576 1581
 9774 9791 9794 5700 3653 1606 1607 1612 7760 9810 5718 3674 3682 7785
 9839 5752 7802 1662 3724 3726 3735 5794 5799 5806 7861 5815 5819 9919
 9923 9926 1736 9930 5838 1746 9940 3808 9953 1765 9957 7916 9967 5872
 5871 1779 7930 1790 7935 5890 7941 1803 1804 7952 7958 5910 7962 1823
 5925 5932 1837 3892 7989 7990 5943 1850 1858 1862 1868 8014 3928 5979
 5982 8048 1908 8058 6017 8069 8072 1933 6029 1937 8084 1947 1950 4012
 6060 8112 8115 1975 8131 1993 4051 2011 6111 4066 6122 8174 2032 6134
 6135 2038 2044 4094 2156]
[948 1100 9810 2675 5274 8553 675 275 9750 1167 1581 4729 8480 3571 6705
 387 7952 2132 356 4137 1138 5872 9923 7443 2032 4066 4750 5324 9967 8212
 1453 8815 1422 1950 5088 4547 6242 418 3264 214 5200 9753 3297 1429 433
 6842 1494 2172 2841 6637 2810 6590 7632 9417 5030 1779 1576 6165 4565
 7989 3391 6765 2214 5459 4917 7030 7004 3928 6134 924 1463 2191 5525 178
 7491 8699 1391 7723 6389 6825 9654 9794 4012 2181 6135 1399 5272 7082
 1479 7962 8014 4748 2845 2948 3436 1804 6926 2752 2679 1681 3602 6178
 9587 3735 2912 4217 878 5925 3097 7518 4998 1042 1112 6218 8236 2091 994
 3400 1456 5794 1280 1248 6986 6163 6491 6514 6769 5982 7802 4581 4775
 1803 9514 4862 3446 2785 68 6298 9755 2660 4938 4615 5609 9294 6017 9919
 7588 2535 3892 2807 4632 5658 9666 4861 9694 974 5029 9274 6452 9657 4352
 8656 6326 1909 9126 5309 4520 8386 4921 7446 9121 1993 1868 1450 551 4094
 4843 411 3514 4808 9059 1145 370 5815 483 4051 9237 8598 5318 4264 4411
 3366 3726 734 3251 33 7267 1339 8840 4926 8440 1442 1858 8364 1552 724
 2251 3013 6859 3653 4550 9191 8300 2855 2978 8231 9609 5752 6206 8261
 1862 5506 6378 5559 9190 2755 8848 655 9160 725 6111 427 7654 8589 2957
 8939 5330 802 1790 531 5700 4537 6382 9774 2910 1480 2114 7224 9219 143
 2286 2422 1908 1501 4699 5435 8296 8084 6848 7517 7439 3408 1850 6466
 1074 8200 7785 9369 2409 7 9467 1056 5871 4700 705 9940 2774 9839 8886
 2472 6671 3025 5979 6234 7935 8580 2219 1765 9454 4355 5718 4238 6631
 4749 5532 2386 9676 8072 8131 6985 7145 6912 621 4870 1607 5582 5890 8112
 7188 8115 6232 5838 4135 3019 8629 4947 9646 8650 7916 5620 4646 9250
 2159 5234 8691 5184 4446 1228 9082 6440 15 5547 9503 2309 7430 4409 8494
 5825 4963 9073 2157 7314 9269 8973 9791 5350 8385 3806 7867 197 953 7539
 4155 3922 5961 5388 3183 7177 1304 8869 9157 2003 9819 7235 6133 7747 147
 3036 323 8241 453 7378 9050 8271 7524 870 5273 7168 6299 303 3455 6076
 6075 354 8619 7017 7628 4786 9145 3150 8677 646 5870 8450 1070 5808 771
 7310 7112 4285 1227 100 6753 7119 5148 577 42 4516 3696 9842 2630 8193
 4586 8276 2737 3752 1389 1372 7849 423 2814 6349 4282 247 8804 5905 5401
 284 7318 9506 7330 8753 4283 5552 1247 9140 2059 2992 9985 7399 9393 2394
 6545 4071 706 6802 7015 3051 4303 7513 4614 3164 160 3531 8174 313 1813
 6190 4463 5919 3165 3485 256 3237 232 2041 6564 4903 6993 9349 228 3354
 9223 7223 5645 3456 2044 6040 8817 1026 7105 6125 6962 8776 2240 9947
 1757 1772 58 1521 5516 2081 8161 7401 4307 1088 4306 3358 3414 5854]
[4097 8200 2059 15 6163 8212 6165 20 2081 6178 33 8231 4137 42 2091 8242
 58 4155 6206 2114 68 8261 6218 6232 6242 8296 112 8312 4217 2172 2173
 2176 2181 8326 2191 6298 2205 160 2213 2214 2216 4264 8362 2219 8370 178
 6326 2236 2251 4303 4307 8410 4315 2285 6382 237 6389 2293 8440 4352 4355
 275 8480 8484 6438 2350 8494 303 4409 2362 4411 323 2386 6491 4447 6496
 6497 356 4453 4463 368 6514 370 2422 387 8580 8586 4490 8589 6545 8598
 411 6564 4520 426 8619 427 6574 433 8629 4537 6590 4547 4548 8644 4552
 2509 4565 4574 6627 484 8677 4581 2535 483 4586 6637 8691 6647 8699 508
 6656 4614 4615 518 4632 2586 8735 549 4646 6697 2606 8752 6705 4660 565
 2630 4700 6750 2660 6765 8815 6769 2675 2679 4729 8828 639 8840 4748 4750
 8847 8848 655 6802 8850 675 4775 2729 6825 2737 4786 8886 697 6842 2752
 6848 2755 2762 6859 724 725 6876 734 2785 4843 6899 2807 2810 4861 4862
 8960 771 6916 779 6926 6934 2841 2845 6942 802 8996 4903 2855 6958 4917
 4926 4935 6986 4938 6993 853 4951 4955 7004 2910 2912 870 7015 7016 7017
 4967 9067 9065 878 7030 9090 2948 9093 4998 2957 910 9105 924 926 9120
 9121 2978 5029 5030 7082 948 9145 7097 3013 7112 9160 3019 7134 994 995
 9191 7145 5098 3051 7150 9209 9217 9218 9219 7174 9223 3083 3084 5134
 9231 1042 9237 3097 1056 9250 9269 7224 9274 1088 5184 7235 1100 9294
 1112 7257 3165 7267 3177 3183 1145 1167 3218 3220 9370 5274 1178 1185
 7330 9380 9385 3251 3253 5305 5309 3264 5318 9417 1227 5324 9428 1248
 3297 7398 7399 7401 9454 5369 9467 3324 1280 5388 1294 3343 3346 7443
 5398 7446 3354 7453 3358 3366 5416 9514 3381 1339 5435 3391 7491 3398
 3400 5454 5458 5459 7513 7518 3429 5479 3436 1391 9587 3446 1399 5506
 3463 1422 1429 5525 5532 3485 1442 7588 3494 1450 5547 1453 1456 9654
 1463 5559 9657 3514 9666 1479 1480 5582 7632 1494 1501 9694 9693 5600
 7654 5609 9709 1521 3571 5620 7673 5634 9734 5645 9742 3602 9750 5656
 9755 3614 7711 7716 7717 3622 1576 7723 1580 1581 9774 9785 3645 9794
 7747 5700 3653 1606 1612 5709 3674 9819 3682 3683 7785 1644 9839 5752
 3724 3726 1681 3735 9880 1693 5794 5817 9919 5825 9923 9926 9930 5841
 1746 9947 9953 7916 3821 9967 5872 7931 7935 9985 5890 1803 1804 7952
 5910 7958 7962 1823 7970 5925 5932 1837 7989 1850 3902 1862 5959 5961
 1868 8014 3922 3928 5979 5982 8033 5991 8047 1908 1909 6016 6017 8072
 3980 1933 1937 6040 1945 3997 1950 4002 1959 4012 8112 8115 6075 8131
 1993 4044 4051 6109 6111 4066 2022 4071 6122 8173 8174 6125 2032 6133
 6134 8183 2038 4094 57 8466 6180]
[8193 7 6163 8212 6165 20 2081 6178 8231 4135 4137 2091 8236 47 8241 8242
 4155 6206 68 6218 8271 2132 8286 95 6242 100 8300 2159 2173 2181 4238
 2191 147 6298 6299 2205 8357 2214 2213 4264 171 8364 2219 8370 178 6142
 188 2236 2240 8385 8386 2251 6349 4306 4307 214 4313 2267 2273 2276 6378
 6380 237 2286 6385 6389 8440 256 4352 4355 275 8473 8480 8484 6440 6444
 2350 303 2362 4411 323 2372 2386 342 6491 354 356 8553 2409 4463 368 370
 4476 387 8580 6535 8586 6545 4499 8598 411 418 4516 421 4520 2472 426
 8619 433 8633 6590 4547 4548 8650 2509 4559 4565 4574 483 4581 6631 4586
 2543 6640 8691 6647 508 2565 4615 6666 2571 525 531 2585 2586 4643 549
 4646 551 2606 8752 6705 4660 2630 6732 6753 2660 6765 8815 2675 2679 4729
 4730 8828 639 6786 6792 8840 4749 655 8854 675 8869 4775 6825 2737 6842
 2752 6848 2755 4808 6859 724 725 2774 4826 6876 734 2785 4843 6900 2807
 2810 4861 4862 771 4870 2829 6926 2841 2845 802 8996 2855 6958 4917 4921
 4926 9029 6985 6986 4938 845 4947 853 4951 7004 2910 9056 2912 9059 9061
 7016 9065 2923 9067 878 9073 7026 7030 9090 2948 4998 2957 2961 924 926
 9121 2978 5029 5030 9126 933 7082 948 9145 7097 7105 9157 7112 9160 974
 7124 3036 7134 5088 994 995 9190 7145 5102 7161 7174 9223 3084 5134 1040
 5141 9237 3097 7201 7202 3107 9250 9253 3113 1074 7224 9274 1088 1100
 9294 5200 7267 9316 1126 3174 1129 3177 1138 1145 1166 1167 3218 3220
 5272 5273 5274 9369 1178 5277 1181 3237 9385 3251 5305 5309 1227 1228
 5324 5330 1241 1248 3297 7398 5350 7401 3306 9464 5369 1280 7427 5388
 3343 7439 3346 7443 5398 7446 1304 5401 7453 3358 9503 3366 5416 3381
 1339 5435 3391 1346 7491 3400 1353 5454 5459 5460 3414 7513 1372 7518
 7524 3436 1391 1394 7539 3446 1399 5506 3463 9609 5516 5518 1429 5525
 5532 7588 3494 1453 1456 9654 1463 3513 9657 7611 3514 9666 1479 1480
 7628 5582 7632 5588 1494 7640 1501 9694 7654 5609 9709 5620 7673 5634
 9737 7689 5650 3602 9750 9753 5658 9755 3614 7711 7716 3622 1576 1581
 9774 9790 9794 7747 3653 3654 1612 7761 9810 1623 3674 9819 9823 3682
 3683 9829 7785 3696 9842 7802 1675 3724 1681 3735 5794 7849 5815 5817
 1724 9918 9919 1731 9923 1736 9930 5838 7887 1746 9940 1757 3808 9957
 1765 1768 7916 3821 5870 9967 5872 5871 1779 9981 1790 7935 5890 1803
 1804 7952 7956 7962 1823 5925 5932 3892 7989 1858 5956 1862 5959 1868
 8014 3922 3928 5991 1905 1909 6017 8069 8072 1933 8084 1945 1947 1950
 4012 8115 6075 6076 1993 4051 2011 6109 8161 4066 2022 6125 2032 6134
 8183 2038 4094 2169 575]
[948 1100 5305 9810 3084 2675 5274 5369 8553 675 6876 275 9750 1167 1581
 4729 8480 3571 6705 387 7952 2132 3513 356 4137 1138 5872 9923 2509 7443
 2032 4066 4750 5324 9967 8212 1453 8815 1422 1950 5088 4547 4548 6242 418
 8370 3264 214 5200 9753 3297 1429 433 6842 1494 5932 2172 2841 6637 7632
 5030 1933 6165 4565 7989 3391 8286 6765 2214 5459 4917 7030 6647 3928
 6134 924 1463 2191 178 7491 8699 1391 7723 6389 6825 368 9794 4012 2181
 6135 1399 5272 7082 1479 7962 8014 3436 1804 2752 2679 1681 3602 6178
 3735 2912 4217 878 5925 3097 4998 7958 1042 1112 9385 6218 8236 2091 994
 3400 5794 1280 9231 1248 6986 6491 6514 6769 5982 7802 4581 4775 9514
 4862 3446 2785 68 6298 9755 2660 4967 4938 4615 5609 9294 7453 6017 9919
 7588 2535 3892 2807 4632 5658 9666 4861 8069 9694 974 5029 9274 3343 6452
 9657 8656 6326 3682 1909 9126 5309 4574 5102 4520 2213 8386 4921 1993
 1868 1450 551 4094 4843 411 4447 4808 1823 1145 370 5815 483 4051 9237
 9709 8598 5318 4264 4411 3366 3726 734 3251 7267 1339 8840 3494 8440 3346
 2586 2251 3013 6859 3653 4550 2855 2978 8231 9609 5752 2205 8261 5506
 9190 20 2755 8848 933 6111 1937 2957 8939 5330 2293 5700 4537 6382 2910
 1480 2114 7224 7711 2286 2422 1908 8296 8084 7517 7439 3408 1850 8410
 2409 1056 5871 9940 9839 6671 5979 6234 1662 8580 2219 1765 9454 6109
 4951 5718 4238 6631 9428 4749 2386 3306 2011 3614 6912 5890 8112 5588
 1947 8115 6232 4135 8629 4947 6385 8644 3174 3324 9250 8996 5234 639 6440
 9957 9503 95 3785 6994 4490 1346 9088 2236 926 426 3654 2729 3683 3980
 9829 8854 8828 9253 7716 4044 2606 6640 9823 4730 9093 7761 4476 845 9790
 4114 6535 3463 7398 7861 7026 1166 7990 6786 3956 7016 3208 817 4552 1905
 4660 7285 5617 8752 4826 9665 2350 8102 7150 421 2549 3821 4409 8494 3618
 7970 7717 2157 5817 4864 5650 9269 8973 9791 218 3113 5350 8385 9370 7685
 3806 5841 7867 8633 4155 3922 2829 7559 3135 5961 5388 3183 7177 1304
 8202 8869 3550 9157 2003 9528 9819 7235 6133 3415 7747 147 9953 453 9090
 7378 3342 9050 7760 8271 7524 6444 870 5273 2961 6299 6237 2570 303 3455
 6076 171 354 565 8619 7017 2585 3150 8677 646 5870 771 549 7112 9625 4285
 8312 100 6753 1994 4313 7119 7689 5148 577 8419 42 6656 3696 2630 7427
 8193 484 8276 3752 1389 3601 2814 2525 4457 8473 6349 8804 5354 5187 5905
 9034 6952 5401 284 9506 4605 7611 9140 1294 2059 2992 2264 869 7399 9393
 4071 8033 6802 4614 119 3531 4169 8174 4463 2243 412 256 3237 232 6481
 8735 3354 9223 7223 5645 3456 2044 9421 8817 5597 3495 7775 6273]
[948 1100 5305 9810 3084 2675 5274 5369 8553 675 6876 275 9750 1167 1581
 4729 8480 3571 6705 387 7952 2132 3513 356 4137 1138 5872 9923 2509 7443
 2032 4066 4750 5324 9967 8212 1453 1422 1950 5088 4547 4548 6242 418 8370
 3264 214 5200 9753 3297 1429 433 6842 1494 5932 2172 2841 6637 2810 6590
 7632 9417 5030 1779 1576 9316 2362 1933 6165 4565 7989 3391 6765 2214
 5459 4917 7030 6647 7004 3928 6134 924 1463 2191 7491 8699 7723 9654 368
 9794 4012 2181 1399 5272 7082 1479 7962 4748 2948 3436 1804 6926 2752
 2679 1681 3602 6178 9587 2912 4217 878 5925 3097 7518 7958 1112 9385 6218
 8236 2091 994 3400 1456 5794 1280 9231 1248 6986 6163 6491 6514 6769 5982
 7802 4581 4775 1803 9514 4862 3446 2785 68 6298 9755 2660 4967 4938 4615
 5609 9294 7453 6017 9919 7588 2535 2807 4632 5658 8069 9694 974 5029 9274
 6452 9657 4352 8656 6326 3682 1909 9126 5309 4574 5102 4520 2213 7161
 8386 4921 9121 1993 1868 551 4094 1181 4843 411 4447 3514 4808 9059 1823
 370 5815 483 4051 5959 8598 5318 4264 518 734 3218 3251 33 7267 3808 1339
 8840 4097 8440 1442 1858 1552 724 6859 3653 4550 8231 5752 6378 9190 2755
 8326 933 9160 6111 3083 1937 8589 802 1790 2293 531 2910 1480 2114 9704
 3107 2286 2422 1908 1501 4699 8296 6848 1850 9369 7 5871 2273 2774 2472
 6671 3025 5979 6234 7935 8580 2219 1765 9454 4355 3724 4951 5718 4238
 9428 4749 6380 8131 3306 2011 6912 621 2038 4870 1607 5582 5890 2867 1538
 1947 7188 8115 6232 995 7673 4135 3019 5458 4947 9693 8644 9918 8484 4646
 7674 8996 2159 8691 5184 4499 1228 9082 6440 9957 2276 1129 916 3785 9061
 2923 1736 2236 926 9930 426 3654 2173 1693 3674 3220 9253 9926 6640 9093
 9790 6535 7861 1166 3208 817 7285 5617 4826 9742 3821 9737 7970 7717 9073
 5634 8973 9791 218 5350 9370 7685 2829 5388 7177 3550 9157 2003 9819 7235
 6133 147 3036 3962 323 9953 7378 5819 9050 9105 47 2570 7536 3455 171 565
 2585 4786 9145 3150 8677 646 5808 771 549 7112 6841 1994 118 2267 4313
 8672 7119 7689 5148 8419 42 473 4516 2630 7427 8193 1945 4586 8276 2737
 1389 1675 1372 7849 423 3373 2814 2525 4457 4449 6349 4282 247 8804 5354
 5905 9034 6952 5401 284 4147 7318 9506 8753 4283 1394 4605 7611 1294 2059
 2264 869 9985 3902 4718 9234 6545 4071 706 6802 6530 7015 6913 3051 7513
 9216 4614 3164 160 3531 9785 4169 8174 313 1813 6190 4463 5919 9048 2243
 4315 3165 3485 412 256 7887 3237 232 6750 6564 6481 4903 8735 6993 9349
 228 3354 3522 7223 5645 5910 2044 4643 9421 8817 6958 1275 6438 6962 8776
 2240 7174 1757 1772 7097 58 2377]
[8939 802 1790 2293 531 5700 4537 9774 237 2910 1480 9704 3107 7224 9219
 143 7711 2286 2422 1908 5435 8296 6848 7517 7439 1850 6466 1074 8200 7785
 8410 9369 2409 7 9467 1056 4700 2273 705 9940 2472 6671 5098 5134 5979
 1662 8580 2219 1765 9454 6109 6122 4355 1178 5718 6631 1157 6142 6380
 2386 9676 8131 3306 2011 7145 6912 2038 4870 5582 5890 5588 2867 1538
 1947 7188 8115 6232 5838 995 7673 3019 5458 4947 6385 8650 7916 9918 5620
 3324 4646 9250 7674 8996 5234 8691 4499 1228 9082 6440 5547 1129 9503 95
 3785 9061 188 1606 4490 1346 2236 6496 6497 9930 5600 1693 4559 3674 7712
 9829 3220 9253 7716 2606 4730 4476 845 3463 7398 7026 1040 5617 4826 421
 2549 6916 3618 5825 4963 9073 2157 4864 7314 8973 218 3113 8385 7685 3806
 7675 7539 4155 3922 7559 5961 5388 4504 2003 9528 9819 7235 7747 147 3036
 453 3342 9050 8271 6444 870 8960 5273 7168 342 2570 303 3455 6076 354
 7628 4786 9145 646 5870 8450 1070 771 549 9625 2267 4313 42 6656 3696
 2630 7427 4586 8276 3752 1389 423 8473 6349 4282 5187 8753 9140 7007 2059
 2992 869 4718 9393 6545 4071 4614 119 3164 3531 313 4463 5919 2243 9593
 4315 3485 412 256 3237 232 6564 6481 6993 3456 2044 4643 8817 7105 6958
 6962 2240 1772 7097 58 1580 5956 8357 853 8183 9056 1241 3059 2372 5518
 2571 9981 2444 5416 1731 8161 7401 1088 6016 3358 3414 2022 5454 4423
 2762 5277 5229 3622 4453 150 1704 4735 8226 1837 7572 1126 8847 7640 8687
 5719 5709 9218 1768 2565 8731 7931 8234 3587 8850 6973 697 7143 1959 508
 2432 4002 6942 790 2216 948 1100 5305 3084 2675 5274 5369 8553 675 6876
 275 9750 1581 4729 8480 3571 387 7952 4137 5872 9923 2509 7443 4066 4750
 5324 9967 1453 8815 1422 5088 4547 4548 6242 418 8370 3264 214 5200 9753
 3297 433 6842 1494 5932 2172 2841 6637 2810 6590 7632 5030 1779 9316 2362
 1933 6165 4565 7989 3391 8286 2214 4917 7030 6647 7004 3928 924 1463 2191
 5525 8699 1391 7723 6825 9654 368 4012 2181 6135 1399 7962 8014 2948 3436
 1804 2752 2679 1681 6178 9587 3735 4217 5925 7518 4998 7958 1112 6218
 8236 994 1456 1280 9231 1248 6163 6769 5982 7802 4581 1803 9514 3446 2785
 6298 9755 4967 4938 4615 5609 7453 6017 7588 2535 3892 2807 4632 5658
 4861 9694 974 9274 3343 6452 9657 4352 8656 6326 3682 1909 5309 4574 5102
 4520 2213 8386 4921 7446 1993 1868 1450 551 4447 4808 9059 1823 370 5815
 483 4051 5959 9709 8598 5318 7134 4264 4411 3366 3726 518 734 3218 3251
 33 7267 3808 8840 3494 4926 4097 8440 1442 1858 8364 724 2586 2251 3013
 6899 6859 1746 3653 4550 9191 6574 8300 2855 2978]
[948 1100 5305 9810 3084 2675 5274 5369 8553 675 6876 275 9750 1167 1581
 4729 8480 3571 6705 387 7952 2132 3513 356 4137 1138 9923 2509 7443 2032
 4066 4750 5324 9967 8212 1453 8815 1422 1950 5088 4548 6242 418 8370 214
 5200 9753 3297 1429 433 6842 1494 5932 2172 2841 6637 2810 6590 7632 9417
 5030 1779 1576 9316 2362 1933 6165 4565 7989 3391 8286 2214 7030 6647
 7004 3928 6134 924 5525 178 7491 8699 1391 7723 6389 6825 9654 368 9794
 4012 2181 6135 1399 5272 7082 1479 7962 8014 4748 2845 2948 3436 6926
 2679 1681 6178 9587 3735 2912 4217 878 5925 3097 7518 7958 1042 1112 9385
 994 3400 1456 5794 1280 9231 1248 6986 6163 6514 6769 5982 7802 4581 4775
 1803 9514 4862 3446 2785 68 9755 2660 4967 4938 5609 9294 7453 6017 9919
 7588 2535 3892 4632 9666 974 5029 9274 3343 6452 8656 6326 3682 1909 9126
 5309 4574 5102 4520 2213 7161 8386 4921 1993 1868 551 4094 1181 4843 4447
 3514 4808 9059 1823 5815 483 4051 5959 9709 8598 5318 4264 3366 3726 518
 734 3218 3251 33 7267 3808 1339 8840 3494 4926 4097 8440 1442 1858 8364
 3346 2586 2251 6899 1746 3653 4550 6574 2855 2978 8231 9609 5752 6206
 8261 1862 5506 9190 20 2755 8848 655 8326 933 9160 725 6111 3083 1937
 7654 2957 8939 802 1790 2293 5700 4537 6382 237 2910 9704 3107 7711 2286
 2422 8296 7517 7439 3408 8200 7785 9369 7 9467 5871 705 2774 9839 2472
 3025 5098 5134 5979 6234 7935 1662 1765 6122 4355 5718 4238 9428 4749
 5532 9676 8072 8131 6985 7145 6912 621 2038 4870 1607 5582 5890 2867 1538
 8115 6232 7673 4135 3019 8629 9646 9693 7916 3174 5620 4646 7674 2159
 8691 4499 9082 2276 9503 3785 9061 188 2923 6994 1346 6497 332 426 2173
 4559 3674 1353 9829 8854 8828 9253 7716 1612 6640 9823 4730 5991 4114
 3956 8128 7016 1040 7285 2350 8102 421 6916 3618 9073 5634 4864 7314 9791
 218 197 5961 5388 3183 8869 3550 9157 9528 9819 6133 3415 147 3962 9090
 5819 9050 9105 47 5990 7017 2585 7628 9145 3150 646 8450 1070 5808 771
 7310 9625 1227 8312 100 6841 1994 118 2267 7956 7119 7689 5148 774 8419
 5115 473 8193 4586 8276 2737 3752 1389 1675 1372 3373 2814 2525 8473 6349
 247 5354 284 3063 4147 7318 9506 4283 4605 5552 7007 2992 869 7399 3902
 4718 2394 6545 4071 8033 706 1644 6802 6530 7015 3051 4303 7513 1118 9216
 4614 119 3164 9785 8174 313 4463 5919 9048 256 3237 232 6750 4903 8735
 6993 228 9223 3522 7223 5910 3456 2044 6040 8817 7105 6125 6958 1275 6438
 6962 8776 2240 9947 7174 1757 1772 7097 1172 5479 1580 5516 3177 8183
 9734 1241 3059 5518 2444 3381 7401 1088 9067 1724 4453 1837]
[5318 4411 3366 3726 518 734 3218 3251 33 8840 4926 4097 8440 1858 3346
 2586 6859 3653 9191 8300 2978 8231 2205 1862 5506 6378 5559 9190 2755
 8848 655 933 9160 6111 3083 427 1937 7654 2957 8939 5330 2293 5700 4537
 9774 237 1480 2114 9704 3107 7224 9219 143 2286 5435 6848 7517 7439 1850
 1074 8200 7785 8410 9369 2409 1056 5871 4700 705 9940 2774 8886 6671 5098
 5134 6234 7935 1662 8580 9454 6109 6122 4355 1178 5718 4238 6631 9428
 1157 5532 2386 9676 8072 3306 3614 6912 621 2038 4870 5582 8112 1538 1947
 7188 6232 5838 3019 8629 9646 9693 6385 8644 8650 9918 5620 9250 639 8691
 4499 6440 15 1039 2276 9503 916 95 2309 9061 799 2923 1606 6994 1736 9088
 2236 6496 9930 332 426 3683 2173 5600 4559 3980 8828 3220 8242 9253 7716
 4044 6640 525 4730 9093 5991 4476 9790 4114 6535 3429 7398 7026 1166 7990
 6786 3956 3208 1040 4552 1905 4826 8102 7150 6916 9737 4409 8494 5825
 4963 7717 2157 5634 7314 5650 9269 5350 8385 7685 3806 7675 8633 953 4155
 3922 7559 3135 5961 5388 4504 3183 8202 3550 7235 7747 3962 323 8241 9050
 7202 5273 6237 6076 2585 1070 549 6753 2267 4313 7119 7689 5148 774 5115
 42 3696 2630 8193 2737 1389 2814 8473 4282 247 5187 5905 9034 5401 4147
 7318 9506 7330 8753 5552 1247 9140 2059 869 7399 4718 6545 4071 8033 1118
 3164 3531 6190 5919 2243 6481 6993 5645 2044 4643 1026 2240 1772 58 2571
 9981 3381 8161 4306 3622 4453 1837 8847 9780 5719 5709 697 2432 3253 6942
 945 790 2216 9820 3645 4935 920 6065 8823 1996 8977 888 5084 811 8642
 5417 478 7509 6329 4442 6144 5893 4036 3561 3204 3420 121 7176 8229 3211
 5424 3600 6698 7644 3741 5086 3953 8275 5081 6787 7263 9968 4630 4981
 7159 3481 7598 3430 279 948 1100 5305 9810 3084 2675 5274 5369 8553 675
 6876 275 9750 1167 1581 4729 8480 3571 6705 387 7952 2132 3513 356 4137
 1138 5872 9923 2509 7443 4066 4750 5324 9967 8212 1453 8815 1422 1950
 5088 4547 4548 6242 418 214 5200 9753 3297 1429 433 6842 2172 2841 6637
 2810 6590 7632 9417 5030 1779 1576 9316 2362 1933 6165 4565 8286 6765
 7030 6647 3928 924 2191 5525 178 7491 8699 7723 6389 6825 9654 368 9794
 4012 2181 6135 1399 5272 7082 1479 7962 8014 4748 2845 2948 3436 1804
 6926 2752 2679 1681 3602 6178 9587 3735 4217 878 5925 3097 7518 4998 7958
 1042 1112 9385 6218 8236 2091 994 3400 1456 5794 1280 9231 1248 6986 6491
 6514 6769 5982 7802 4581 4775 1803 9514 4862 3446 2785 68 6298 9755 2660
 4967 4938 4615 5609 9294 7453 9919 7588 2535 3892 2807 4632 5658 8069
 9694 974 5029 9274 3343 6452 9657 4352 8656 6326 3682 1909]
[4097 15 4114 8212 6165 33 6178 8226 37 8231 4135 42 2091 8236 8234 47
 8241 8242 4155 8261 6218 78 2132 8276 6232 6237 95 6242 100 2157 4094
 2166 8312 4217 2173 2181 4238 2191 147 2205 2214 2219 8364 171 8370 178
 6326 2236 2240 2243 195 2251 6349 4303 4306 8183 4307 2264 2267 2273 8419
 2276 6378 6380 2285 6385 247 4355 2309 275 8480 6440 2350 8494 6452 4409
 2362 4411 323 2372 4423 332 2386 342 2394 6491 4446 4447 356 8553 4457
 4463 6531 8580 6535 2444 4499 8598 2454 4504 4516 421 4520 2472 8619 6574
 8633 4548 4550 4552 8650 2509 4559 4565 473 4574 2526 4581 8677 2535 6631
 6637 2543 6640 2549 6647 8699 508 2565 518 6666 6671 4632 2586 8731 4643
 4646 2606 8752 8753 4700 2660 8804 621 4718 8815 6769 2675 4725 2679 631
 4729 4730 8828 637 639 6783 8840 4749 8850 8854 675 4775 6825 2737 4786
 8886 6842 2752 706 6856 2762 6859 724 2774 4826 6876 6879 2785 6881 2795
 6899 6900 2807 2810 4861 6912 6916 4870 790 2841 2845 6958 2867 4917 6970
 9031 6985 4938 845 6993 853 9050 4955 7004 7007 9056 9059 4963 9061 870
 7015 7016 7017 2923 9067 878 7026 9082 9088 9090 2948 9093 4998 910 9105
 916 926 9121 2978 5030 7082 2992 948 953 7105 3013 974 7119 7124 5088 994
 995 9190 9191 7145 5098 7150 3063 7168 1026 7174 9223 3084 5134 1039 1042
 7188 9237 3097 9250 7202 9253 3120 9269 9274 5184 1088 7235 1100 3150
 5200 1112 7257 3164 1118 7267 1126 1129 3177 3181 1138 7285 1157 3208
 1166 1167 3218 7314 3220 7318 5272 5273 5274 1178 5277 9380 3237 9393
 3251 5305 5309 3264 9417 9421 9428 1241 1248 3297 7398 7399 7401 3306
 9454 5369 1275 3324 5374 1280 7427 3346 7443 7453 9503 3366 5416 3373
 3381 1339 1346 3400 1353 5454 5458 5459 3414 7513 7518 1391 7536 9587
 3446 3452 3456 5506 3463 7559 3464 5518 7572 1429 5525 3485 1442 7588
 3494 9646 1456 1463 5559 9657 3514 9665 9666 1479 9676 7628 7632 5588
 1494 7640 9693 9694 5600 5609 1521 3571 5620 7673 7674 5645 9742 1552
 3601 3602 9750 9753 9755 3614 7712 3618 7716 7717 3622 1576 7723 1580
 3645 9794 3653 1606 1607 3654 1612 5709 7761 9810 5718 9819 9823 3682
 1644 9839 3696 7802 3724 5774 3735 3752 7849 1704 7861 5815 5817 9918
 9923 1731 1736 9930 1739 1746 9940 1757 3806 3808 1765 9957 1768 3821
 9967 5872 5871 1779 5878 5890 7941 1803 1804 7952 5909 7958 1813 5910
 7962 7970 5925 1837 3892 7989 1858 1868 3922 3928 5979 5982 5990 5991
 8048 1905 3956 3962 6016 8072 3980 1945 1947 8102 4012 8115 6075 6076
 4032 1986 8131 1993 1994 2003 8153 8161 4066 2022 8173 8174 6125 6133
 6134 2038 2044 6142 184]
[853 9056 1241 3059 2444 3381 5416 4307 4306 3358 5454 2166 5229 4453 8226
 1837 7572 1126 8687 5719 2565 8586 9380 2176 7931 3587 8850 1959 508 2432
 4002 3253 9880 945 790 8047 4935 9965 4924 6856 5894 4725 3398 637 2285
 779 5023 9217 8932 1051 2704 4561 9888 2543 5460 4032 680 6900 5955 3236
 6709 1244 3120 85 4654 37 2320 6881 5763 1832 7795 5306 9616 7941 9584
 2526 6678 5649 2676 7831 2629 5799 7930 9068 2592 2795 1593 948 1100 5305
 9810 3084 2675 5274 5369 8553 675 6876 275 9750 1167 1581 4729 8480 3571
 6705 387 7952 2132 3513 356 4137 1138 5872 9923 2509 7443 2032 4066 4750
 5324 9967 8212 1453 8815 1422 1950 5088 4547 4548 6242 418 8370 3264 214
 9753 3297 1429 433 6842 1494 5932 2172 2841 6637 2810 6590 7632 9417 5030
 1779 1576 9316 1933 6165 4565 7989 3391 8286 6765 2214 5459 4917 7030
 6647 7004 3928 924 1463 2191 5525 178 7491 8699 1391 6825 9654 368 9794
 4012 2181 6135 1399 5272 7082 1479 7962 8014 4748 2948 3436 1804 2752
 2679 1681 3602 6178 9587 2912 4217 878 5925 7518 4998 7958 1112 9385 2091
 994 3400 1456 5794 1280 9231 6986 6163 6491 6769 5982 7802 4581 4775 1803
 4862 3446 2785 6298 4967 4938 5609 7453 6017 9919 7588 3892 2807 4632
 5658 4861 974 5029 9274 3343 6452 8656 6326 1909 9126 5309 4574 4520 2213
 7161 7446 9121 1868 551 4094 4843 4447 4808 9059 1823 1145 370 4051 9237
 8598 5318 7134 4411 3726 518 734 3218 33 3808 1339 8840 3494 4926 4097
 1858 8364 3346 2586 2251 6899 6859 3653 4550 8300 2855 2978 9609 5752
 2205 8261 1862 5506 6378 5559 9190 20 2755 8848 8326 933 9160 725 427
 1937 7654 2957 8939 5330 802 1790 2293 531 5700 6382 237 1480 3107 143
 7711 2286 2422 1908 4699 5435 8296 6848 7517 3408 7313 1850 1074 8200
 7785 8410 9369 2409 9467 1056 5871 4700 2273 705 9940 8886 2472 6671 3025
 5098 5134 5979 6234 7935 8580 2219 1765 9454 6122 4355 3724 5718 4238
 6631 9428 1157 6142 4749 6380 5532 2386 9676 8072 3306 2011 6985 3614
 6912 621 2038 1607 5582 5890 8112 5588 2867 1538 1947 7188 8115 6232 5838
 995 3019 8629 4947 9646 9693 6385 8644 6666 7916 9918 5620 3324 8484 2159
 8691 5184 4446 15 5547 1129 916 95 3785 2309 9061 799 1739 188 1606 9088
 6496 6497 9930 2729 3683 2173 1693 3674 7712 3980 9829 8854 3220 8242
 9253 7716 9926 1612 4044 2606 6640 7761 5991 4476 4114 6535 3463 3429
 7861 7026 3956 7016 3208 817 1040 1905 7285 5617 4826 9665 9742 8102 421
 9737 3618 5825 7970 7717 8173 9073 2157 5817 9269 8973 9791 218 3113 5350
 8385 3806 7867 8633 7539 4155 9031 2829 7559 3135 5961 4504 9528]
[948 1100 5305 9810 3084 2675 5274 5369 8553 675 6876 275 9750 1167 1581
 4729 8480 3571 6705 387 7952 2132 3513 356 4137 1138 5872 9923 2509 7443
 2032 4066 4750 5324 9967 8212 1453 8815 1422 1950 5088 4547 4548 6242 418
 8370 3264 214 5200 9753 3297 1429 433 1494 5932 2172 2841 6637 2810 6590
 7632 9417 5030 1779 1576 9316 2362 1933 6165 4565 7989 3391 8286 6765
 2214 5459 4917 7030 6647 7004 3928 6134 924 1463 2191 5525 7491 8699 1391
 7723 6389 6825 9654 368 9794 4012 6135 1399 5272 7082 1479 7962 8014 4748
 2845 2948 3436 1804 6926 2752 1681 3602 6178 9587 3735 2912 4217 878 5925
 3097 7518 4998 1042 1112 9385 6218 8236 2091 994 3400 1456 5794 6986 6163
 6491 6514 6769 5982 7802 4581 4775 1803 9514 4862 3446 2785 68 9755 4967
 4615 5609 7453 6017 7588 2535 3892 2807 5658 4861 8069 9694 974 5029 9274
 3343 6452 9657 4352 8656 3682 1909 2213 7161 8386 4921 7446 9121 1993
 1450 551 4094 1181 4843 4447 3514 4808 9059 1823 1145 370 483 4051 9237
 5959 8598 5318 7134 4264 4411 3366 3726 734 3218 3251 33 3808 8440 1858
 3346 9065 1552 724 2586 2251 3013 6859 1746 4550 8300 2978 2205 8261 1862
 6378 5559 20 2755 8848 655 8326 933 9160 725 7654 802 531 5700 9774 237
 2910 1480 2114 9704 3107 7224 9219 143 7711 2286 2422 5435 8296 8084 7439
 7313 1850 1074 8200 7785 9369 2409 7 1056 5871 9839 6671 3025 5098 5134
 5979 1662 8580 2219 1765 9454 6109 3724 1178 4951 5718 4238 6631 9428
 1157 6142 5532 2386 9676 8072 8131 2011 6985 3614 7145 6912 621 2038 5582
 5890 8112 5588 2867 1947 7188 6232 5838 995 4135 3019 8629 4947 9646 8650
 6666 7916 3174 5620 3324 4646 4446 4499 9082 15 5547 9957 95 3785 2309
 799 188 2923 1736 1346 2236 6496 926 9930 332 426 3654 2729 5600 1693
 4559 3980 8828 3220 9253 1612 6640 525 7761 4476 4114 6535 9029 7398 7861
 7026 3208 1040 1905 7285 5617 8752 9665 2350 7150 2549 3821 3618 5825
 4963 7970 7717 5817 5634 5650 9269 8973 218 3113 5350 9370 3806 7675 7867
 8633 953 4155 2829 3135 5961 5388 3183 7177 8869 9050 8271 7202 7524 5990
 6444 9209 8960 7168 7257 7536 3455 6075 171 565 8619 7628 4786 8677 646
 5909 1070 771 7112 9625 4285 6753 1994 118 7956 5148 42 3696 9842 7427
 4586 484 8276 1389 3601 7849 2814 8473 6349 4282 5187 6952 5401 7318 7330
 7611 1247 7007 9590 2992 9985 7399 3902 9234 9393 6545 119 9785 5919 9593
 6481 228 6958 1275 8776 58 1580 2081 1731 4423 1704 8226 9218 1959 4436
 4924 6697 2285 4561 9888 3230 2543 9262 5460 9441 4032 6900 5955 3822
 2136 1244 7411 1986 3458 6678 5649 2676 5192]
[4097 7 15 6163 8212 6165 20 33 6178 2081 8231 4135 4137 42 2091 47 4147
 58 4155 6206 68 4169 6218 8271 2132 8276 6232 95 6242 8296 8300 2157 119
 8312 2172 2181 4238 2191 147 6298 2213 2214 8357 4264 8362 2219 171 8370
 178 6326 4282 4283 188 8385 8386 2243 2251 6349 4306 8183 4307 214 2264
 4313 8410 218 2273 8419 228 6378 6380 6385 6389 247 4352 4355 275 8480
 6440 6444 6452 2362 4411 2372 6481 2386 6491 6496 4449 8553 4463 368 6514
 370 2422 4476 387 6535 2444 6545 4499 8598 411 412 418 421 4520 2472 427
 433 8629 4537 6590 4547 4550 4552 2509 4559 8656 4565 473 2525 4574 483
 4581 2535 6631 6637 6640 2549 6647 8699 518 6671 531 8735 549 4646 551
 6705 8753 565 2630 8776 6732 6750 2660 8804 6765 621 8815 6769 8817 2675
 2679 4729 6786 646 8840 4748 4749 4750 655 8848 6802 675 4775 6825 2737
 4786 8886 6841 2752 6848 706 4808 2774 6876 2785 6899 4861 4862 6912 4864
 6913 771 4870 8973 6926 2841 2845 799 8996 6962 2867 4921 4926 6985 6986
 4938 9034 6993 4947 853 4951 9050 7004 2910 7007 2912 9059 9061 7015 9065
 2923 9067 878 7030 9088 2948 9093 4998 924 9121 2978 5029 5030 9126 933
 7082 948 9145 7097 7105 3013 9160 3019 974 7119 3036 7134 5088 995 7145
 3051 5102 3063 9216 1026 9219 3083 3084 5134 9231 1040 1042 7188 9237
 3097 7202 3107 9253 1070 1074 9269 7223 7224 9274 3135 5187 9294 3150
 5200 1112 3165 9316 1129 1138 5234 1157 3208 1167 7318 5272 9369 5274
 1178 9370 5273 7330 3237 9385 9393 3251 5305 5309 5318 9417 1227 5324
 5330 9428 1248 3297 7398 5350 7399 3306 9454 9464 5369 9467 1280 7427
 3342 3343 7439 3346 7443 7446 7453 3358 9503 3373 1339 5435 3391 7491
 3400 5459 3415 7513 1372 7517 7518 7524 3436 1389 1391 7536 1394 9587
 7539 3446 1399 9593 3463 7559 9609 5516 5518 1429 5525 5532 3485 1442
 3494 1450 9646 1456 9654 1463 3513 9657 3514 7611 9666 1479 1480 9676
 7628 5582 7632 1494 1501 9694 9693 9704 5609 3571 1538 7685 9734 9737
 3601 3602 9750 9753 5658 9755 3614 7711 1576 1580 1581 9774 9785 9794
 5700 3653 1606 7761 9810 5718 3674 9823 3682 3683 7785 9839 9842 7802
 1662 3724 3726 1681 5794 3752 7849 5808 5815 5817 7867 5819 9919 5825
 9923 1736 5838 7887 9940 3806 3808 9953 1765 9957 7916 3821 9967 5872
 1779 9981 7935 5890 1803 1804 7952 5905 5909 7958 1813 5910 7962 1823
 7970 5932 3892 7989 3902 1862 1868 3922 3928 5979 5982 5990 1909 3962
 6016 8069 8072 1937 8084 1947 1950 4012 8112 8115 6075 6076 8131 1993
 4044 4051 2011 6109 6111 4066 8173 6125 2032 6133 6134 6135 2038 2041
 6142 5689 898 6863]
[948 1100 5305 9810 3084 2675 5274 5369 8553 675 6876 275 9750 1167 1581
 4729 8480 3571 6705 387 7952 2132 3513 356 1138 5872 9923 2509 7443 2032
 4066 4750 5324 9967 8212 8815 1422 5088 4547 4548 6242 418 3264 214 5200
 3297 1429 433 6842 1494 5932 2172 2841 6637 2810 6590 7632 9417 5030 1779
 1576 9316 1933 6165 7989 3391 8286 6765 2214 5459 4917 7030 7004 6134 924
 1463 2191 5525 178 7491 8699 1391 7723 6825 9654 368 9794 4012 2181 6135
 1399 5272 7082 1479 7962 8014 4748 2845 2948 3436 1804 6926 2752 2679
 1681 3602 6178 3735 2912 4217 878 5925 3097 7518 4998 7958 1042 1112 9385
 6218 8236 2091 994 3400 1456 5794 1280 9231 1248 6986 6491 6514 6769 7802
 4581 4775 1803 9514 4862 3446 2785 68 6298 9755 2660 4615 5609 9294 6017
 7588 2807 4632 4861 9694 974 5029 9274 6452 4352 8656 9126 5309 4574 5102
 4520 2213 7161 4921 7446 1993 1868 1450 4094 1181 4843 411 4447 3514 4808
 1823 1145 5815 483 4051 9237 5959 9709 8598 5318 4264 4411 3366 518 734
 3218 3251 33 3808 1339 8840 4097 1442 1858 9065 1552 724 2586 6899 6859
 1746 4550 8300 2855 2978 8231 2205 6206 8261 1862 5506 6378 9190 20 2755
 8848 655 8326 933 9160 725 427 1937 7654 2957 8939 5330 802 1790 2293 531
 5700 4537 9774 237 2910 1480 2114 9704 3107 7224 7711 2422 1501 8296 6848
 7517 7439 3408 7313 6466 1074 8200 7785 8410 2409 9467 1056 5871 9940
 2774 9839 2472 3025 5098 5979 6234 7935 1662 8580 2219 9454 6109 6122
 4355 3724 1178 5718 4238 6631 9428 1157 6142 4749 6380 5532 2386 9676
 8072 8131 2011 6985 3614 7145 6912 4870 5582 5890 5588 2867 1538 1947
 8115 4947 9646 9693 8644 6666 7916 9918 3324 4646 8691 4446 4499 15 1739
 188 4490 2236 8362 332 3654 3683 5600 4559 7712 8854 8828 8242 7716 1612
 6640 9823 4730 7761 5991 9790 9029 7398 7861 7026 1166 7990 6786 817 1040
 4552 1905 4826 9665 9742 8102 4963 7970 218 5350 8633 3922 7559 3135 3183
 323 453 5819 6299 2570 7536 6075 565 8619 2585 7628 4786 646 5870 1070
 771 549 4285 1227 6841 6753 1994 774 8419 5115 6656 6732 2630 7427 1945
 484 3752 1389 1372 3373 2814 4457 4282 5187 5905 5401 3063 7318 8753 1394
 1247 9140 1294 2992 9985 7399 9393 8033 7015 4303 119 3164 160 9785 8174
 313 5919 2243 3165 256 7887 3237 232 4903 8735 6993 9349 228 3354 9223
 3522 7223 2044 6040 9421 8817 1026 7105 6125 1275 6438 6962 1772 7097
 1521 1172 5479 5516 8357 853 9056 2081 1241 5416 1731 7401 1088 9067 4306
 3414 3181 5454 2166 5277 5229 4453 1704 4735 1837 1126 7640 8687 5719
 5709 2565 8586 9380 2176 7931 8234 697 4077 3577 6633]
[948 1100 5305 9810 3084 2675 5274 8553 675 6876 275 9750 1167 1581 4729
 8480 6705 387 7952 2132 3513 356 4137 1138 5872 9923 2509 7443 2032 4066
 4750 5324 9967 8212 1453 8815 1422 1950 5088 4547 4548 6242 418 8370 3264
 214 5200 9753 3297 1429 433 6842 1494 5932 2172 2841 6637 2810 6590 7632
 9417 5030 1779 1576 9316 2362 1933 6165 4565 7989 3391 8286 2214 5459
 4917 7030 7004 3928 924 1463 2191 5525 178 7491 8699 1391 7723 6389 6825
 9654 368 9794 4012 2181 6135 1399 5272 7082 1479 7962 4748 2845 2948 3436
 1804 6926 2679 1681 9587 2912 4217 878 5925 3097 7518 4998 7958 1042 1112
 9385 6218 8236 2091 3400 1456 1280 9231 1248 6514 5982 7802 4581 4775
 1803 9514 3446 68 6298 9755 4967 4938 5609 9294 7453 6017 9919 7588 2535
 2807 4632 5658 9666 9694 974 5029 9274 3343 6452 9657 4352 8656 6326 1909
 9126 5309 4574 5102 4520 2213 7161 8386 4921 7446 1993 1450 551 1181 4843
 411 3514 4808 1823 1145 370 483 4051 9237 7134 4264 3366 518 734 3251 33
 3808 1339 8840 3494 4097 8440 1858 8364 3346 1552 724 2251 3013 6899 6859
 3653 4550 9191 6574 8300 2978 8231 9609 5752 2205 6206 8261 5506 6378
 5559 9190 20 8848 655 725 6111 3083 7654 8589 8939 5330 802 1790 2293 531
 5700 6382 9774 2910 1480 2114 3107 7224 9219 143 2286 1501 4699 8296 8084
 6848 7313 1850 6466 8200 8410 9369 9467 1056 5871 4700 705 9940 9839 8886
 2472 6671 3025 5098 5134 5979 6234 7935 1662 2219 1765 9454 6109 4355
 3724 4951 5718 4238 6631 5532 2386 9676 8072 2011 7145 6912 1607 5582
 8112 1538 8115 5838 4947 6385 8644 6666 7916 9918 4646 8996 1228 15 2276
 799 1736 6496 926 3683 7712 3220 9253 9093 4476 845 9790 4552 4660 8752
 2350 8102 3821 5825 7717 5634 9269 218 3113 7685 7675 4155 2829 7559 5961
 5388 4504 1304 8202 8869 2003 6133 3415 7747 3962 7760 9105 6444 5273 342
 7257 6237 2570 6075 354 8619 7628 4786 3150 646 5909 7112 1227 100 6753
 1994 118 7956 8672 8419 473 8193 1945 4586 2737 7849 3373 4457 4449 8473
 8804 5905 6952 5401 7318 7330 8753 5552 1247 7007 2264 869 9985 7399 3902
 4718 9234 9393 6545 4071 706 1644 6530 7015 6913 4303 7513 1118 9216 4614
 119 3164 160 3531 9785 4169 313 1813 6190 4463 5919 9048 2243 3165 3485
 412 7887 7097 1241 1731 9067 3358 3181 2022 4423 3622 9218 2565 8586 7931
 697 508 5487 6792 5656 4002 6942 790 9965 6856 4725 2285 2634 779 112
 8932 5141 2704 5460 3464 7201 6900 3236 3822 85 2223 5878 6553 7795 3440
 6879 5306 78 8048 2288 5799 8428 9068 2592 6 6970 3452 5374 2504 8511 863
 8041 5806 2015 5106 7283 5706 3582]
[948 1100 5305 9810 3084 2675 5274 5369 8553 675 6876 275 9750 1581 4729
 8480 3571 387 7952 2132 3513 356 4137 1138 9923 2509 7443 2032 4066 5324
 9967 8212 1453 8815 1422 5088 4547 6242 418 8370 3264 214 5200 9753 3297
 1429 433 6842 1494 5932 2172 2841 6637 2810 6590 7632 1779 9316 2362 1933
 6165 4565 7989 8286 2214 5459 4917 7030 6647 7004 3928 924 1463 2191 5525
 7491 8699 1391 7723 6389 6825 9654 9794 2181 6135 5272 7082 1479 4748
 2845 2948 3436 1804 6926 2752 2679 1681 3602 6178 3735 4217 878 5925 3097
 7518 7958 1042 1112 6218 994 3400 1456 1280 9231 6986 6163 6491 6514 6769
 5982 4581 4775 9514 4862 3446 68 4967 7588 2807 974 9274 4352 4574 5102
 4520 4921 7446 1868 4094 1181 3514 4808 5815 4051 8598 3366 3251 1339
 1442 3346 2586 2251 6859 3653 8300 2855 2978 9609 5752 2205 6206 8261
 5506 6378 5559 9190 20 2755 933 9160 725 6111 3083 1937 7654 5330 802
 1790 2293 531 5700 4537 6382 9774 2910 1480 2114 9704 3107 7224 9219 143
 7711 2286 1501 4699 5435 7517 7439 7313 1850 1074 7785 8410 7 1056 5871
 2273 9940 2472 3025 5098 5134 5979 7935 9454 6122 4355 3724 4951 5718
 4238 6631 9428 1157 2386 9676 3306 2011 3614 5890 2867 1538 1947 995 3019
 8629 4947 9693 8650 7916 5620 3324 4646 9250 2159 5184 4446 4499 1228
 6440 9957 9503 8419 42 3696 7427 8193 1945 4586 2737 3752 1372 423 3373
 2525 8473 4282 5187 5905 5401 3063 4147 7318 4283 1394 5552 1247 7007
 1294 2059 869 9393 6545 8033 706 6530 3051 4303 7513 9216 9464 3531 9785
 8174 2243 3485 7887 232 6564 4903 8735 6993 9349 228 3354 9223 3522 3456
 4643 6040 9421 8817 7105 6125 1275 6962 8776 7174 58 5479 1580 5516 8357
 3177 8183 2081 1241 3059 5518 2571 9981 2444 3381 1731 8161 7401 9067
 6016 4306 3358 1724 3414 3181 2022 5454 4423 2166 2762 5277 3622 4453
 4735 1837 7572 1126 9218 2565 9380 8731 2176 7931 8234 3587 6973 697 1959
 508 6792 9880 6942 2216 4935 9965 4955 4924 4725 9120 6697 637 2285 6934
 1623 3997 779 5023 112 9217 8932 1051 5774 5141 2379 4561 9888 598 9246
 9262 5460 7201 9441 6900 5955 1525 3822 3120 85 2325 9777 7411 4654 3379
 2320 6881 5763 5878 6531 1975 2609 746 7794 3557 6879 7822 5306 9215 9492
 8981 2288 3570 8314 9535 6210 6901 920 967 9801 4849 805 3073 3387 3924
 1498 8983 4795 5493 1829 8700 8229 6071 6833 3422 8331 8651 6533 6787
 7697 6613 3755 5213 4146 8824 8266 7482 7009 5987 5268 5154 9107 9243
 4637 1741 553 9361 8604 8137 9576 2255 3704 1875 6251 4501 2201 5580 6127
 4634 2970 5682 4005 7286 1374 2075 1493 3905 3831 3222 3711 96 5283 1625]
[948 1100 5305 9810 3084 2675 5274 5369 8553 675 6876 275 9750 1167 1581
 4729 8480 3571 6705 387 7952 3513 356 4137 1138 9923 2509 7443 2032 4066
 5324 8212 1453 8815 1422 1950 5088 4547 4548 418 8370 3264 5200 9753 3297
 1429 433 6842 1494 2172 2841 6637 2810 6590 7632 5030 1779 1576 9316 1933
 4565 7989 3391 2214 5459 4917 7030 6647 7004 3928 6134 924 1463 2191 5525
 7491 8699 7723 6389 6825 9654 9794 4012 2181 6135 1399 5272 7082 1479
 7962 8014 2845 2948 3436 1804 6926 2752 2679 1681 3602 6178 9587 3735
 4217 878 5925 3097 7518 4998 7958 1042 1112 9385 6218 8236 2091 994 3400
 1456 5794 1280 1248 6986 6163 6769 4581 4775 1803 9514 4862 3446 2785 68
 6298 9755 2660 4967 4938 4615 5609 9294 7453 6017 9919 7588 2535 3892
 2807 4632 5658 4861 974 5029 9274 3343 8656 3682 1909 5309 4574 5102 8386
 4921 7446 1868 4094 1181 4843 411 4447 9059 1823 1145 370 5815 483 4051
 5959 9709 8598 5318 3726 734 3251 7267 3808 1339 3494 4097 1442 1858 3346
 1552 724 2586 2251 6899 6859 1746 3653 4550 8300 2978 8231 6206 8261 5506
 20 9160 1937 2957 4537 1480 9219 2286 1908 7517 7439 3408 8200 1056 5871
 9940 2774 5134 8580 6109 4355 3724 5718 8072 2011 621 4870 8112 5588 2867
 1538 1947 4135 5458 6385 8644 7916 9918 3174 5620 3324 9250 4499 1228
 9082 6440 2276 2236 6496 926 8362 332 426 3654 3683 5600 1693 4559 1353
 3980 3220 8242 7716 1612 6640 9823 4730 9093 7761 5991 4476 9790 6535
 9029 7398 6786 3956 7016 817 1040 4660 5617 8752 4826 9665 7150 421 3821
 6916 9737 4409 8494 5825 4963 7970 7717 2157 5634 4864 7314 5650 9269
 8973 218 5350 8385 9370 7685 3806 7675 8633 7539 4155 9031 3922 3135 5961
 5388 7177 1304 1738 8202 8869 3550 9157 2003 9528 7235 6133 3415 7747 147
 323 9953 5819 7760 8271 7202 7524 47 5990 6444 9209 8960 5273 2961 342
 7257 6299 6237 2570 303 3455 6076 354 565 8619 7017 7628 4786 8677 646
 5870 1070 771 549 7112 9625 1394 7611 9140 1294 2059 2992 2264 869 7399
 9234 6545 4071 8033 706 1644 6802 7015 3051 7513 4614 9464 160 8174 313
 1813 6190 4463 5919 9048 2243 4315 3165 3485 7887 3237 232 6750 6481 4903
 8735 6993 9349 3354 9223 3522 7223 5645 3456 2044 6040 1026 6125 6958
 6438 8776 2240 1772 7097 1580 8183 9056 3059 5518 2444 3381 5416 7401
 1088 3358 1724 3181 4423 2166 2762 5277 3622 4453 7640 8687 1768 2565
 7931 3587 1959 2432 5656 6942 945 790 910 8047 2634 8153 7750 5558 9770
 2397 8224 5071 5732 385 4321 1012 7648 1044 4163 8303 7938 86 2128 2380
 4319 297 5528 5476 8273 9299 9688 4532 1298 3798 9239 6582 2249 7858]
[948 1100 5305 9810 2675 5274 8553 675 275 9750 8480 3571 6705 387 2132
 3513 4137 1138 5872 9923 2509 2032 5324 1453 1950 4548 6242 418 8370 214
 5200 9753 1429 433 1494 5932 2841 2810 6590 7632 9417 5030 1779 2362 6165
 4565 7989 3391 8286 6765 2214 4917 7030 3928 5525 178 1391 7723 6825 9794
 4012 2181 6135 1399 5272 7082 1479 2752 2679 1681 6178 9587 4217 5925
 3097 7518 7958 1112 6218 2091 994 3400 5794 9231 6163 6491 5982 4581 4862
 3446 2785 5318 7134 4264 4411 3726 518 734 3218 3251 33 3808 1339 3494
 4926 4097 1442 1858 9065 724 2586 3013 6899 6859 1746 9191 6574 8300 2855
 2978 8231 9609 5752 2205 6206 8261 5506 6378 5559 9190 2755 8848 655 9160
 725 6111 427 1937 7654 8589 2957 8939 5330 802 531 5700 4537 237 2910
 1480 2114 3107 1908 1501 4699 5435 8296 8084 6848 7517 7439 7313 1850
 6466 1074 8200 8410 7 9467 4700 2273 705 9940 2774 9839 8886 2472 3025
 5098 5134 5979 6234 7935 8580 2219 9454 6109 6122 4355 3724 1178 5718
 4238 6631 9428 6142 4749 5532 2386 9676 8072 8131 3306 2011 6985 7145 621
 5582 5588 8115 6232 995 7673 4135 8629 4947 6385 8650 6666 5620 3324 8484
 4646 9250 7674 2159 5234 639 7124 4499 6440 15 9957 2276 1129 2309 9061
 1739 188 2923 1736 9088 2236 6497 926 8362 3654 2729 3683 2173 5600 1693
 4559 3674 8854 9253 9823 9093 5991 4476 7026 8128 3208 9665 421 6916 9737
 5825 2157 6125 6958 1275 6438 6962 8776 2240 1757 1772 58 1521 1172 5479
 1580 5516 9734 2081 1241 3059 5518 9981 2444 3381 5416 1731 8161 7401
 1088 9067 4306 1724 3414 3181 2022 5454 4423 2166 2762 5277 4453 150 1704
 8226 1837 7572 8847 5719 5709 195 9218 2565 8586 9380 2176 8234 697 1959
 2432 6792 5656 4002 3253 9880 6942 945 790 9820 3645 9965 4924 6856 5894
 4725 6697 1185 637 2285 2634 1623 3997 779 5023 112 9217 1051 5774 5141
 4561 2248 9888 598 5104 9246 3230 2543 9262 5460 9441 4032 6900 5955 3236
 1525 3822 6709 85 4654 37 1986 6881 1832 2609 7930 6 8749 3185 5053 2316
 1732 5820 7090 7912 4016 2010 1529 2703 2806 1299 4849 2186 6569 1981
 8009 1708 8002 9752 5859 1841 8435 7852 4011 8918 7897 7265 5745 715 3859
 211 1007 5731 7019 2754 8492 5573 8823 1996 2335 888 811 8642 7509 9866
 2046 2997 7176 8229 6698 9448 3075 1940 8432 8651 3501 3953 7263 357 1236
 5227 4981 1620 8885 3497 7598 6532 7697 3339 4248 8801 4942 1886 4422
 5544 405 9868 5468 982 401 8104 5662 9298 8266 8877 8617 4943 168 3209
 6895 7969 4237 676 4585 9327 9052 3330 4637 3733 6383 6043 8317 6849 3139
 1276 9555 4655 2455 4563 6793 5779 6866 9490 6596]
[948 1100 5305 9810 3084 2675 5274 5369 8553 675 6876 275 9750 1167 1581
 4729 3571 6705 387 2132 3513 356 4137 1138 5872 9923 2509 7443 2032 5324
 9967 8212 8815 1422 1950 5088 4547 4548 6242 8370 214 5200 9753 3297 1429
 433 6842 1494 5932 2172 2841 6637 2810 6590 7632 5030 1779 1576 9316 2362
 1933 6165 4565 7989 3391 8286 2214 5459 4917 7030 6647 7004 924 1463 5525
 178 7491 8699 1391 7723 6389 6825 9654 368 9794 4012 2181 6135 1399 5272
 1479 7962 8014 4748 2845 2948 3436 1804 6926 2752 2679 3602 6178 9587
 3735 2912 878 5925 3097 7518 4998 7958 1042 1112 9385 6218 8236 2091 994
 1456 5794 1280 9231 1248 6986 6163 6491 6514 6769 5982 7802 4581 4775
 1803 9514 4862 3446 2785 68 9755 2660 4967 4938 4615 5609 9294 7453 6017
 9919 7588 2535 3892 2807 4632 5658 9666 8069 9694 974 5029 9274 3343 6452
 9657 4352 6326 3682 1909 9126 5309 4574 5102 2213 7161 8386 4921 7446
 9121 1993 1450 551 4094 1181 411 4447 3514 4808 1823 1145 370 5815 483
 4051 5959 9709 8598 5318 7134 4264 4411 3366 3726 518 734 3218 3251 7267
 3808 1339 8840 3494 4926 4097 8364 3346 9065 724 2586 2251 6899 1746 4550
 9191 9609 5752 6206 8261 1862 5506 6378 20 8848 8326 933 9160 6111 3083
 1937 8589 2957 8939 5330 2293 531 5700 4537 237 2910 1480 2114 9704 3107
 7224 9219 143 7711 2286 2422 1501 4699 8296 8084 7517 7439 3408 7313 6466
 8200 9369 2409 7 9467 5871 4700 2273 9940 2774 9839 8886 2472 3025 5098
 5134 6234 7935 1662 2219 1765 9454 6109 6122 3724 1178 4951 5718 1157
 6142 5532 2386 9676 3306 6985 3614 6912 621 2038 4870 5582 5890 5588 2867
 1538 7188 8115 995 7673 3019 6385 8644 8650 6666 7916 9918 3174 5620 8484
 9250 7674 8996 5234 639 8691 5184 4446 1228 6440 5547 1039 1129 916 95
 3785 2309 9061 799 2923 1606 2236 6496 926 426 3654 4559 3674 7712 1353
 3980 9829 8242 7716 9926 6640 9823 9093 4476 7398 7026 1166 6786 3956
 1905 5617 9665 9742 8102 421 8494 3618 5825 7970 8173 9073 7314 8385 9370
 7685 197 8633 7559 5961 5388 9157 3962 9105 8271 47 5990 870 2961 7257
 6299 3455 6075 354 565 7017 7628 4786 646 8450 1070 5808 1227 100 6753
 4313 7119 5148 577 8419 5115 2630 7427 1945 484 8276 2737 3752 1675 7849
 4449 6349 4282 247 5354 5187 6952 5401 284 7330 1394 1247 9140 7007 4718
 9234 6545 706 6802 7015 4303 119 160 3531 9785 4463 9048 2243 9593 3485
 412 7887 6750 6481 9223 5645 5910 3456 6958 7097 58 5479 9056 2081 9981
 2444 5416 8161 4307 3358 2022 5454 4423 5229 3622 4453 4735 8226 1837
 9780 5719 5709 1959 508 6792 9880 945 2216 3645 5531]
