Fault List:
101
98
106
100
106
108
102
99
100
79
102
59
86
105
95
103
92
103
91
92
101
98
91
101
96
94
103
97
84
94
FDR List:
0.5401069518716578
0.5240641711229946
0.5668449197860963
0.5347593582887701
0.5668449197860963
0.5775401069518716
0.5454545454545454
0.5294117647058824
0.5347593582887701
0.42245989304812837
0.5454545454545454
0.3155080213903743
0.45989304812834225
0.5614973262032086
0.5080213903743316
0.5508021390374331
0.4919786096256685
0.5508021390374331
0.48663101604278075
0.4919786096256685
0.5401069518716578
0.5240641711229946
0.48663101604278075
0.5401069518716578
0.5133689839572193
0.5026737967914439
0.5508021390374331
0.5187165775401069
0.44919786096256686
0.5026737967914439
Time List:
184.8852241039276
184.82923984527588
188.23782300949097
186.3944411277771
188.500497341156
193.78683805465698
190.22229981422424
190.5798819065094
188.60819387435913
175.81170105934143
182.43845987319946
190.96872401237488
189.82622599601746
195.85647583007812
199.0608949661255
197.38403701782227
195.72647786140442
195.12629294395447
197.87316608428955
196.82396292686462
195.11055636405945
194.74227690696716
196.7464461326599
197.4507930278778
191.44184613227844
193.10061717033386
191.62891912460327
193.28344082832336
194.94891500473022
168.1431770324707
Subset List:
[2519 6969 5558 5733 2590 8930 5235 8562 957 8654 3325 5159 1100 7005 3301
 725 1721 6839 6719 2650 266 9471 8267 4210 9385 3980 5088 8357 9926 434
 3779 1895 5900 8102 6705 7044 792 6466 9923 2783 1431 8722 4823 6739 6732
 3218 8314 5956 5700 9302 9528 2232 7941 7248 796 8811 8666 3321 7717 3297
 988 2769 9059 8616 6970 2975 3806 416 9230 6854 6380 9801 9160 1304 3320
 7609 9184 8632 426 1479 1898 7040 5730 3789 3400 9823 9839 9369 2151 2416
 9246 5206 7107 2120 2383 8254 7958 6598 9622 9294 6912 474 7617 4906 7723
 5154 2270 3905 254 6138 195 1605 8716 4749 6014 9441 755 5056 6195 2331
 5104 226 8972 3683 563 7569 5607 8524 2521 9191 2987 6670 8657 8484 2940
 3059 6715 4606 7959 6121 9576 9832 9792 6083 6422 5297 6842 3489 1094
 3752 3214 3363 4553 9753 9415 1813 3840 7186 269 4354 5548 4312 1470 5197
 6697 966 2161 6299 5327 6038 70 9851 9237 866 6162 1673 3459 5151 1871
 689 2032 3439 8363 3620 1741 5172 4281 8514 606 9563 3901 1884 6869 2023
 8069 9216 2955 4605 4986 9120 1838 2774 4820 5274 1867 8480 5559 8817
 1019 727 7323 6656 1181 1145 6190 2981 598 4814 9901 9010 8491 1450 8335
 3242 9704 3327 6857 7744 7262 818 3355 4559 1572 160 8258 8047 3677 4562
 4985 8128 4175 8644 2923 1939 377 1620 717 1983 9879 7105 3498 5461 6382
 6965 9949 9065 3601 5130 3416 3216 5578 6726 1739 7989 943 7360 4291 6292
 993 8219 6774 6452 4574 8408 5987 5342 2623 5119 9562 7524 802 2762 7429
 2213 8774 2782 9652 3053 6125 3724 607 7318 3587 4085 5009 6821 8943 3995
 5709 7747]
[6719 2650 266 8267 9385 3980 5088 8357 434 3779 1895 8102 6705 7044 792
 6466 9676 9923 1431 4823 6739 6732 3218 8314 5956 5700 9302 9528 5582
 2232 7941 7248 8666 3321 1858 7717 376 988 9059 8616 6970 2975 3806 416
 9230 6854 9801 9160 1304 3320 7609 9184 8632 1479 1898 7040 3400 9823
 9839 4477 2151 9246 5206 7107 2120 2383 8254 7958 6598 9622 6912 474 7617
 4906 7723 3905 254 6138 195 1605 5056 6195 303 2331 226 2829 8972 3683
 7569 5607 637 2521 2987 8657 3214 5871 9415 5084 8586 3840 7186 269 4993
 4503 6560 4312 4833 1986 5074 6697 9851 746 866 1673 3459 5151 1871 689
 8542 3439 8363 3620 1741 4281 8514 606 9563 3901 6869 2955 5274 1181 2981
 9901 6845 9704 4151 3346 5060 9933 1572 4562 687 4175 3299 717 3319 1105
 9879 5461 1886 8809 6164 5797 5211 3741 2273 6292 993 4646 7 7952 3463
 247 7004 9729 2350 1756 367 4951 9562 802 427 2213 9652 4676 5129 3587
 2957 1297 6821 4282 9418 9360 4750 4304 5890 1049 4002 8177 7497 6060
 6865 7242 6227 1840 8046 8545 1491 1121 9750 9625 8200 912 5354 5680 8558
 8104 5147 4678 3728 9819 385 5369 9426 4423 898 4709 3883 5278 8944 9902
 1941 5106 1636 169 6653 1261 470 6594 5011 1355 7980 1279 2394 5219 8600
 6157 221 1433 2651 7415 3253 5862 6428 9273 9417 162 5628 8166 7430 5227
 2085 6344 1051 1439 7979 5682 5813 7638 5794 6596 3084 5565 2316 6349
 8145 3706 7108 7228 3085 5835 2325 2236 2126 7561 5070 7401 3324 7173
 9924 9950 4476 2039 1296 5302 1193 4435 9121 6168 1921 3715 5340 4369
 3035 6155 3114 6245 8503 6091]
[725 6839 6719 2650 266 9471 8267 4210 9385 3980 5088 9926 434 3779 1895
 5900 8102 6705 7044 792 6466 9676 9735 9923 1431 8722 4823 6739 6732 3218
 8314 5956 9528 5582 2232 7941 7248 796 1527 8666 3321 1858 3297 988 2769
 9059 8616 3806 416 9230 6854 6380 9160 1304 3320 7609 8632 1479 1898 7040
 5730 3789 3400 9823 9839 9369 4477 2151 2416 5206 7107 7449 2120 2383
 8254 7958 6598 9622 8840 9294 6912 474 7617 4906 5154 1394 2270 3905 6138
 195 1605 6014 755 5056 6985 6195 303 5104 2829 8972 563 7569 5607 2521
 6160 9191 8657 3059 7150 6958 1823 4606 7959 8428 9576 9832 9792 2078
 6422 5297 7489 6842 357 1924 3752 4553 9753 9415 4993 4503 4354 1470 5197
 6697 6299 866 6162 3459 2032 3439 5172 4281 8514 606 2023 9216 1867 5559
 8817 6656 6190 598 9901 9704 3327 4151 160 8047 5840 7398 8128 3319 87
 9065 5207 338 4287 4740 3216 5578 5211 994 4748 1739 7841 8364 7989 943
 5281 2722 7360 1693 4291 6292 993 3463 1929 547 6774 57 1040 8420 7750
 5833 247 8408 5987 9729 2350 1756 367 5119 4951 8626 9562 4864 8721 8199
 7524 802 2762 8275 5129 7318 1251 3587 1297 10 6821 1058 7747 7344 682
 4140 6439 9360 7709 4304 86 845 2300 5273 7497 7242 6227 8872 8046 9625
 1763 1576 6085 8558 232 4227 8576 9252 4299 5411 7395 9093 118 139 4547
 342 2167 8501 8300 3429 2320 3158 1941 6993 2716 9578 6135 2930 4546 1334
 4776 3186 2847 1355 7054 1348 2246 3236 4572 5862 2067 9273 8815 162 2444
 3387 2855 4495 8580 3117 5271 6253 3517 7979 2181 3461 7893 7802 9467
 8271 180 5234]
[5825 2316 4019 6029 6986 8286 8145 9404 7108 3301 725 3171 1721 6839 6719
 2650 266 9471 8267 4210 9385 3980 5088 8357 9926 3779 5900 8102 6705 792
 6466 9676 9923 1431 8722 4823 6739 6732 3218 8314 5956 5700 9302 1527
 8811 8666 3321 1858 7717 3297 988 2769 9059 8616 6970 2975 3806 416 9230
 6854 6380 9801 9160 3320 7609 9184 8632 426 1479 1898 7040 5730 3789 3400
 9823 9839 9369 2151 2416 9246 5206 7107 2120 2383 8254 7958 6598 9622
 8840 9294 474 7617 4906 7723 2270 6138 195 1605 8716 6014 755 6195 5104
 226 2829 7569 8524 637 2521 6160 2987 6670 8657 8484 1823 4606 5052 7959
 9576 9792 6083 6703 5297 7489 6842 3489 1924 1094 3752 3214 5871 3956
 3363 9753 1813 5084 8586 3840 4993 4354 6560 4312 1986 5197 5074 966 6299
 6038 70 9237 866 1673 5151 1871 2032 8542 3439 8363 3620 1741 5172 4281
 8514 606 3901 6869 2023 4826 2955 1838 8480 6656 6190 4814 6845 8491 1450
 1885 3355 4559 1572 4562 687 4985 2386 4175 8644 2923 3299 717 3349 1105
 9879 7105 5461 6872 1886 8809 3416 5797 5578 1739 7841 8364 7989 943 5281
 7360 3741 2273 1693 3442 4291 6292 8219 3463 1929 6774 7750 4574 8408
 2350 7542 2623 1756 2840 3761 9562 8721 445 2762 7429 2213 1247 9652 4676
 3053 6125 607 1251 3587 4085 6543 6821 3995 5709 923 7344 682 4140 9418
 9360 128 4304 1443 4002 309 8872 2948 5030 7816 8014 8046 8780 4894 8545
 9277 1491 9750 9625 2363 354 8405 8836 1763 2193 9103 835 797 3202 4682
 1043 761 8558 8476 8968 8576 6647 715 1804 5411 3361 1690 1035 8700 9093
 7637 3539 7177 1791]
[6656 9729 3587 9735 8199 5129 5130 8716 5134 9230 6160 3601 9746 2066
 6164 9237 8212 8722 8721 8219 9246 5151 5154 547 1572 2595 8741 7717 6697
 3113 7723 6190 6705 563 5172 7734 7736 9273 8254 2623 6719 8258 5700 6726
 7750 8774 6729 9801 8267 6732 5197 9294 4175 7760 7248 6739 1620 598 3158
 9302 5206 6746 3677 5730 3171 1636 3683 2151 8809 9839 4210 6774 8314
 9851 8827 637 4740 9349 9862 8840 1673 4748 4749 3214 3726 3218 6292 7318
 9879 5274 1181 3741 1693 160 7841 5797 8357 6821 3752 1193 3242 8363 1708
 9901 9385 5297 689 5298 3761 4282 5310 4287 2243 3779 9923 9926 6854 6344
 6857 5833 5835 195 1741 9933 3789 5840 2769 5330 3283 4820 725 2774 727
 4823 4826 1756 5342 5343 2783 3297 3806 2270 9441 3301 226 9959 746 6380
 9967 9969 4849 755 247 7415 1787 3324 7933 254 9471 3840 6912 3327 7941
 7429 266 5900 8972 7952 1297 1812 1813 6422 3349 2840 8469 792 1304 796
 2331 5410 802 5924 4906 8491 303 9010 818 6452 6965 7989 1334 6962 9528
 6970 3901 7489 6466 1858 5956 3400 4938 8524 2383 2386 5461 3416 6488
 7004 866 5987 9059 357 3942 1895 7524 1898 2923 3439 8047 2416 3442 2419
 2930 367 1398 376 4986 4476 893 6014 7040 8066 3459 1924 3463 8586 3980
 7054 4495 7569 1939 9622 1944 5529 3995 923 2975 9120 416 6562 2981 8102
 1450 7082 426 2987 427 943 434 9656 8632 6077 5056 7105 1986 7107 8644
 6598 1479 5578 1996 9676 5582 4559 8145 4562 2521 8666 5084 7133 4574 988
 5088 993 7138 2017 9184 2023 9704 5607 9191 9707 6125 5104 1527 6138 1019
 5628 4605 9228]
[3301 725 3171 1721 6719 2650 266 9471 8267 4210 9385 3980 5088 8357 9926
 434 3779 1895 5900 8102 7044 792 6466 9676 9735 9923 4823 6739 6732 8314
 5956 5700 9528 5582 2232 7941 7248 796 1527 8811 8666 3321 1858 7717 3297
 2769 9059 8616 6970 3806 9230 6854 6380 9801 9160 1304 3320 7609 9184
 8632 426 1479 1898 3789 3400 9823 4477 2151 2416 9246 7107 2383 8254 6598
 9622 8840 9294 6912 474 7723 5154 1394 2270 3905 254 195 1605 8716 4749
 6014 5056 6985 6195 2829 563 7569 5607 637 2521 6160 9191 2987 6670 8484
 2940 7150 5837 6243 6958 6715 1823 4606 5052 8428 6121 9576 9832 9792
 6083 5297 463 6842 357 1924 3752 3214 5871 3363 4553 9753 1813 8586 3840
 7186 4993 5548 4312 1470 1986 5197 5074 2161 6299 746 9237 866 6162 3459
 1871 3439 8363 1741 5172 8514 606 3901 4398 1884 4826 2955 6729 4605 4986
 9120 1838 2774 8480 1019 7323 1181 1145 2981 4814 6845 1450 9704 3327
 6857 7744 5060 8258 3677 687 4985 2386 8128 1939 717 3319 1983 5555 87
 6382 9065 5207 3601 1886 4740 5578 994 6726 7989 2722 7360 4291 6292 993
 7 7952 547 6774 2957 1297 8861 1058 8943 923 682 3440 7842 9418 7003 128
 86 845 1830 5273 4002 7497 6865 8703 7242 6387 8872 9978 1840 8046 8545
 2832 119 9750 9625 245 2363 1012 8886 6950 8836 2193 9103 835 797 3228
 4682 1043 5680 8476 7760 9616 1380 2017 8725 192 8189 100 7933 6428 683
 5338 7210 6035 6562 1088 3387 176 7596 6344 1051 5146 3461 7893 8271 9349
 5794 6477 2316 3920 6986 6746 8066 2271 2173 3085 2878 2111 9292 2126 265
 7401 3888]
[9926 434 3779 1895 5900 8102 6705 7044 6466 9676 9735 9923 2783 1431 8722
 4823 6739 6732 3218 8314 5956 5700 9302 9528 5582 2232 7941 7248 1527
 8811 8666 3321 7717 3297 376 988 2769 9059 8616 2975 3806 416 9230 6854
 6380 9801 9160 1304 3320 7609 9184 8632 426 7040 5730 3789 9823 9839 9369
 4477 2416 9246 5206 7107 2120 2383 8254 7958 6598 9622 8840 9294 6912 474
 7617 5154 2270 3905 6138 195 1605 8716 4749 755 5056 6985 6195 303 2331
 5104 8972 3683 563 7569 5607 8524 637 2521 6160 9191 2987 8657 8484 2940
 5213 3059 5837 6243 6958 6715 4606 5052 7959 8428 6121 9576 9832 9792
 6422 7489 463 357 3489 1924 1094 3752 3214 5871 3363 4553 9415 269 4993
 4503 4354 6560 4312 5197 9851 9237 866 1673 3439 3620 1741 5172 606 3901
 4398 2955 6729 4986 2774 5274 1867 8480 8817 727 7323 1145 9901 6845 9010
 8335 3242 3726 4615 3327 7744 9933 160 8047 4985 2386 4175 2923 3299 5207
 1886 4287 994 6726 7989 6292 8219 547 6774 6452 5833 4574 7004 367 4951
 1767 9562 8721 6008 8199 7524 802 445 8774 8275 9790 1422 607 7318 1251
 3587 5009 6821 923 682 8804 3440 9418 9360 7003 7709 4304 86 9497 2300
 5890 3785 1049 309 7497 6865 8703 6227 8872 2948 1840 5030 8046 8780 4894
 8545 5493 6647 7104 1035 9606 9361 2855 3452 6962 8874 5849 1296 1208
 1909 1193 4093 986 5749 9366 3035 3005 3773 205 8370 5008 9157 3343 2482
 215 3735 692 7815 701 189 4889 3909 1382 6868 2511 7275 2397 2737 7128
 5128 7351 5843 332 1130 4277 6326 3787 5232 1179 6 532 3079 2679 4509
 3922 7789 2806]
[3301 725 3171 1721 6839 6719 2650 266 8267 4210 9385 3980 5088 8357 9926
 434 3779 1895 5900 8102 6705 7044 6466 9676 9735 9923 1431 4823 6739 6732
 3218 8314 5956 5700 9302 9528 2232 7941 7248 796 1527 8811 8666 3321 1858
 7717 3297 376 988 2769 3806 9230 3320 1479 3789 2416 5206 7107 7449 2120
 2383 8254 9622 8840 6912 474 7617 4906 5154 2270 3905 195 1605 8716 4749
 6014 755 5056 6985 6195 303 2331 5104 226 8972 3683 563 7569 5607 637
 2521 8657 5213 3059 5837 6958 6715 5052 6121 9576 9832 2078 6083 6422
 5297 6842 357 1094 3752 5871 3363 9753 9415 1813 5084 3840 7186 269 4503
 6560 4312 4833 1986 5197 5074 70 9237 866 1673 3459 5151 1871 689 2032
 8542 9563 4398 6869 2023 9216 4826 2955 4605 4820 5274 8817 1019 7323 598
 4814 9010 8335 3726 7744 1885 3346 3355 8258 5840 687 4985 2386 3349 1983
 7105 6382 9949 3601 338 3416 4287 3216 1739 7841 7989 2722 3741 2273 3442
 993 4646 7 57 8420 5342 7542 2623 367 1767 8626 3761 9562 4864 8721 8199
 802 2762 2782 8275 9652 4676 5129 2581 1422 3724 607 7318 1251 3587 1297
 5009 1058 4282 913 7842 6439 7003 7709 1248 128 1830 1443 5273 1049 4329
 6227 8046 4894 2832 119 1121 245 2363 1012 4705 1763 4334 2193 912 3228
 1043 4963 7228 6901 3085 2111 2325 2236 5134 3067 5532 3324 7173 7849
 4223 6294 5343 8827 5819 4476 1812 2039 4637 1336 5849 1296 5302 3354
 1193 7509 8131 734 2825 5625 9657 7496 6669 4093 4097 1007 2524 9376 766
 769 9398 3335 3715 5340 3035 3005 3773 3600 9708 2859 6904 2554 3038 1456
 3502 208]
[3301 725 3171 1721 6839 6719 2650 266 9471 8267 4210 9385 3980 3779 1895
 5900 8102 6705 7044 792 9676 9735 9923 2783 1431 8722 4823 6739 6732 3218
 8314 5956 5700 9302 9528 5582 2232 7248 796 1527 8666 3321 7717 376 988
 2769 9059 8616 6970 3806 9230 6380 9160 1304 9184 8632 1479 7040 5730
 3789 3400 9823 9839 9369 4477 2151 9246 5206 7107 7449 2120 2383 8254
 7958 6598 9622 8840 9294 6912 474 4906 7723 5154 1394 2270 3905 254 6138
 195 1605 4749 6014 9441 6985 6195 226 2829 8972 563 7569 5607 8524 2521
 9191 2987 6670 8657 8484 2940 3059 7150 5837 6243 1823 4606 5052 7959
 8428 9576 6083 6703 6422 5297 7489 357 3489 1924 4553 9753 9415 1813 5084
 7186 4993 4503 4354 5548 6560 4312 5197 5074 966 2161 5327 70 9851 9237
 866 6162 3459 8542 3439 8363 5172 4281 606 3901 4398 2023 8069 4826 2955
 6729 4605 4986 9120 5274 8480 5559 1019 727 6656 1145 6190 4814 6845 9010
 8335 4615 3327 7744 4151 7262 1885 818 4559 160 8047 3677 4985 2386 7398
 8644 2923 3299 1620 717 3319 1105 7105 3498 6382 3601 1886 8809 338 3416
 4287 5797 3216 5578 4748 8364 7989 943 7360 3741 1693 4291 993 4646 7952
 3463 547 7750 4574 5987 7004 5342 9729 2350 7542 1756 2840 4951 1767 8626
 3761 6008 8199 7524 445 2762 8275 1247 5129 2581 6125 9790 1422 7318 3587
 2957 1297 10 6821 923 7747 5116 4140 9418 6439 128 4304 9497 3622 3785
 1830 1049 8872 5030 4894 1121 1012 354 8836 4334 3228 1043 9393 232 1746
 8576 1137 3716 3180 6942 8700 4547 2664 9253 9465 924 4710 7554 8231 6161
 8900 5934 7901]
[266 4210 9385 8357 3779 8102 792 9735 9923 6739 6732 3218 5956 9302 7941
 1527 8811 3321 1858 3297 2769 9059 2975 9230 6854 9801 3320 5730 3789
 3400 9839 9246 7107 2120 8254 8840 6912 7617 5154 195 8716 4749 6014 6985
 303 2829 8972 5607 8524 2521 8484 2940 3059 5837 6243 6715 7959 866 6162
 3459 4281 606 4398 2774 4820 5559 727 1181 8335 4151 4559 687 7398 1983
 6965 9949 5207 1886 8809 3416 5797 3216 5578 4748 7989 7360 7952 6774
 4574 8408 5987 2350 2840 367 1767 9562 4864 8721 8199 802 2762 427 8774
 2782 8275 1247 9652 4676 3053 6125 1422 607 1297 5009 3995 4140 9418 7003
 4750 4304 845 5890 3622 7497 5030 8014 8046 8545 9277 119 9625 4735 1043
 6647 6887 7104 5411 1690 7395 762 8700 7177 139 1862 1220 8469 3158 5029
 61 2535 8220 3923 6054 9437 163 1600 1033 7811 6181 5962 17 776 7283 904
 2216 3427 9454 8431 5399 4724 9498 6398 7379 9222 7326 47 7023 3408 612
 5901 7523 2557 6394 895 6066 7451 6302 873 7454 5150 8421 1102 4810 4762
 6702 4386 9980 3766 2984 5178 7566 9565 2826 8541 391 1488 7504 4585 7903
 9739 8987 542 1352 3770 4305 361 1316 918 2336 8888 392 3991 4177 4238
 1639 4851 4226 6081 6935 9394 8678 2748 5526 1 7972 5300 7882 4891 5360
 1997 4022 1831 4078 8531 2149 8875 3418 1427 7253 9524 7510 8733 6018
 8519 2009 7621 7159 523 4069 8146 4629 7463 2820 4844 6518 2204 8627 2089
 7488 6929 2789 5285 8170 6222 1694 3086 8057 5465 2824 3803 8430 5947
 5746 5695 5664 5653 5624 5612 5572 5566 5480 5470 5457 5431 5422 5348
 5347 5245 5142 9753]
[7138 6500 2178 3851 3373 4754 458 9262 4709 8944 5106 9190 6653 6594 8708
 3479 3186 1348 271 1398 9967 9536 6968 9445 4710 1513 5268 7083 8725 192
 1788 9273 258 7210 5385 6035 323 6562 3896 5469 8794 8166 3631 3942 5410
 5682 3107 7133 2316 4019 725 3171 6719 2650 266 9471 8267 4210 9385 8357
 434 3779 1895 8102 6705 7044 792 6466 9676 9735 9923 4823 6739 6732 3218
 8314 5956 5700 9302 9528 5582 7941 7248 796 1527 8811 8666 3321 1858 7717
 3297 376 988 2769 9059 8616 6970 2975 3806 416 9230 6854 6380 9801 1304
 3320 7609 9184 8632 426 1479 1898 7040 5730 3789 3400 9369 4477 2151 2416
 9246 5206 7107 7449 2120 8254 7958 6598 9622 8840 9294 6912 474 4906 5154
 2270 3905 6138 195 8716 4749 6014 755 5056 6195 2829 8972 3683 563 7569
 5607 637 2521 6160 9191 8657 8484 5213 7150 5837 6243 6715 1823 4606 5052
 7959 8428 9576 9792 2078 6083 7489 463 1924 3752 3214 5871 3956 9415 7186
 269 4503 4354 6560 1470 5074 6697 966 2161 6299 5327 6038 746 9237 866
 6162 1673 5151 689 2032 3439 8363 3620 1741 8514 606 9563 3901 4398 1884
 6869 8069 9216 4820 5274 1867 8817 1019 6656 1145 2981 6845 9010 1450
 8335 9704 3726 3327 7262 1885 3346 3355 4559 160 8047 3677 4985 7398 8128
 8644 2923 1620 3349 3319 1105 7105 6872 9949 9065 5207 3601 5130 338 3416
 3216 994 1739 8364 9428 943 2722 6292 7952 8219 3463 1929 547 6774 57
 1040 8420 6452 5833 4574 5987 7004 2350 2623 2840 367 4951 1767 3761 9562
 802 445 2762 2213 4732 8275 9652 3053 6125 9790 607 2957 8861 6821 7344
 682]
[9652 3053 6125 9790 1422 3724 1251 4085 1297 10 6821 8943 3995 5709 923
 5116 682 8804 4140 7842 7003 7709 128 4304 845 3622 3785 1830 8786 5273
 8177 2363 1618 6085 9393 8476 232 1746 881 221 1042 1788 7933 3236 2067
 9273 5919 5490 7210 6035 162 9080 6562 3896 1088 2855 176 4495 2169 7640
 8751 2085 8413 6344 7979 3942 5410 3283 1644 5733 9725 6133 3787 3263 147
 8654 3325 1238 6197 1227 302 7445 9370 1100 37 7375 7349 277 6493 8193
 5098 4499 9431 6781 3867 6429 6528 35 6444 8633 2849 6401 2609 2242 8033
 5093 4483 3178 1666 8041 8916 7598 3734 324 1480 9148 6438 8824 2831 6753
 7778 6587 5290 2910 7218 3636 798 784 4721 6848 6523 6361 8306 1442 4295
 2417 8986 9552 2680 8627 5445 2274 4872 2089 5673 8149 7322 1291 8329
 3958 9988 9906 9900 9865 9816 9672 9667 9599 9572 9537 9340 9197 9062
 8880 8795 8697 8630 8623 8567 8522 8515 8510 8460 8455 8240 8215 8065
 7894 7883 7724 7694 7576 7494 7474 7468 7295 7293 7279 7131 7123 6915
 6882 6878 6875 6843 6789 6725 6724 6708 6585 6555 6550 6536 6390 6362
 6346 6313 6310 6286 6236 6198 6182 6110 6107 6078 6059 6048 5967 5920
 5879 5877 5863 5818 5810 5780 5778 5777 5764 5726 5706 5699 5685 5653
 5612 5604 5484 5408 5380 5353 5347 5333 5243 5201 5181 5140 5042 5039
 5001 4940 4857 4841 4766 4755 4714 4711 4689 4663 4657 4633 4631 4623
 4587 4560 4531 4522 4502 4433 4431 4417 4396 4364 4356 4327 4196 3794
 3784 3542 3528 3460 3430 3424 3386 3383 3372 3314 3305 3273 3269 3223
 3215 3213 3175 3101 3099 3089 3042 2953 2902 2896 1896]
[9735 9923 2783 1431 8722 4823 5700 9528 5582 7941 796 1527 8666 3321 1858
 7717 3297 376 2769 9059 8616 3806 416 9230 6854 6380 9801 9160 3320 9184
 8632 1479 1898 7040 5730 3789 3400 9823 9839 9369 2151 2416 9246 5206
 7107 7449 2120 2383 8254 7958 9622 8840 9294 6912 474 1813 2840 1767 8626
 2782 9652 5129 6125 9790 1422 7318 1251 3587 1297 5009 6821 3995 7344 913
 4140 7842 6439 7709 128 4304 9497 845 2300 1830 1443 1049 7497 8703 7242
 4329 8872 3342 9107 720 4391 1840 8014 4894 9750 2363 1012 2193 3228 8104
 8501 4660 9361 5006 470 3240 9253 1990 1433 5385 5529 6126 6477 3819 6029
 5924 2111 2126 7401 4720 388 1416 9924 8827 7356 1747 3715 2205 7848 8947
 9633 1683 9501 9964 4474 5848 1130 1548 355 3422 4935 3736 9260 6283 9755
 2935 4779 2854 6326 115 124 3106 8234 5646 6795 242 9527 5733 8930 3787
 7970 7520 4306 972 3325 1238 8901 302 1147 184 7993 820 3230 6151 1766
 5141 5991 5462 1518 8156 8193 6706 4204 3052 6899 4501 7519 6429 1285 228
 5722 6577 2250 5232 1816 5443 8026 4258 6756 7014 4101 8481 2563 26 3065
 4071 9961 8882 8242 1704 4593 5826 33 1538 8641 4669 7168 6737 3928 8824
 7771 1860 8473 4355 1024 3688 8372 1686 6412 7471 1498 6634 2702 586 2425
 194 4962 6435 6410 6376 6233 6211 6188 6173 6149 6086 5989 5975 5879 5834
 5823 5807 5785 5780 5772 5765 5583 5457 5380 5170 5054 5001 5000 4927
 4911 4837 4773 4755 4713 4689 4631 4560 4543 4518 4502 4456 4431 4394
 4379 4370 4364 4323 4322 4314 4278 4235 4218 4160 4131 4122 4072 4015
 3994 3930 3908 5673]
[3301 725 3171 6839 6719 266 9471 8267 4210 9385 3980 5088 8357 9926 1895
 5900 6705 9676 2783 8722 4823 3218 5700 2232 796 1527 8811 8666 1858 7717
 3297 376 988 2769 6970 416 6854 9801 8632 426 1479 1898 7040 5730 3789
 3400 9823 9839 4477 2416 5206 7107 8254 9622 8840 6912 474 7617 7723 5154
 2270 3905 254 6138 195 1605 8716 6195 226 2829 563 7569 8524 6160 2987
 8657 8484 3059 7150 6958 4606 7959 6121 9832 6083 6842 3489 1094 3956
 3363 4553 9753 9415 3840 7186 269 4354 4312 5197 2161 6299 5327 6038 70
 9851 866 1673 689 3439 8363 3620 1741 606 9563 6869 2955 6729 4820 5274
 5559 727 6656 1181 8491 9704 7262 1885 3346 5060 818 4562 3498 6965 1886
 8809 4287 3216 5578 4748 1739 7841 8364 7989 2273 1693 4291 6292 993 7952
 8219 547 1040 4574 5987 7004 5342 1756 2840 5119 4951 8658 9562 4864 6008
 8199 7524 445 7429 1247 5129 2581 9790 1251 2957 4085 5709 7344 6439 9360
 7003 7709 128 845 5273 4002 8177 6710 2419 8220 385 2178 3890 4423 9584
 9874 9522 2701 3947 6594 4776 2506 1708 9959 2847 1355 7054 1348 3240
 5309 7980 1279 8941 2066 7036 8803 1715 9707 2595 2090 5571 9465 6968
 5387 8600 221 5573 8241 6750 1513 2651 5268 1926 531 7760 9616 9620 2017
 192 7580 8189 3236 6549 7861 7734 1109 6035 323 4933 4963 6562 2444 3896
 5529 1088 3387 2855 5469 176 8794 4495 5628 7640 8580 7573 8751 5889 4712
 2085 6344 1051 1439 7979 863 3942 2181 3461 3283 7893 2483 7638 3107 8271
 9501 8562 672 1947 7778 836 2910 1940 7218 5304 7061 550 6675 7990 7410
 3114 134 7543]
[9729 9735 4615 7 5130 8199 3084 9230 6160 1040 8722 7186 6164 9237 8721
 2581 9753 1049 8219 1051 9246 5151 547 3620 7717 1572 720 6697 7210 7723
 6190 3631 6715 9277 8254 6719 9792 7744 9794 1088 5700 1605 70 6726 2120
 9801 6729 4676 6732 5197 1612 4175 7248 1105 6739 1620 8275 9302 5206
 5207 86 6227 5211 5213 606 7262 3677 607 5730 6243 8286 8809 8811 8817
 119 8314 9851 637 4740 8840 1673 3216 3218 6292 7318 9369 5274 6299 5273
 162 5794 3236 8357 5797 2213 3752 9385 3242 8363 176 689 6839 2232 1721
 4281 6845 4798 4287 192 3779 4291 6854 6344 6857 5833 9417 3789 5837 1741
 9933 2769 5840 4304 4820 9428 2774 4823 727 6865 1756 9949 3806 2783 5342
 3297 2273 2782 8420 3301 7398 1247 746 6382 5871 755 6387 245 3319 3320
 3321 254 3327 6912 3840 4354 5890 7941 7429 8397 5385 266 5900 2829 269
 3342 7952 1813 7958 7959 792 7449 2840 2331 796 3355 9497 1823 8480 4894
 3363 8484 4391 4906 8491 4398 2350 9010 6970 3387 3905 6466 1858 7489
 8514 3400 6985 1867 1871 3920 2386 338 4951 9563 1884 1885 8542 1886 7004
 866 9059 7524 357 1380 1895 9576 7017 1898 2923 3942 8047 2416 367 6001
 376 377 4986 2940 4477 7040 4993 7044 1924 8069 2948 3461 8586 2955 3980
 6038 1431 2975 416 3489 6560 9120 2981 8102 8616 426 2987 5548 3498 427
 943 7083 434 8626 4019 5559 8632 5052 5056 7617 7107 6083 8644 6598 966
 6596 5578 9676 4559 8657 5074 4562 1491 8666 474 988 5088 9184 993 7140
 5607 2023 9704 3053 7150 6125 5104 2030 4085 1527 1019 5628 4605 4606
 8703 6308 4062]
[725 3171 1721 6839 2650 266 9471 4210 9385 3980 5088 8357 9926 434 3779
 1895 5900 8102 6705 7044 792 6466 9676 9735 9923 2783 8722 4823 6732 3218
 8314 5956 5700 9302 9528 5582 2232 7941 7248 796 1527 8811 8666 3321 3297
 376 988 2769 9059 8616 6970 2975 3806 416 9230 6854 9801 9160 3320 7609
 9184 8632 426 1479 1898 7040 3789 3400 9823 9246 7107 2120 8254 7958 8840
 9294 6912 474 4906 5154 1394 2270 195 1605 8716 4749 6014 9441 755 5056
 6985 6195 2331 5104 226 2829 8972 3683 563 7569 5607 8524 637 2521 6160
 9191 2987 6670 8657 8484 2940 5213 3059 7150 5837 6243 6958 6715 1823
 4606 5052 7959 9576 9832 9792 2078 6083 5297 7489 6842 357 3489 1924 1094
 3752 3214 5871 3956 3363 4553 9753 9415 5084 8586 7186 4993 4503 4354
 5548 6560 4833 1986 5074 966 2161 6299 9851 746 866 6162 1673 3459 5151
 1871 689 2032 8542 3439 8363 3620 1741 5172 4281 8514 606 9563 1884 2023
 9216 4826 2955 4605 9120 1838 2774 1867 8480 5559 1019 727 1181 2981 9010
 3327 7262 3346 5060 818 9933 3355 4559 160 687 2386 2923 1939 1620 3319
 1983 9879 7105 6872 9065 3601 1886 338 6164 4287 4740 994 1739 7989 943
 2722 2273 1693 4646 8219 3463 547 6774 57 1040 5833 4574 5987 5342 9729
 7542 2623 1756 367 5119 1767 9562 4864 8721 3053 607 10 6821 4282 5709
 923 7344 9360 4304 9497 845 8786 4002 8177 7497 6865 6227 6387 720 2948
 4391 7596 1051 1439 5682 3461 9932 3107 7133 9467 8271 9349 3113 4019
 6746 4849 7108 2111 1787 7401 7173 6294 2413 3318 7496 3965 9366 6904
 9513 7625 8399 7545]
[3075 4615 7 8199 5129 9735 8716 6670 8721 8722 7186 6164 2581 1049 2078
 5151 1058 547 7717 4646 3622 6697 7723 6195 563 6710 6715 6719 7744 8258
 7747 4676 5700 6726 7750 4678 2120 7242 4682 8780 5709 8267 4175 6732
 1105 7248 6739 1620 9294 7766 5207 9302 3673 9305 9819 2651 2650 5206
 5213 606 1121 5730 3171 6243 4710 2664 8811 9839 4208 2161 4210 119 8314
 4732 637 128 4740 8836 1673 4748 2701 4750 3214 3218 6292 7318 6299 3228
 3741 1693 8861 160 7841 5281 5797 2213 6821 3752 9385 8363 8364 7344 3761
 9393 1715 689 6839 2232 1721 4282 6842 4281 4287 7360 4291 1220 3779 9926
 9923 6854 5833 2762 3275 9933 3789 5837 4304 720 2769 1741 1236 8405 725
 4823 6872 4312 5338 1756 9949 3806 2783 2273 3297 1251 8420 1763 7398
 1767 232 9441 746 8943 5871 7415 3320 3321 3327 1791 9471 5890 7429 7941
 266 5900 8972 1297 8977 1813 7958 792 1304 2331 796 4894 2847 802 5411
 8484 3363 1830 4391 6950 2350 303 1840 6958 4398 6452 8501 9528 6970 1339
 3901 3905 1858 7489 1348 5956 8514 3399 3400 7497 2386 338 5461 4951 3416
 9562 7003 7004 1885 1886 8542 9563 70 9059 7524 9065 1898 2923 8046 367
 8558 2930 8563 7542 8566 9590 4985 376 4477 7040 898 7044 1924 8586 3980
 6543 9103 7569 1939 6549 6038 3995 2975 416 6560 4002 1443 5030 8102 8616
 3498 427 6060 4011 943 434 9652 1470 1983 5056 7105 3011 8644 7107 6598
 4553 9676 5582 463 8657 4562 1491 3539 2521 474 988 4574 8671 5088 993
 994 995 7138 2017 2535 5607 6121 6125 5104 8177 2032 3571 1012 1527 6138
 5116 4606 7758]
[3301 3171 1721 6839 266 9471 8267 4210 9385 3980 5088 9926 434 3779 1895
 5900 8102 7044 792 9676 9735 9923 2783 1431 8722 4823 6739 6732 5956 5700
 9302 2232 7941 796 1527 8811 8666 3321 1858 7717 3297 988 9059 6970 2975
 3806 416 6854 6380 9801 9160 1304 3320 9184 8632 426 7040 5730 3789 3400
 9823 9839 9369 4477 2151 5206 7107 2383 8254 7958 6598 9622 8840 9294
 6912 474 7617 4906 7723 5154 1394 3905 254 195 8716 4749 6014 9441 755
 5056 303 226 2829 8972 3683 7569 5607 8524 6160 9191 6670 8484 2940 5213
 3059 7150 5837 6243 6715 4606 5052 7959 8428 6121 9576 9832 9792 6703
 7489 463 3489 1924 3752 5871 3956 4553 9753 9415 1813 5084 8586 3840 7186
 4993 4503 4354 6560 4312 1470 4833 5197 5074 6697 2161 5327 6038 746 9237
 866 6162 1673 3459 1871 689 2032 8542 8363 3620 1741 5172 8514 606 3901
 4398 1884 8069 2955 6729 4605 9120 1838 4820 5274 1867 5559 8817 727 7323
 6656 1181 6190 2981 4814 9901 6845 9010 8491 1450 9704 3327 6857 7744
 4151 1885 3346 5060 818 3355 4559 1572 160 8258 8047 3677 5840 3312 687
 4985 2386 7398 8128 4175 8644 1939 377 1620 3319 1983 1105 7105 6872 87
 9949 3601 1886 5130 4287 5211 994 6726 7841 8364 943 5281 2722 7360 3741
 1693 3442 993 4646 7 8219 3463 547 6774 57 8420 5833 4574 247 8408 8236
 7004 5342 9729 2350 2840 1767 9562 2213 8275 6125 3724 1251 2957 6543
 1058 5709 7747 7344 4140 9360 7003 4304 2300 1830 6060 7242 6387 9107
 2948 5030 8046 4894 8476 4519 5369 3594 4709 1957 4720 3324 7849 2950
 2036 4476 2039 4637 3187]
[725 3171 6839 6719 2650 266 8267 4210 9385 3980 5088 8357 9926 434 3779
 8102 6705 7044 6466 9676 9923 8722 6739 3218 8314 5956 5700 9302 9528
 5582 2232 7941 7248 796 1527 8811 8666 1858 7717 3297 9059 8616 2975 3806
 416 6854 9160 1304 3320 9184 8632 426 7040 5730 3789 3400 2151 2416 9246
 5206 7107 7449 2120 2383 9622 8840 9294 6912 7617 4906 7723 5154 1394
 2270 254 6138 8716 6014 9441 755 5056 6985 6195 303 2331 5104 226 2829
 8972 563 7569 5607 637 2521 6160 9191 6670 8657 8484 2940 5213 3059 7150
 5837 6958 6715 1823 5052 9576 2078 6083 7489 463 6842 357 3489 1094 3214
 5871 3363 4553 9753 9415 5084 3840 4354 5548 6560 1470 1986 5074 6299
 5327 9851 746 866 6162 1673 3459 1871 8542 8363 1741 5172 8514 3901 4398
 1884 2023 9216 6729 4986 2774 4820 8480 8817 1019 727 7323 6656 1181 1145
 2981 4814 6845 3242 9704 3726 7744 1885 818 9933 8047 4562 687 8644 2923
 717 3319 9879 7105 3498 5555 87 5207 8809 5578 8364 943 5281 2722 4646 7
 7952 1929 547 57 8420 5833 8408 9729 1756 2840 367 5119 4951 8658 4864
 8199 802 427 4732 9652 3053 6125 9790 1251 8861 10 5009 6543 4282 5709
 923 7344 5116 3440 9418 9360 7003 7709 128 4304 845 5890 8200 912 232
 4765 8941 2066 9967 2595 3896 5529 3387 2895 8794 5628 2169 8580 6344
 1439 2181 6126 3819 6986 8286 8066 1080 8336 68 5835 2111 9292 5070 7292
 9039 5343 2950 4139 6962 4476 1812 373 2039 4637 7082 7969 3318 7356 1747
 8956 4097 1007 4435 6168 1921 7236 3600 7848 8923 9918 7625 9243 7579
 7632 8920 1492 7475]
[9729 3587 9735 8199 8200 5130 10 9230 6670 6160 1040 8722 7186 6164 8721
 1049 8219 7709 9246 5154 547 1572 7717 8236 4140 6703 6705 6195 52 57
 6715 59 8254 6719 9792 2623 5700 1605 8774 2120 9801 7242 8267 6732 5197
 9294 5709 7248 1105 8780 6739 8275 6227 5206 598 2650 5211 7262 9823 606
 607 5730 3683 6243 8804 1121 2151 9832 8809 8811 9839 2161 4210 8817 119
 8840 1673 4749 3214 3726 6292 7318 9879 9369 6299 1693 160 5281 2722 8357
 2213 6821 8872 9385 3242 8363 687 7344 6839 1721 4281 4282 4287 7360 3779
 9923 195 9926 4291 6857 9418 1739 3785 3789 5837 2769 6865 9428 725 4823
 4312 727 8408 9949 5342 2783 3297 9441 226 4833 3301 7398 2273 8420 1767
 4329 6380 8428 5871 8943 755 6387 245 3320 3321 9978 2300 6912 3840 4864
 7941 266 5900 2829 8972 3342 7952 2832 1813 7958 7959 2840 7449 9497 3355
 4894 3363 8484 1830 6439 4391 4906 8491 303 1840 818 9010 7989 6970 2363
 3905 1858 7489 5956 8514 3400 1867 845 8014 2383 1871 3416 9562 9563 1883
 1885 8542 1886 8545 9059 5987 357 1895 9576 9065 1898 2923 367 2416 3440
 1394 3956 376 4985 377 4986 2940 4477 6014 6008 7040 4993 1924 1929 2955
 3980 2957 7569 1939 9107 1431 4503 3995 2975 6560 3489 4002 8102 8616
 3496 426 2987 5548 6060 943 434 8626 9652 5559 8632 7609 5052 1470 5056
 7617 1986 7107 7105 966 1479 9160 4553 5578 9676 5582 463 4559 8657 5074
 8658 1491 8666 474 988 4574 5088 9184 5607 9191 6121 9704 3053 7150 6125
 5104 2032 8177 3059 1527 6138 1019 4605 4606 8703 6884 7654 5364 790 4861
 2622]
[3301 725 3171 1721 2650 266 8267 9385 3980 8357 9926 434 3779 1895 5900
 6705 792 6466 9676 9735 9923 2783 8722 4823 6739 3218 8314 5700 9302 9528
 5582 2232 7941 7248 796 1527 8811 8666 3321 1858 7717 3297 376 2769 9059
 8616 6970 2975 3806 416 6380 9160 1304 3320 7609 9184 8632 426 1898 7040
 3789 3400 9823 9839 4477 2151 2416 9246 5206 7107 7449 2383 8254 6598
 9622 8840 9294 6912 474 7617 4906 7723 5154 1394 2270 3905 254 6138 195
 1605 8716 4749 6014 755 5056 6985 303 5104 226 2829 8972 3683 563 5607
 8524 637 2521 6160 9191 2987 6670 8657 8484 2940 5213 6958 6715 1823 4606
 5052 7959 8428 6121 9576 9832 9792 6083 7489 463 6842 357 1924 1094 3956
 3363 9753 9415 1813 3840 7186 269 4993 4354 1470 1986 6697 6299 9851 866
 6162 1673 3459 1871 8542 8363 3620 606 9563 3901 6869 2023 8069 9216 4826
 2955 4605 4986 1838 4820 1867 8480 8817 7323 1181 6190 2981 598 9901 9010
 8335 3242 6857 7262 1885 3346 5060 818 9933 3355 4559 1572 160 8258 8047
 3677 5840 687 2386 7398 8128 8644 1939 3299 717 1983 1105 9879 7105 5461
 6872 87 6382 9949 8420 2623 1756 367 4951 1767 9562 8721 6008 8199 802
 427 2782 1247 4676 3053 6125 9790 607 7318 2957 1297 10 5009 6543 6821
 1058 4282 3995 5709 7344 913 682 3440 4140 7842 6439 7003 4304 2300 5890
 3622 1830 1443 1049 4002 6227 3342 9107 8780 4894 2832 52 119 1491 9750
 1012 354 8886 4705 4334 5680 9393 4227 881 4299 1606 1804 1690 995 2673
 8168 8084 430 8469 8300 5298 9035 2320 1803 5147 4678 3728 8220 9746 7138
 4228]
[3301 725 3171 1721 6719 2650 266 9471 8267 4210 9385 3980 5088 8357 9926
 434 3779 1895 5900 8102 7044 6466 9676 9735 1431 8722 4823 6739 6732 3218
 8314 5956 5700 9302 9528 5582 2232 7941 7248 796 1527 8811 1858 7717 3297
 376 988 2769 9059 8616 6970 2975 416 9230 6854 6380 9801 9160 7609 9184
 8632 426 1479 1898 7040 5730 3400 9823 9839 4477 2151 9246 5206 7107 7449
 2120 8254 7958 6598 8840 9294 6912 474 7617 4906 5154 2270 3905 6138 195
 1605 8716 4749 6014 9441 755 5056 6985 6195 303 2331 5104 226 2829 8972
 3683 563 7569 5607 8524 637 6670 8657 8484 2940 7150 5837 6243 6958 6715
 1823 4606 5052 7959 8428 6121 9576 9832 9792 2078 6083 6703 5297 7489 463
 6842 357 1924 1094 3752 3214 5871 3956 4553 9415 5084 7186 269 4993 4503
 4354 5548 6560 4312 1986 5197 5074 6697 966 2161 6299 70 6162 3459 689
 8363 3620 5172 4281 8514 3901 6869 9216 4826 2955 4986 9120 2774 1867
 8480 8817 1019 6656 1181 6190 598 9901 9010 1450 3242 9704 7744 7262 1885
 5060 818 3355 4559 5840 687 8128 4175 2923 1939 1620 3349 3319 1105 7105
 5461 87 6382 9949 3601 5130 338 4740 3216 5578 4748 1739 7989 943 2273
 993 8219 1040 8420 7750 5833 4574 8408 5987 8236 7004 5342 2350 2840 367
 8626 9562 4864 8199 7524 445 427 4732 8774 2782 8275 1247 9652 4676 3053
 2581 607 7318 2957 4085 6543 7497 6060 6865 8872 1840 7816 8046 1883 8780
 8545 2832 9277 59 1491 9750 9625 245 2363 8200 1012 8886 4208 8836 912
 835 1618 3202 4682 1576 8558 2362 4964 8671 4307 9794 7817 4716 7141 5209
 565]
[4823 6739 6732 8314 5956 5700 9302 9528 7941 796 8666 1858 376 9059 6970
 3806 416 6854 9184 8632 1479 1898 5730 9369 4477 2151 9246 5206 2383 8254
 6598 6912 474 3905 195 4749 6014 755 5056 6985 6195 303 8972 2521 8657
 5213 5837 7959 6083 7489 1924 1094 5871 3363 1470 5197 2161 6038 9851
 9237 3459 5151 3901 4398 1884 2023 4826 6729 4605 4986 9120 1838 2774
 5274 8480 5559 1019 2981 6845 9010 8491 818 9933 4559 1572 3677 2386 7398
 4175 9879 87 1886 4740 3216 6726 7989 943 7360 3741 2273 3442 4291 7 7952
 8219 3463 1929 547 57 8408 5987 7004 5342 2350 1756 2840 367 5119 4951
 1767 8721 6008 8199 445 7429 2213 8275 2581 6125 1422 3724 607 7318 2957
 4085 10 6543 6821 8804 3440 6439 9360 7003 7709 128 4304 86 2300 3785
 1830 7242 9103 5680 8104 3180 6647 6942 9252 7104 5411 762 8084 1501 3957
 3158 1577 8212 9959 7980 9536 5330 5387 924 8600 4710 6750 9794 1032 1788
 5862 683 7210 5385 5469 3517 2181 180 8397 6746 4133 7108 8196 2878 697
 9292 1787 3067 7173 9924 1812 5849 5302 473 4446 5749 9366 8003 2859 2554
 7568 9157 9918 8947 4051 2482 7475 1150 4247 2130 6251 4020 6364 701 642
 2529 2002 3909 5908 749 5486 7313 6868 2898 3502 5128 7201 9225 4474 1429
 332 58 7002 5872 3298 6283 9755 6242 1203 5830 7913 5547 6933 242 9527
 3263 6000 7520 147 3325 1368 6151 5456 7349 8422 2421 2668 8193 1112 8404
 3052 8531 7604 7543 7528 7516 7505 7494 7484 7450 7426 7302 7296 7295
 7122 7118 7094 7079 7058 6890 6882 6878 6847 6807 6801 6788 6779 6767
 6749 6724 9035]
[3301 725 3171 1721 6839 6719 2650 266 9471 4210 9385 3980 8357 9926 3779
 1895 5900 6705 7044 792 6466 9676 9735 9923 2783 1431 8722 4823 6739 6732
 3218 8314 5956 5700 9302 9528 5582 2232 7941 7248 796 1527 8811 8666 3321
 1858 7717 376 988 2769 9059 6970 2975 3806 416 9230 6854 9801 9160 1304
 3320 8632 426 1898 7040 3789 9823 4477 2151 5206 7107 7449 2120 8254 7958
 9622 8840 5154 254 4749 6014 6195 303 2331 5104 8972 563 7569 5607 637
 6160 9191 2987 3059 5837 6243 6958 6715 1823 7959 3489 4553 5084 8586
 8069 9933 2386 5578 3442 4291 4646 7 7952 8219 3463 547 6774 57 1040 8420
 7750 6452 4574 2840 5119 4951 8626 8658 4864 445 2762 8275 1247 9652 4676
 5129 6125 9790 1251 3587 1297 5009 6821 5709 923 4140 7842 9418 4304 86
 845 5890 3622 3785 1443 1049 7497 6865 8703 4329 6227 6387 8872 720 4391
 5030 8046 8780 3496 5493 59 1491 2363 354 4705 835 797 5458 5354 7853
 3228 4682 1043 9393 8558 8104 232 4227 1137 3716 4307 995 5838 8700 7177
 6353 1862 4547 5925 8501 3075 1577 61 9819 1944 9426 4423 3594 5106 1636
 6993 2716 9578 9305 6135 5053 470 9969 4776 8708 9953 4285 1279 2066 1398
 8803 1715 9707 6748 6968 2248 924 8600 8741 7554 8241 370 1513 7415 8231
 3115 7760 9862 1042 9616 192 1788 4572 5862 2067 7734 6035 323 162 6562
 3896 7590 1612 176 5271 8286 6746 2187 941 1787 5134 7558 7182 3452 5302
 3669 1193 4097 4435 5609 9968 9513 2130 5210 9269 2002 189 5215 1373 5581
 6678 6959 6559 9964 6264 2795 4632 483 6481 6055 3148 9921 1734 7220 636]
[6656 9729 3075 7 5129 7177 1035 8716 1040 3601 6162 8721 9750 1049 4519
 2078 5151 7711 5154 547 1572 7717 4646 3622 6697 7723 8236 4140 6190 5680
 6705 6195 563 4151 57 6715 9277 8254 2623 9792 7744 8258 61 5700 1605
 1094 6726 7750 9801 6729 8267 6732 8774 7248 1105 8786 6739 598 87 5207
 86 2650 5213 606 7262 5730 3171 3683 6243 2151 9832 8811 8300 9839 2161
 6774 8314 9851 4732 637 4740 8840 1673 7816 4749 4750 8335 3216 3728 6292
 9369 5274 7323 2716 160 7841 7842 5797 3752 9385 3242 8363 8364 9901 682
 687 5297 6839 1721 6842 4281 6845 4287 9923 195 4291 6854 9415 6857 5833
 715 3789 1741 5327 9933 2769 5840 4304 4820 725 2774 4823 4312 727 8408
 1756 9949 3806 2270 1247 3297 9441 3299 2273 3301 7398 8420 1767 746 6380
 4334 3312 755 247 3321 254 9471 3840 1791 7941 266 5900 2829 269 3342
 3346 1813 8469 7959 1304 7449 2840 3355 1823 8480 802 8484 3878 4391 8491
 2350 1840 9010 818 6452 9528 6970 3901 3905 6466 1858 6985 1867 8524 845
 8014 2383 1871 2386 338 3923 3416 9563 1884 1885 8542 1886 7004 9059 5987
 357 7524 1895 9065 1898 2923 1394 3956 7542 8566 376 4985 4986 6008 2940
 6014 7040 4993 8576 7044 1924 3463 1929 3980 1431 4503 2975 416 3489 6560
 9120 1443 8102 5030 8616 3496 426 2987 5548 1450 427 943 430 8632 7609
 5052 1470 8128 7617 1986 6083 5060 8644 6598 6085 9160 4553 5578 9676
 5582 463 4559 8657 5074 4562 8658 3539 9678 8666 474 5084 4574 5088 993
 994 5607 2535 6121 3053 7150 6125 5104 2032 5106 3059 3571 1019 8700 5119
 2299]
[725 3171 1721 6839 6719 2650 266 9471 8267 4210 3980 5088 8357 9926 3779
 1895 5900 8102 6705 7044 792 9676 9735 9923 2783 1431 8722 4823 6739 6732
 3218 8314 5956 5700 9302 9528 5582 2232 7941 7248 796 1527 8666 3321 1858
 7717 3297 376 988 2769 9059 3806 9230 6854 9801 9160 3320 7609 9184 8632
 426 1898 7040 5730 3400 9823 9369 4477 2151 2416 9246 5206 7107 7449 2120
 8254 6598 8840 6912 474 7723 5154 1394 2270 3905 6138 1605 8716 4749 9441
 5056 6985 6195 303 5104 226 8972 7569 5607 8524 637 2521 6160 9191 2987
 6670 2940 3059 6715 1823 8428 6121 9576 9832 2078 6083 5297 7489 6842 357
 3752 5871 3363 4553 9753 1813 5084 7186 4503 4354 5548 6560 70 9851 866
 3459 1871 689 1741 8514 9563 4398 8069 6729 2774 4820 5274 5559 1019 2981
 598 6845 9704 6857 7744 7262 1885 818 3355 160 5840 687 2386 7398 4175
 1939 377 3299 9879 5555 5461 6872 3601 1886 338 994 4748 6726 1739 9428
 2722 3741 1693 4291 6292 8219 3463 547 6774 1040 7750 5987 8236 5342 2350
 7542 4951 8626 3761 9562 4864 6008 7524 802 445 2213 8275 1247 5129 3724
 607 2957 6543 6821 1058 4282 3995 5709 913 6439 4750 4304 86 9497 5890
 1443 8786 1049 8703 7242 4329 6227 6387 720 2948 4391 1840 3496 4894 59
 3816 1491 1121 2363 1012 9103 835 797 7853 3228 6085 761 9393 8558 2362
 8104 4227 8576 1690 7419 4547 6635 8497 8469 5298 9819 9606 1944 4011
 3373 4423 3594 4660 458 9361 9262 3883 9902 5106 169 2930 9190 6653 5986
 893 2701 1075 4765 5053 470 4546 6077 4776 5162 8708 1708 3479 9959 3031
 600]
[3416 3216 5578 7841 8364 7989 943 5281 2722 3741 2273 1693 4291 4646 7952
 3463 547 1040 5833 8408 7004 2623 1756 367 4951 8626 3761 8721 6008 802
 445 2782 9652 5129 2581 9790 7318 1251 3587 8861 1058 5709 7747 7344 5116
 8804 3440 7842 6439 9360 4750 1248 86 845 2300 5890 3622 8786 1049 4002
 8177 7497 6865 6387 8872 9978 3342 9107 5030 7816 8046 1883 4894 2832 52
 119 59 9750 9625 8200 1012 4000 354 4208 4705 8836 912 835 1618 797 8104
 8968 232 1137 881 4307 3180 7711 1606 9093 7419 1220 6635 3957 3571 5147
 61 385 2664 2243 898 4660 3883 1941 2930 9522 9190 6653 893 1708 3479
 7054 5309 2066 1398 725 1721 6839 6719 2650 8267 4210 9385 5088 434 3779
 1895 5900 7044 792 6466 9676 9735 9923 1431 8722 4823 3218 5956 5700 9528
 5582 2232 7941 7248 1527 8811 8666 3321 3297 376 2769 9059 8616 6970 3806
 416 9230 6854 6380 9801 9160 1304 3320 7609 9184 8632 1479 1898 7040 5730
 3789 3400 9823 9839 9369 4477 2151 2416 9246 5206 7107 2120 2383 8254
 7958 6598 9622 8840 9294 6912 474 7617 4906 7723 5154 1394 2270 3905 254
 6138 195 1605 8716 6014 9441 5056 6195 303 2331 8972 5607 8524 637 6160
 2987 8657 8484 5213 7150 5837 6243 6958 6715 1823 4606 5052 7959 8428
 9576 9792 6083 6422 5297 6842 357 3489 1924 1094 3752 3214 5871 3363 9415
 8586 3840 269 4503 4354 6560 1470 4833 1986 5074 966 9237 866 5151 1871
 689 8363 9563 4398 6869 2023 9216 2955 1838 2774 4820 5274 8480 727 6656
 1181 6190 6845 9010 1450 9704 3726 3327 7744 4151 7262 3346 818 9933 3355
 4562]
[6719 2650 266 9471 8267 9385 3980 5088 8357 9926 434 5900 8102 6705 7044
 6466 9676 9735 9923 1431 4823 6739 6732 3218 5956 5700 9528 5582 2232
 7941 7248 8811 8666 3321 1858 7717 3297 376 2769 9059 6970 2975 3806 416
 9230 6854 6380 9801 1304 9184 8632 426 1898 3789 3400 9823 9839 9369 2151
 9246 5206 7107 7449 2120 2383 7958 6598 9622 8840 6912 4906 5154 1394
 3905 195 1605 8716 4749 6014 9441 755 5056 303 2331 8972 637 2521 2987
 2940 7150 5837 6958 4606 7959 8428 9792 1470 5578 4748 6726 1739 7841
 8364 7989 943 2722 7360 3741 2273 1693 3442 4291 993 7952 3463 1040 8420
 4574 9729 4951 8626 8658 3761 7524 802 8774 8275 1247 4676 5129 6125 1422
 3724 607 7318 1251 3587 2957 4085 1297 10 5009 6821 3995 5709 9360 7003
 7709 4304 8786 1049 9107 2948 8014 8046 8780 3496 4894 2832 9277 4000
 1804 9035 1577 61 2327 1944 2243 9426 458 8681 2716 9305 2930 9522 3947
 5053 3399 1334 4776 5162 7766 4938 617 2127 1708 5185 8212 9959 3186 6973
 7054 7456 271 5309 5786 8941 2066 1398 9967 7036 8803 9707 2595 2090 5960
 6968 2248 5219 8600 1990 6157 7145 6856 1228 1996 370 6750 1433 1513 5774
 2651 7415 1926 9606 3923 385 5369 7933 7032 1088 8166 5271 7017 7430 8180
 7596 8413 6344 1051 3283 6596 6349 4019 6488 2271 5835 2111 9292 941 7558
 7229 1905 6315 4637 8003 3038 5808 8399 3735 6251 3627 4313 8958 7313
 5202 1975 3164 7967 3913 9298 5155 2737 9556 5128 6678 9225 7351 5843
 8668 1429 7202 7821 9282 7545 58 6163 5872 3584 2643 3736 6326 1203 5830
 4565 814 7913 5547 6795 5179]
[5730 3789 3400 9823 4477 2416 9246 5206 7107 2383 7958 8840 9294 6912 474
 7723 5154 2270 254 6138 6014 5056 303 8972 3683 5607 689 8047 5281 7360
 3741 2273 1693 6292 993 4646 7952 3463 547 6774 57 8420 5833 247 8408
 7004 2350 7542 2623 1756 2840 5119 8626 8658 3761 9562 8721 8199 7524 802
 445 8774 9652 4676 5129 3053 2581 6125 9790 607 7318 2957 1297 5009 6821
 1058 4282 5709 5116 3440 4140 9418 9360 7003 4304 2300 3622 3785 8786
 5273 8177 6387 9107 720 5030 4894 2832 245 2363 354 8886 4705 912 7104
 1501 3957 8469 1765 8220 9746 7138 6500 3851 4423 5106 6993 7539 8954
 6077 1334 5162 2847 2083 8346 4315 6748 8600 5573 1513 5774 1926 9514
 3115 1380 2017 7730 9794 192 1788 2024 3236 5338 323 9080 6253 4712 7596
 8413 6344 1051 7979 863 5146 3942 3283 3107 7133 9467 8271 6126 5794 6596
 2316 4019 3920 6746 9656 6177 8066 4849 6488 2271 4783 5924 3085 2111
 5070 388 2586 1581 2950 8827 1296 1208 4093 1007 5749 6012 1571 2524 5340
 4457 9918 9243 2130 3627 5917 4058 6364 3097 3909 5477 2898 9298 3336
 5530 2231 2737 2925 4581 6678 4416 459 2141 6169 807 7913 9527 4589 1147
 9503 5456 6206 6493 7741 2299 7152 6474 1518 3693 4204 3765 2131 948 5272
 1547 480 7562 5600 641 9139 2447 3615 672 5722 2487 3414 6577 7674 8539
 5232 2166 2704 6393 4121 9137 5143 4623 4543 4532 4497 4466 4388 4356
 4284 4272 4232 4231 4160 4131 4100 4072 4068 4052 4046 4014 3911 3794
 3585 3542 3516 3504 3449 3437 3432 3430 3394 3223 3215 3121 3058 3007
 2928 2924 2921 2885 2865 2819 2780 9197]
[3301 725 3171 1721 6719 2650 266 8267 4210 9385 3980 5088 8357 434 3779
 5900 8102 6705 6466 9676 9735 9923 2783 1431 8722 4823 6739 3218 8314
 5956 5700 9302 9528 2232 7941 7248 1527 8811 8666 3321 1858 7717 3297 988
 2769 9059 8616 6970 9230 6854 6380 9801 9160 1304 7609 9184 8632 426 1479
 5730 9823 9839 2151 2416 9246 5206 7107 7449 2383 8254 6598 474 7617 7723
 5154 1394 2270 254 195 8716 4749 9441 5056 6985 2331 5104 226 2829 563
 637 6160 2987 6670 8657 8484 5213 7150 5837 6958 6715 4606 5052 7959 8428
 6121 6703 463 357 1924 1094 3752 3214 5871 3363 4553 9753 1813 5084 8586
 3840 4993 4503 4354 4312 1470 1986 5074 6697 2161 5327 6038 9851 9237 866
 6162 5151 1871 2032 8542 3439 8363 3620 1741 4281 8514 3901 4398 1884
 6869 2023 8069 2955 6729 4986 9120 1838 5274 1867 8480 7323 1181 1145
 6190 2981 598 4814 9901 6845 9010 8491 1450 8335 3242 9704 3726 4615 3327
 6857 7744 4151 1885 3346 5060 818 9933 3355 1572 160 8258 5840 3312 4562
 2386 7398 8128 377 3299 1620 3349 3319 1983 7105 3498 5461 6872 87 6382
 9949 9065 5207 1886 8809 5130 338 6164 4287 4740 5211 994 1739 8364 943
 2722 3741 1693 6292 993 7952 8219 1929 6774 1040 8420 6452 5833 247 5987
 7004 9729 2350 1756 367 5119 4951 1767 8626 8658 3761 9562 8721 8199 7524
 445 2762 7429 2213 4732 8774 8275 9652 4676 5129 3053 6125 9790 1422 3724
 607 1251 4085 10 5009 6821 1058 3995 5709 682 8804 7003 9497 845 8177
 7497 6060 4329 2948 8014 1491 912 4682 2362 715 7637 7177 139 4547 430
 8566 3957 5121]
