Fault List:
128
122
123
121
122
123
130
116
119
131
125
116
126
118
123
124
122
120
125
125
121
120
120
120
131
124
126
120
122
123
FDR List:
0.6844919786096256
0.6524064171122995
0.6577540106951871
0.6470588235294118
0.6524064171122995
0.6577540106951871
0.6951871657754011
0.6203208556149733
0.6363636363636364
0.7005347593582888
0.6684491978609626
0.6203208556149733
0.6737967914438503
0.6310160427807486
0.6577540106951871
0.6631016042780749
0.6524064171122995
0.6417112299465241
0.6684491978609626
0.6684491978609626
0.6470588235294118
0.6417112299465241
0.6417112299465241
0.6417112299465241
0.7005347593582888
0.6631016042780749
0.6737967914438503
0.6417112299465241
0.6524064171122995
0.6577540106951871
Time List:
320.2499010562897
321.60320115089417
323.9256830215454
320.8853220939636
321.0858221054077
322.41623711586
317.1437270641327
319.9502010345459
317.9203317165375
317.94682598114014
319.2813720703125
302.6498112678528
317.76741313934326
316.5854399204254
316.86954712867737
317.73993611335754
316.38152980804443
318.3315758705139
317.32172203063965
318.97177600860596
319.3166048526764
321.2695059776306
318.63001012802124
306.82438564300537
318.14362621307373
317.7057349681854
318.0830430984497
318.79884696006775
319.31759214401245
319.89628434181213
Subset List:
[725 3171 1721 6839 6719 2650 266 8267 4210 3980 5088 3779 1895 5900 8102
 6705 7044 792 6466 9676 9735 8722 4823 6739 6732 3218 5956 5700 9302 9528
 5582 2232 7941 7248 796 1527 8666 3321 7717 3297 376 988 2769 9059 8616
 6970 2975 3806 9230 9801 9160 1304 3320 7609 9184 426 1479 1898 7040 3789
 3400 9839 4477 9246 5206 7107 7449 2120 2383 6598 9622 8840 9294 6912
 7617 4906 7723 1394 2270 3905 254 6138 195 1605 8716 4749 6014 9441 755
 5056 6985 226 3683 563 7569 5607 8524 637 2521 6160 9191 6670 8657 8484
 5213 7150 5837 6243 6958 6715 4606 5052 7959 9576 9832 9792 6083 6703
 5297 7489 463 6842 357 3489 1924 1094 3214 5871 3956 3363 9753 9415 1813
 3840 7186 269 4993 4503 4354 5548 6560 4312 4833 1986 5197 5074 966 2161
 6299 5327 6038 70 9237 6162 1673 3459 1871 689 2032 8542 3439 8363 3620
 1741 5172 8514 606 9563 3901 4398 1884 6869 2023 9216 4826 2955 6729 4605
 4986 9120 1838 2774 4820 5274 1867 8480 5559 727 7323 6656 1181 1145 6190
 9901 6845 9010 1450 8335 3242 9704 3726 4615 3327 6857 7262 1885 5060 818
 9933 3355 1572 160 3312 687 2386 7398 2923 717 7105 3498 5555 5461 6872
 6965 9949 9065 3601 1886 338 5797 5211 994 4748 8364 7989 9428 7360 1693
 993 7952 547 6774 57 1040 8420 7750 6452 4574 247 7004 5342 2350 7542
 2623 1756 367 5119 4951 1767 8626 3761 9562 6008 7524 802 445 4732 8774
 2782 8275 1247 3053 2581 6125 607 7318 1251 2957 4085 1297 10 1058 4282
 8943 3995 5709 7747 682 8804 9360 128 4304 9497 845 5890 3622 8786 5273
 1049 4002 7497 6060 8703 4329 6387 3342 2948 1840 9305 6653 5006 893 3947
 470 4546 8708 1236 1708 3479 8212 3031 3186 7456 271 3240 5309 4285 7980
 8346 1279 5786 9967 8803 1715 9707 9709 9536 2595 2090 4965 4315 8898
 9465 3359 9445 2565 5230 7231 8563 5219 924 8600 9911 7217 6157 7145 8741
 221 6851 1228 370 6750 1433 5774 2651 7415 5268 6538 8231 1926 6161 7124
 8900 1218 5310 1042 3382 7736 9620 1380 2017 9794 192 1788 2024 2246 3236
 5862 2067 6549 6428 7861 5919 5490 5385 323 162 9080 4933 7032 6562 2444
 3896 5529 1088 3387 2895 2855 5469 1612 8794 4495 7640 8166 8580 3117
 7017 6253 7430 8751 3631 5889 4712 7596 6344 1051 1439 8023 5146 5682
 2181 3461 7893 7638 9932 3107 7133 7802 9467 8271 6126 7498 180 6596 6477
 5825 5957 2316 3920 8397 6029 6986 8286 9404 4849 1080 7108 6488 5924
 8196 68 5835 2111 697 2325 9292 2126 1787 5134 3704 1293 5070 7558 265
 7401 7182 4720 7229 5532 388 3324 7173 4223 5343 2950 1416 9924 4139 6315
 5405 1812 373 2039 4637 1296 5302 473 2808 7969 8815]
[3301 725 3171 1721 6839 6719 2650 266 9471 8267 4210 9385 3980 5088 8357
 9926 434 3779 1895 5900 8102 7044 792 6466 9676 9735 9923 2783 1431 8722
 4823 6739 6732 3218 8314 5956 5700 9302 9528 5582 2232 7941 7248 796 1527
 8811 8666 3321 1858 7717 3297 376 988 2769 9059 8616 6970 2975 3806 416
 9230 6854 9801 9160 1304 3320 7609 9184 8632 426 1479 1898 7040 5730 3789
 3400 9823 9839 9369 4477 2151 2416 9246 5206 7107 7449 2120 8254 7958
 6598 9622 8840 9294 6912 474 7617 4906 7723 5154 1394 2270 3905 254 6138
 1605 8716 4749 6014 9441 755 5056 6985 6195 303 2331 5104 226 2829 8972
 3683 563 5607 8524 637 2521 6160 9191 2987 6670 8657 8484 2940 5213 3059
 7150 5837 6958 6715 1823 5052 7959 8428 6121 9576 9832 9792 2078 6083
 6703 5297 7489 463 6842 357 3489 1924 3214 5871 3956 3363 4553 9753 9415
 1813 5084 8586 3840 7186 269 4993 4503 4354 5548 6560 4312 1470 4833 1986
 5197 5074 6697 6299 5327 70 746 9237 866 6162 1673 3459 5151 1871 689
 8542 8363 3620 5172 4281 8514 606 9563 3901 4398 2023 8069 4826 2955 6729
 4605 4986 1838 2774 5274 1867 8480 1019 727 7323 6656 1181 1145 6190 2981
 598 4814 9901 6845 9010 1450 8335 4615 7262 1885 5060 818 9933 3355 1572
 160 3677 3312 687 2386 7398 8128 4175 8644 1939 3299 1620 717 3349 1105
 9879 7105 5555 5461 6872 87 6965 9949 3601 1886 3416 5797 4740 3216 5211
 994 4748 7841 8364 9428 7360 3741 2273 1693 3442 6292 993 7952 8219 3463
 1929 6774 57 1040 8420 7750 4574 247 8408 5987 8236 7004 5342 9729 2350
 7542 2623 1756 2840 367 1767 8626 3761 9562 4864 8721 8199 7524 802 445
 2762 7429 2213 4732 8774 2782 8275 9652 4676 5129 2581 9790 1422 3724 607
 7318 1251 3587 2957 4085 1297 8861 5009 6543 1058 8943 3995 5709 7747
 7344 913 682 8804 3440 7003 7709 4750 128 86 9497 845 2300 5890 3622 1830
 1443 8786 1049 4002 8177 7497 8703 6227 6387 3342 4391 1840 5030 7816
 8046 3496 4894 5493 9277 119 59 3816 1491 2363 1012 4000 354 4208 8836
 1763 1618 3202 3228 6085 8803 1723 2394 2090 5960 4965 5571 9465 9445
 2565 7231 5219 8600 9911 5886 4710 7217 6157 8741 1228 1996 370 1138 1513
 7415 6720 6538 5086 531 7760 8900 5310 3382 7736 9620 9794 1032 7933 1800
 5862 683 7861 5919 162 7140 3896 7590 176 8794 4495 7430 5227 3631 2085
 7596 8413 6344 1051 1439 863 5146 3942 5682 2181 3461 5813 7133 9467 9349
 8397 9404 4133 4783 5835 7561 1787 3067 4903 4093 4097 986 1276 3773 6457
 3821 6904 2554 7499 8920 2525 1150 2130 9105 5658 5917 4058 7960 279 4313
 6364 1001 2251 3694 2529 6320 5908 7097 5112]
[8196 8199 8200 10 6160 6161 4114 6162 6164 2078 6177 4137 2090 8236 4140
 6190 52 4151 57 59 8254 2111 8258 2120 8267 4175 8275 6227 86 8279 87
 8286 2151 4208 2161 4210 119 8314 128 8335 2193 6292 8346 162 8357 2213
 8363 4281 4282 4287 195 4291 6344 4299 6349 4304 8405 4312 8408 2270 2271
 2273 226 8420 4329 8428 6387 247 266 6422 2331 8480 6439 8491 4398 303
 2350 6452 309 2362 2363 6466 8514 8542 8545 354 357 367 2416 370 8563 377
 4477 8576 8580 6538 8586 6543 4503 8600 416 8616 426 427 434 8626 4539
 445 8644 6598 463 8657 4562 473 8666 2521 4574 6653 4606 6656 4615 2570
 8716 6669 6670 8721 8722 4637 4643 547 4646 6697 8751 6703 563 6715 6719
 6720 2623 4676 6726 583 8774 6729 4682 6732 8780 6739 598 2650 6748 606
 607 4705 8803 8804 4709 4710 8809 8811 8817 6774 637 4735 4740 8836 8840
 4749 4750 2716 8861 2722 6821 8872 683 689 8886 6839 6842 6845 6854 717
 4814 720 2769 4820 725 6869 4823 727 4826 6876 2782 2783 4833 746 8943
 755 6912 4864 8968 8972 2829 2832 792 2840 796 4894 6942 4903 6958 9010
 818 6965 6968 6970 835 6985 6986 845 2895 4951 7004 863 866 9059 9065
 2923 7032 4985 4986 2940 893 7040 7044 2948 2955 2957 912 5009 9107 923
 2975 9120 943 5052 5056 7105 7107 5060 966 9160 5074 988 7133 5084 5088
 993 994 3053 5104 5106 3067 5116 5119 9216 1032 3084 3085 5134 9230 1040
 1043 9237 1049 5151 5154 3107 9253 7210 5172 9277 1088 7242 5197 9294
 7248 1105 1109 9302 5206 5207 5213 7262 1121 5219 3171 3180 1137 3216
 3218 7318 9369 5274 7323 5273 1181 3228 5281 1193 9385 3242 7344 5297
 9393 3253 5302 5310 7360 9415 9418 1228 5327 9428 5342 5343 3297 9441
 3299 1251 3301 7398 7401 5354 3312 7415 9471 3327 7429 3342 1297 3346
 3349 1304 9497 3355 5405 7456 5410 3363 1348 3400 7497 5461 3416 9562
 7524 9576 3439 3440 1394 3442 5493 7542 3459 3461 1422 7569 1431 1433
 9625 5532 3489 1443 3496 1450 7596 9652 5559 5565 7617 5571 1479 5578
 9676 5582 7640 5607 9704 9707 1527 9729 9735 3601 9753 7709 7711 3620
 1572 7723 5680 9792 7744 7747 5700 1605 7750 9801 1612 5709 1620 3669
 3673 3677 9823 9839 9851 1673 3724 5774 3726 9879 3741 5794 5797 3752
 7853 3761 1721 3779 9923 9926 5833 3785 1739 3789 5837 1741 9933 1746
 1756 9949 3806 1767 3816 5871 9969 7933 3840 5889 5890 7941 1800 5900
 7952 1812 1813 7958 7959 1823 1830 1840 3896 3905 1858 5956 1867 8014
 3920 8023 1883 1885 5987 1895 1898 8046 6008 6014 1924 3980 6029 1939
 3995 4000 4002 8102 4019 1983 6083 2023 6121 6125 6126 2032 8177 2036
 6138 5305 7377 5909]
[3301 725 3171 1721 6719 266 9471 4210 9385 3980 5088 8357 9926 434 3779
 1895 5900 8102 6705 7044 6466 9676 9735 9923 2783 1431 8722 4823 6739
 6732 3218 5956 5700 9302 9528 5582 2232 7941 7248 796 1527 8811 8666 3321
 1858 7717 3297 376 988 2769 9059 8616 6970 2975 3806 9230 6380 9801 9160
 1304 3320 7609 9184 8632 426 1898 5730 3789 3400 9823 9839 4477 2151 2416
 9246 5206 7107 7449 2120 2383 8254 7958 6598 8840 9294 6912 474 7617 4906
 7723 5154 1394 2270 3905 254 6138 195 1605 8716 6014 9441 755 5056 6195
 303 2331 5104 226 2829 8972 3683 563 7569 5607 8524 2521 6160 9191 2987
 6670 8657 2940 5213 3059 5837 6243 6958 6715 1823 5052 7959 8428 6121
 9576 9832 2078 6083 6422 5297 6842 357 3489 1094 3752 5871 3956 3363 9753
 5084 3840 7186 269 4993 4503 4354 5548 6560 4312 1470 4833 6697 966 2161
 6299 5327 70 9851 5151 1871 689 3439 8363 3620 1741 5172 606 9563 3901
 4398 1884 6869 2023 8069 9216 4826 2955 6729 4605 4986 9120 2774 4820
 5274 8480 727 6656 6190 2981 598 9901 6845 9010 8491 1450 8335 3242 3726
 4615 3327 7744 4151 7262 1885 3346 818 9933 3355 4559 1572 160 8258 3677
 5840 3312 4562 7398 8128 4175 8644 2923 1939 377 3299 717 3349 1983 1105
 7105 3498 5461 6872 87 6382 9949 9065 3601 1886 8809 5130 338 6164 4287
 5797 3216 5578 5211 994 1739 7841 7989 943 5281 7360 3741 2273 1693 4291
 6292 993 4646 7952 8219 547 6774 1040 7750 5833 4574 8408 8236 7004 5342
 2350 7542 2623 1756 2840 5119 4951 8658 3761 4864 8721 6008 8199 7524 802
 2762 7429 4732 8275 9652 4676 5129 2581 6125 9790 3724 607 7318 1251 2957
 4085 8861 10 5009 6543 6821 1058 5709 923 7747 7344 5116 3440 4140 9418
 6439 9360 7709 4750 1248 128 4304 86 9497 845 2300 5890 3622 3785 1443
 8786 5273 1049 4002 309 7497 6865 8703 7242 4329 6387 8872 9978 3342 4391
 1840 5030 8014 8046 1883 3496 2832 52 4299 762 9093 8497 8501 2738 3728
 9819 7087 8944 1075 5053 6594 9969 7766 8708 3479 8212 3031 3186 6973
 1348 9953 271 8346 1279 1398 9967 7036 2090 9253 5330 2685 3359 6748 6968
 5230 2248 924 7217 6157 7145 8741 7554 1228 5573 8241 370 6750 1433 1513
 5774 7161 6720 5268 6538 5086 7083 7124 8900 1218 5310 1380 1592 4137 192
 1032 8189 2024 2246 7933 3236 4572 255 6428 5338 7734 9273 9417 1109 5490
 8815 323 6562 3896 2855 7590 1612 8794 4495 7640 8166 8580 7573 5271 3631
 7596 6344 3942 3461 3283 7893 2483 7638 8271 2612 7498 9349 180 5794 3084
 5825 6029 6986 7108 8336 2271 3085 5835 697 2325 1787 1293 7229 7849 4223
 3452 6294 5343 1812 4637 3318 4446 8131 7670]
[3301 725 3171 1721 6839 6719 2650 266 9471 8267 4210 9385 5088 8357 434
 3779 1895 8102 6705 7044 6466 9735 9923 2783 1431 4823 6739 6732 3218
 8314 5956 5700 9302 9528 5582 2232 7941 7248 796 1527 8811 8666 3321 1858
 7717 3297 376 988 2769 9059 8616 2975 3806 416 9230 6854 6380 9801 9160
 1304 3320 7609 9184 8632 426 1479 1898 7040 3789 3400 9839 9369 4477 2416
 9246 5206 7107 7449 2120 2383 8254 7958 6598 9622 8840 9294 6912 474 7617
 4906 7723 5154 1394 2270 254 195 1605 8716 6014 755 6985 6195 303 2331
 5104 2829 8972 3683 563 7569 5607 8524 637 2521 6160 2987 6670 8657 5213
 7150 5837 6243 6958 6715 1823 4606 5052 7959 8428 6121 9576 9832 9792
 2078 6703 6422 7489 3489 1094 3752 3214 3363 4553 1813 5084 7186 269 4993
 4354 6560 4312 1470 1986 5197 6697 966 6299 5327 9851 746 9237 866 1673
 3459 5151 1871 689 2032 8542 3439 8363 3620 1741 5172 4281 8514 606 9563
 4398 8069 9216 6729 4605 4986 9120 1838 2774 4820 5274 1867 8480 5559
 8817 6656 6190 2981 598 4814 9901 6845 9010 8335 3242 9704 4615 3327 4151
 7262 1885 3346 5060 818 9933 4559 1572 160 8258 8047 3677 4562 687 4985
 2386 7398 8128 1939 1620 717 3349 1983 1105 7105 3498 5461 6872 87 6382
 6965 9949 9065 5207 1886 8809 5130 338 3416 6164 4287 5797 4740 5578 5211
 6726 1739 7841 8364 7989 9428 943 2722 7360 3741 2273 6292 993 4646 7
 7952 1929 547 57 1040 8420 6452 5833 4574 247 8408 8236 7004 5342 9729
 2350 7542 2623 1756 2840 367 5119 4951 1767 8626 3761 9562 8721 6008 7524
 802 445 2213 2782 8275 1247 9652 4676 5129 3053 6125 9790 3724 607 1251
 3587 2957 4085 1297 8861 10 5009 6543 6821 1058 4282 8943 3995 5709 923
 7747 7344 5116 913 3440 4140 9418 6439 9360 7003 7709 4750 1248 128 4304
 86 9497 845 2300 5890 3785 1443 5273 1049 4002 309 8177 7497 6865 8703
 7242 6227 8872 720 4391 1840 5030 7816 8014 8046 8780 3496 8545 2832 9277
 52 119 3816 1491 1121 9750 245 2363 8200 1012 354 6950 4208 8405 8836
 2193 835 5354 3228 1043 5680 9393 8558 8476 8104 8968 232 4227 8576 1137
 881 3716 6647 6942 9252 2543 715 4299 5424 7104 1804 1690 2673 7395 762
 5219 924 9911 4710 6157 8741 1228 5268 6001 1926 5086 531 7083 2017 9794
 192 2024 2246 7933 1800 2067 5338 9273 258 5385 323 162 4933 4963 2444
 3896 1088 7590 5469 1612 8580 3117 5271 7017 6253 3631 5889 7596 8413
 1051 7979 863 3942 2181 3461 7893 2483 9932 3107 8271 6126 2612 3084 6477
 2316 6349 3920 6746 1750 9404 4133 7108 2271 8196 68 5835 2111 6235 941
 3704 7401 7229 5532 388 7292 7173 7849 241]
[725 3171 1721 6839 6719 2650 266 9471 8267 4210 9385 3980 8357 9926 434
 3779 1895 5900 8102 6705 7044 792 6466 9676 9735 9923 2783 1431 8722 4823
 3218 8314 5700 9302 9528 5582 2232 7941 7248 796 1527 8811 8666 1858 7717
 3297 376 988 2769 9059 8616 6970 2975 3806 416 9230 6854 6380 9801 9160
 1304 3320 7609 9184 8632 426 1479 1898 7040 5730 3789 3400 9823 9839 4477
 2151 2416 9246 5206 7107 7449 2120 2383 8254 9622 8840 6912 7617 4906
 7723 5154 1394 2270 3905 254 6138 195 1605 8716 4749 6014 755 5056 6985
 6195 303 2331 5104 226 2829 8972 3683 7569 5607 8524 637 6160 6670 8657
 2940 5213 3059 5837 6958 6715 4606 5052 8428 6121 9576 9832 9792 2078
 6422 5297 7489 463 6842 1924 1094 3752 5871 3363 4553 9753 1813 5084 8586
 3840 4993 4354 6560 4312 1470 1986 5074 966 2161 6299 5327 6038 70 9851
 9237 866 6162 1673 3459 5151 689 8542 3439 8363 3620 1741 5172 4281 8514
 606 9563 3901 4398 6869 2023 9216 6729 4605 4986 9120 4820 1867 8480 8817
 1019 727 7323 6656 1181 1145 6190 2981 598 6845 9010 8491 1450 3242 9704
 3327 6857 7744 4151 7262 1885 818 9933 3355 1572 160 8047 3677 5840 3312
 4562 687 2386 8128 2923 377 3299 717 3349 1105 7105 3498 5555 6872 87
 6382 9949 3601 1886 3416 4287 4740 5578 994 4748 6726 7841 7989 5281 2722
 7360 3741 2273 1693 3442 4291 6292 993 4646 7 7952 8219 3463 1929 547
 6774 57 8420 5833 4574 8408 5342 9729 7542 367 5119 4951 8626 9562 8721
 8199 802 427 8774 8275 1247 4676 5129 2581 6125 3724 607 7318 1251 3587
 8861 10 6821 1058 5709 923 7747 5116 913 7842 9418 9360 7003 1248 4304
 5890 3622 3785 8786 5273 1049 8177 6865 6227 8872 9978 3342 2948 4391
 7816 8014 1883 8780 5493 2832 52 59 1121 9750 9625 8200 1012 4735 354 912
 5354 3228 1043 1576 6085 8476 8104 232 8671 4227 1137 881 3180 6942 2543
 1606 1804 5411 762 8700 9093 3539 7419 6353 4547 8084 1220 5925 3957 8501
 8469 8384 3571 6853 3158 5147 4678 9746 385 2178 4519 4011 3594 3883 8944
 9902 1941 5106 1636 433 9874 2716 9578 9522 6653 3947 9969 4938 617 8708
 8886 8231 1051 1439 3461 5813 3107 7133 9467 5794 3084 6477 5565 5957
 6349 6029 6986 6746 8145 6177 1750 9404 4849 4133 3706 6488 2271 68 2173
 2111 697 2325 9292 2236 1581 9950 4139 6962 5819 1812 373 2039 5849 473
 4643 7509 1747 8956 2155 4435 6012 2524 5874 5609 766 1921 7236 3005 3773
 6457 4264 3821 8095 2554 706 7499 3343 5808 8296 5446 6271 8399 4760 6305
 1150 2130 9105 9329 3574 2630 5917 5183 6706 3052 401 3867 3708 974 2426
 8651 4825 7223 3183 1064 4586 5610 3817]
[3171 6719 9471 9385 3980 9926 3779 1895 8102 7044 6466 9676 1431 8722
 4823 6739 6732 3218 8314 5700 5582 2232 7941 7248 796 1527 8666 3321 1858
 7717 3297 988 2769 9059 6970 2975 3806 416 9230 6854 9801 9160 1304 3320
 7609 9184 8632 426 1479 1898 5730 3789 3400 9369 4477 2151 2416 9246 7107
 7449 2120 2383 8254 7958 6598 9622 8840 9294 6912 474 7617 7723 5154 1394
 2270 3905 254 6138 195 1605 8716 4749 6014 9441 755 5056 6985 6195 303
 2331 5104 226 2829 8972 3683 563 7569 5607 8524 637 2521 6160 9191 2987
 2940 6715 463 3214 5871 9753 1813 3840 4354 4312 1470 1986 6038 9851 9237
 8363 606 9563 2023 4605 4986 9120 1838 2774 4820 8480 1019 727 598 6845
 3726 6857 5060 3355 687 4985 2386 7398 8128 4175 1620 717 1105 9879 9949
 5130 3416 3216 4748 6726 7841 5281 1693 4291 6292 993 8219 3463 8420 5987
 2623 2840 4951 8626 8658 9562 4864 802 8774 8275 9652 4676 5129 3053 2581
 6125 607 7318 1251 3587 2957 4085 1297 10 5009 6543 6821 1058 3995 5709
 7747 7344 7003 1248 128 4304 1830 4002 8177 3342 2948 5030 1491 1012 354
 8886 1763 1618 5458 3202 4682 5680 1576 232 3673 6647 4299 7104 7395 1035
 3011 342 8566 3275 2167 3429 1765 9035 2320 3923 385 7087 4331 2327 9590
 7813 9361 9874 6993 3191 2930 5006 2701 3947 6594 1474 4546 9969 5162
 5185 9959 2847 7054 5786 1398 7036 8803 9707 2090 9465 6748 2565 2248
 5219 924 7217 1228 5573 370 1513 5774 8231 5086 9514 7124 9616 7736 9620
 4137 192 7580 8189 2024 3236 4572 2067 6549 5338 9273 9417 1109 258 8815
 7210 5385 6035 323 162 9080 7140 4963 7032 6562 2444 3896 3387 2855 7590
 1612 176 7640 8580 6253 7430 8180 5227 5889 3517 7596 8413 6344 1051 7979
 863 5146 3942 2181 3461 5813 3283 3107 7133 9467 8271 2612 7498 9349 180
 6477 5825 2316 4019 8397 6029 6746 8145 6177 8066 9404 4849 1080 7108
 8336 8196 7228 6901 3026 2173 2187 5835 2111 697 2325 9292 2236 5134 5070
 7401 7182 4720 5532 3324 7173 1905 7849 3452 6294 2950 9950 4139 9869
 2036 5819 1812 8874 2039 4637 1336 2808 7969 1208 2413 4114 3318 4446
 8956 6625 2155 734 6876 2990 1007 4435 6012 9743 6168 9398 9366 3335 885
 5994 6457 205 4980 2684 8923 2554 2952 7568 9157 9513 9918 3343 9243 5808
 7632 8920 6305 2309 1150 7956 9329 1157 5017 7439 5917 9269 6364 7815
 5508 9809 6673 2002 6320 189 4029 7261 5324 7097 6881 1382 749 3352 3164
 9501 5002 2044 7205 5848 7002 5647 459 1548 3996 6242 7620 5830 6513 5547
 6507 3787 1346 3325 302 7445 1147 9675 9370 8301 2809 6493 8525 4501 4843
 2675 3183 6825 3817 9646 5600 7518 5533 3029 7923 6341 2163]
[3301 725 3171 1721 6839 6719 2650 8267 3980 5088 8357 9926 434 3779 1895
 5900 8102 6705 792 6466 9676 9735 9923 2783 8722 6739 3218 8314 5956 5700
 9302 5582 2232 7941 7248 796 1527 8811 8666 3321 1858 7717 3297 376 988
 2769 9059 6970 2975 3806 416 9230 6854 6380 9801 9160 1304 3320 8632 426
 1898 7040 5730 3789 3400 9823 9369 4477 2151 9246 5206 7107 7449 2383
 8254 7958 6598 9622 8840 9294 474 4906 5154 1394 2270 3905 6138 195 1605
 8716 4749 6014 9441 755 5056 6195 303 2331 226 2829 8972 3683 563 7569
 5607 8524 6160 9191 2987 6670 8657 5213 7150 5837 6243 6715 1823 4606
 7959 8428 6121 9576 9832 9792 2078 6083 6703 6422 5297 7489 463 6842 357
 3489 3752 5871 3956 4553 9415 1813 5084 8586 3840 7186 269 4503 4354 5548
 6560 1470 4833 1986 5197 6697 2161 6299 5327 6038 70 9851 746 9237 866
 1673 3459 1871 689 2032 8542 3439 8363 3620 1741 5172 4281 8514 606 9563
 3901 4398 1884 6869 2023 8069 9216 4826 2955 6729 4605 4986 9120 1838
 2774 4820 5274 1867 8480 8817 1019 727 7323 6656 1181 1145 6190 2981 9901
 9010 8491 1450 8335 3242 9704 3726 3327 6857 7744 4151 1885 3346 5060 818
 9933 3355 4559 160 8047 3677 4175 2923 377 717 3319 1105 7105 3498 5555
 6872 87 9949 5207 1886 8809 338 3416 6164 4287 4740 3216 5578 5211 994
 6726 1739 7841 8364 7989 943 7360 3741 2273 1693 3442 4291 6292 4646 7952
 8219 547 6774 57 1040 8420 5833 4574 8408 5987 7004 9729 2350 2623 1756
 2840 5119 4951 8626 8721 8199 7524 445 2762 2213 2782 8275 3053 1422 607
 7318 1251 2957 1297 10 6543 5116 913 8804 3440 4140 7842 9418 6439 7709
 4750 1248 128 4304 86 9497 845 2300 5890 3622 3785 1830 1443 1049 4002
 309 8177 7497 6865 6227 6387 8872 9978 9107 720 2948 4391 1840 5030 7816
 8046 8780 3496 4894 8545 5493 2832 119 1121 9750 245 2363 8200 1012 4735
 8886 6950 4208 4705 8405 7711 9252 8532 6887 1606 3361 2673 7395 1035
 7419 3957 819 1167 61 6710 3728 9746 7863 7087 4519 5369 3851 1944 4011
 1339 2664 2770 4423 7813 4660 9361 1957 1941 9874 6993 2716 9578 6135
 9190 1261 893 2701 1075 6594 1474 6077 1334 9969 4776 5162 4938 1236 3479
 3186 1355 7054 7456 271 3240 7980 2083 1279 5786 8941 2066 9967 8803 2394
 2090 9253 5330 2685 9465 5387 8563 924 8600 1990 9911 4710 6157 8741 7554
 370 1433 1138 7415 8231 1926 9514 3115 7083 7760 5310 3382 3253 1592 7730
 8725 9794 1032 8189 2024 2246 3236 1800 6428 7861 9273 1109 7210 6035 162
 9080 4933 2444 1612 176 5628 7640 7017 7430 8751 1845 3041 276 5645 8512
 4005 8902 3450 7779 9183 3950 9655 7888 7555 9344]
[3301 725 3171 1721 6839 6719 2650 266 9471 8267 4210 3980 5088 8357 9926
 3779 1895 5900 8102 6705 7044 792 6466 9676 9735 9923 2783 1431 8722 4823
 6732 3218 5956 5700 9302 9528 5582 2232 796 1527 8811 8666 3321 1858 7717
 3297 376 988 9059 8616 6970 2975 9230 6854 6380 9801 9160 1304 3320 7609
 9184 426 1898 5730 3789 3400 9823 9839 9369 4477 2151 2416 9246 7107 7449
 2120 2383 8254 7958 6598 9622 8840 9294 474 7617 4906 7723 5154 1394 2270
 3905 254 6138 195 1605 8716 4749 6014 755 5056 6195 303 2331 5104 2829
 8972 563 7569 5607 8524 637 2521 6160 9191 2987 6670 8657 8484 2940 5213
 3059 7150 5837 6243 6958 4606 5052 7959 8428 9576 9792 2078 6083 6703
 5297 7489 463 6842 357 3489 1924 1094 3214 5871 3956 3363 4553 9753 9415
 5084 8586 3840 7186 269 4354 5548 6560 4312 1470 4833 1986 5197 5074 966
 2161 6299 5327 6038 70 746 9237 866 6162 3459 5151 1871 2032 8542 3439
 1741 8514 606 9563 4398 1884 6869 8069 9216 4605 4986 9120 2774 4820 5274
 8480 8817 1019 727 7323 1181 1145 6190 2981 598 4814 9901 6845 9010 8491
 1450 8335 3242 9704 3726 4615 3327 6857 4151 7262 1885 3346 5060 818 9933
 3355 4559 1572 8258 8047 3677 5840 4562 2386 7398 8128 4175 8644 2923 377
 1620 3319 1983 1105 9879 5555 5461 6872 87 6382 6965 9949 9065 5207 3601
 1886 5130 338 3416 6164 4287 5797 3216 5578 5211 994 4748 6726 7989 9428
 5281 2722 7360 1693 3442 4291 6292 993 7 7952 8219 3463 1929 547 6774
 1040 8420 7750 4574 5987 8236 7004 5342 7542 2623 1756 2840 367 4951 8626
 3761 7524 802 445 2762 7429 427 4732 2782 8275 9652 4676 2581 9790 1422
 7318 2957 4085 1297 10 6543 1058 4282 8943 3995 5709 923 5116 913 682
 8804 3440 7842 9418 6439 7003 7709 1248 128 4304 86 9497 2300 5890 3785
 1443 8786 1049 4002 309 6865 7242 4329 6387 8872 9978 9107 720 2948 4391
 1840 5030 7816 8014 1883 3496 8545 5493 2832 9277 52 119 59 3816 1491
 1121 9750 9625 245 2363 8200 4000 8886 4705 912 5458 5354 7853 4682 1043
 6085 8558 2362 8104 4964 2570 4227 8576 4307 3673 6647 6942 4299 8532
 6887 7104 5411 3361 1690 2673 762 1577 4678 6710 3728 9678 9746 7867 3923
 4331 5369 2327 1944 2664 3890 9426 898 7813 4660 9361 4709 3883 5278 1941
 5106 6993 6135 3191 7539 5006 1261 5986 893 2701 5053 470 8954 5011 4546
 1334 4776 4539 5162 4938 84 8708 1236 1708 3031 1355 7054 1348 271 2083
 8346 1398 7036 1715 9709 2394 2090 9253 9465 3359 6748 2565 5387 2248
 8563 5219 924 8600 1990 5886 4710 7217 6157 8741 7554 1228 8241 1996 1513
 5774 2651 7415 6720 5268 1926 9514 6294]
[3301 725 3171 1721 6839 6719 2650 266 9471 8267 4210 9385 3980 5088 8357
 9926 434 3779 1895 5900 8102 7044 792 6466 9676 9735 2783 1431 8722 4823
 6739 6732 3218 8314 5956 5700 9302 9528 5582 2232 7941 7248 796 1527 8811
 8666 3321 1858 7717 3297 376 988 2769 9059 6970 2975 3806 416 9230 6854
 6380 9801 9160 1304 3320 7609 8632 426 1479 1898 7040 5730 3789 3400 9823
 9839 9369 4477 2151 2416 9246 5206 7107 7449 8254 7958 6598 9622 8840
 6912 474 7617 4906 7723 5154 1394 2270 3905 254 6138 195 1605 8716 4749
 6014 9441 5056 6985 6195 303 2331 5104 2829 8972 3683 563 7569 5607 8524
 637 2521 6160 9191 2987 6670 8657 8484 2940 5213 3059 7150 5837 6243 6958
 6715 1823 4606 5052 7959 8428 6121 9832 9792 2078 6083 6703 6422 5297 463
 357 1924 1094 3752 5871 3956 3363 4553 9753 9415 3840 7186 269 4503 4354
 5548 6560 4312 1470 1986 5197 5074 6697 2161 5327 6038 9851 746 866 6162
 1673 3459 1871 689 2032 3439 8363 3620 1741 5172 4281 8514 606 3901 4398
 1884 8069 4826 6729 4605 4986 1838 2774 1867 8480 5559 727 7323 6656 1145
 2981 9901 8491 1450 8335 3242 9704 3726 4615 3327 6857 7744 7262 3346 818
 9933 3355 4559 1572 8258 8047 3312 4562 687 4985 2386 7398 4175 8644 1939
 3299 717 3349 3319 1105 9879 7105 5555 5461 87 6382 6965 9949 9065 3601
 1886 8809 338 6164 4287 5797 4740 5578 1739 7841 8364 7989 9428 943 5281
 7360 3741 1693 3442 4291 6292 993 7 7952 3463 547 6774 57 1040 8420 7750
 5833 247 8408 8236 7004 9729 2350 7542 2623 1756 2840 367 9562 8721 6008
 8199 7524 802 2762 7429 427 2213 4732 8774 2782 8275 9652 5129 3053 2581
 1422 3724 607 7318 3587 4085 8861 10 6543 6821 4282 8943 3995 5709 923
 7747 7344 5116 682 8804 3440 4140 7842 9418 6439 9360 7003 4750 1248 128
 4304 86 9497 2300 5890 1830 1443 5273 4002 309 8177 7242 3342 720 4391
 8046 1883 8780 3496 9277 59 3816 1491 2363 8200 4000 4208 4705 2193 912
 9103 1618 797 7853 5680 6085 8476 8968 232 8576 1137 881 4307 3673 6942
 2543 715 6887 5424 1606 7104 1804 1690 995 5838 7395 4137 9417 1109 7210
 5385 323 4933 7140 4963 3896 1088 3387 7590 5469 176 8794 5628 2169 7640
 8166 8580 7573 7017 7430 8751 5889 4712 2085 3517 7596 6344 1051 1439
 8023 7979 5146 3942 5410 2181 3461 3283 2483 7133 7802 8271 6126 2612
 3113 6596 3819 5957 2316 6349 6986 6746 8066 631 1750 9404 4849 1080 4133
 3706 8336 4783 3026 3085 5835 697 2325 9292 941 2126 1787 5134 3704 7401
 3067 7182 388 7173 7849 9039 2586 1581 6294 5343 1416 6315 6962 8827 2036
 5819 1812 2039 7082 7969 3318 1783]
[3301 725 3171 1721 6839 6719 2650 266 9471 8267 4210 9385 3980 5088 8357
 9926 434 3779 1895 5900 8102 6705 7044 792 6466 9676 9735 9923 2783 1431
 8722 4823 6739 6732 3218 8314 5956 5700 9302 9528 5582 2232 7941 7248 796
 1527 8811 8666 3321 1858 7717 3297 376 988 2769 9059 8616 6970 3806 416
 9230 6854 6380 1304 3320 7609 9184 8632 426 1479 1898 7040 5730 3789 3400
 9823 9839 9369 4477 2151 5206 7107 7449 2120 2383 8254 7958 9622 8840
 9294 6912 474 7617 4906 7723 5154 1394 2270 3905 254 6138 195 1605 8716
 4749 6014 9441 755 5056 6985 303 2331 5104 2829 8972 3683 563 7569 5607
 8524 637 2521 6160 9191 6670 8657 8484 2940 5213 3059 7150 5837 6243 6958
 6715 1823 4606 5052 7959 8428 6121 9576 9832 9792 2078 6083 6703 6422
 5297 7489 6842 357 3489 1924 1094 3752 3214 5871 3956 3363 9753 9415 1813
 5084 8586 3840 7186 269 4503 4354 5548 6560 4312 1470 4833 1986 5197 5074
 6697 2161 6299 6038 9851 9237 866 6162 3459 5151 2032 8542 3439 8363 5172
 4281 606 9563 4398 1884 2023 8069 4826 6729 4605 4986 9120 4820 5274 1867
 8480 8817 7323 6656 1181 2981 598 4814 9901 6845 9010 9704 3726 4615 3327
 6857 7744 4151 7262 3346 5060 818 9933 3355 4559 1572 160 8258 8047 3677
 5840 3312 4562 687 4985 2386 8644 2923 1939 377 3299 1620 3349 1105 9879
 7105 3498 5461 6872 6382 6965 9949 9065 5207 3601 1886 338 3416 5797 4740
 3216 5578 5211 6726 7841 7989 9428 943 5281 2722 7360 3741 1693 3442 4291
 6292 993 7 7952 3463 1929 547 6774 8420 7750 5833 4574 247 8408 5987 8236
 7004 5342 2350 7542 1756 8626 9562 4864 8721 6008 8199 802 445 2762 2213
 4732 8774 2782 1247 4676 5129 3053 6125 1422 3724 607 7318 1251 2957 4085
 1297 10 5009 6543 8943 3995 5709 923 7747 7344 5116 913 8804 3440 4140
 7842 6439 9360 7003 7709 4750 1248 128 4304 86 845 3785 1049 8177 7497
 8703 1715 9709 4965 2685 4315 9465 3359 6748 6968 2565 7231 5219 9911 221
 8241 1996 7415 8231 7124 9620 3253 1380 9794 192 1032 551 683 5338 2030
 162 4933 7140 7032 6562 3896 1088 2855 5469 1612 176 8794 4495 5271 7017
 3631 3517 7596 6596 3920 9404 3085 2187 697 4720 1905 7849 4223 2586 5343
 4139 6962 1909 1193 2155 4093 7236 9366 5714 9453 4369 2629 3773 5994
 3821 8003 3049 3343 5446 8920 4096 9329 173 5017 5917 5324 7275 5002 678
 6339 5155 7128 9878 2795 5843 4632 483 6481 4474 5848 332 58 7255 6532
 9755 6440 5205 4779 6326 1203 6017 5830 6620 7314 5646 814 7913 2690 6933
 164 5179 242 7970 8562 7408 8552 9675 184 7482 2721 5621 6706 4204 4843
 8651 3105 167 7370 3204 4094 4868]
[3301 725 3171 1721 6839 6719 2650 266 9471 8267 4210 9385 3980 5088 8357
 9926 434 3779 1895 8102 6705 7044 792 6466 9676 9735 9923 2783 1431 8722
 4823 6739 6732 3218 8314 5956 5700 9302 9528 5582 2232 7941 7248 796 1527
 8811 8666 3321 1858 7717 3297 376 988 2769 9059 8616 6970 2975 3806 416
 9230 6854 6380 9801 9160 1304 3320 7609 9184 8632 1479 1898 7040 3789
 9823 9839 4477 2151 2416 9246 5206 7107 7449 2120 2383 8254 7958 6598
 9294 474 7617 4906 5154 1394 3905 6138 195 4749 6014 9441 755 5056 6195
 303 2331 5104 226 2829 8972 3683 563 7569 8524 637 2521 2987 6670 8484
 2940 5213 3059 5837 6715 1823 4606 7959 8428 6121 9832 2078 6083 6703
 6422 5297 7489 463 6842 3489 1924 1094 3752 5871 3363 4553 9753 9415 3840
 7186 269 4993 4503 4354 6560 4312 1470 4833 1986 5197 5074 2161 5327 6038
 70 746 9237 866 6162 1673 3459 689 8542 3439 8363 3620 1741 5172 4281
 8514 606 9563 3901 4398 1884 8069 9216 4826 2955 6729 4605 9120 1838 2774
 5274 1867 8480 8817 727 7323 6656 1181 6190 2981 598 9901 6845 9010 8491
 8335 3242 3726 4615 3327 6857 7744 3346 3355 1572 160 8258 8047 3677 3312
 4985 1939 377 1620 717 3349 1983 1105 9879 7105 3498 5555 5461 9949 9065
 5207 3601 1886 338 3416 4287 5211 4748 6726 1739 7841 7989 9428 5281 2722
 7360 3741 2273 1693 3442 4291 993 4646 7 7952 3463 1929 547 6774 57 1040
 8420 7750 4574 5987 8236 7004 5342 9729 2350 2623 1756 2840 367 5119 4951
 1767 8658 3761 9562 8721 6008 8199 7524 445 7429 427 2213 4732 8275 1247
 9652 4676 5129 3053 2581 6125 1422 607 7318 1251 3587 2957 4085 1297 8861
 10 5009 6543 6821 1058 4282 8943 3995 5709 923 7747 7344 5116 682 8804
 4140 7842 6439 9360 7003 1248 128 9497 845 5890 3622 1830 1443 8786 1049
 4002 309 8177 7497 6865 7242 4329 6387 8872 9978 3342 9107 720 2948 4391
 7816 8014 8046 1883 4894 8545 5493 9277 52 119 1491 1121 245 4735 4000
 8886 6950 4334 2193 9103 1618 797 5458 5354 3202 7853 3228 4682 1043 5680
 1576 761 9393 8558 8476 8104 4964 232 8671 1746 8576 1137 881 4307 3180
 6647 715 8532 5424 139 5925 1765 6853 7087 3890 9361 8944 2506 1708 9959
 271 1279 2066 1715 9253 5960 5387 5219 7145 8741 5573 8241 1996 370 6750
 7161 7415 6538 1926 5086 9514 3115 531 7124 7760 8900 1218 5310 3382 9616
 7736 3253 192 1788 8189 551 255 5338 7734 1109 7210 6035 323 4933 7140
 4963 3896 1088 5469 1612 8580 7573 5227 3631 3517 8413 1051 1439 7979
 3942 5682 3461 3283 9349 1750 4783 5134 7182 3324 1905 4637 2413 4114
 6913 6168 3965 3190 3035 885 3257 5689 6999]
[4097 4099 4101 8199 10 6160 4114 6168 2078 6177 35 2085 2090 4139 4140
 6195 52 6197 6206 2111 8254 4163 68 2126 8271 86 8283 91 2141 6243 2151
 8296 110 2161 119 2169 8314 128 2181 2187 4241 147 6294 6299 162 4258
 4264 176 2232 4282 189 195 2251 6349 205 4304 4306 221 8413 2271 4320
 2270 4329 8428 245 254 265 2316 4369 2325 8484 2342 6439 4391 303 2352
 2355 4408 6457 324 6477 2383 4435 4446 8545 357 367 2416 8562 373 376
 4476 4477 8578 4483 8580 8586 394 6543 4495 2455 8602 6560 416 8616 426
 8626 2483 8632 445 6596 6598 4553 459 8657 4565 2521 8666 474 2525 6625
 483 2551 4606 8703 2568 6670 8722 2581 2586 4643 2599 6697 553 6703 8751
 4661 4676 8774 583 8780 6732 6737 8786 6739 8794 607 4712 8811 8815 631
 8824 4732 2684 2690 8840 4749 4750 4760 8861 675 6821 677 8872 8874 683
 4779 688 689 6842 701 6854 2762 4821 4823 2782 734 744 2795 8943 4849
 6901 2808 6904 2809 4864 6913 769 6912 4868 2825 2829 2831 2835 2836 6933
 2840 796 4894 802 2855 809 2859 4907 6958 6959 6962 2871 6970 4926 6986
 845 4951 7004 2910 863 9059 7011 7017 4980 7040 4993 2948 2949 2957 5008
 5009 913 9105 5017 923 2975 2978 2988 948 7107 7108 966 9160 5070 7119
 3025 3026 7128 5084 7140 3053 7150 5104 3059 3067 3072 7173 5129 3085
 7182 9230 7186 9237 1049 1051 3100 9246 5151 1057 1058 7202 5154 5159
 3113 7210 1080 3129 9277 7229 7236 5193 9292 5197 9294 5206 5215 1124
 1130 5227 3178 9329 5237 3193 7292 3209 3214 9360 3218 7318 5273 9370
 9369 9376 1193 5297 1203 9398 7356 3264 9415 9417 9418 7384 1241 5338
 1247 3297 9441 1251 7401 9452 9453 3318 3320 3321 3324 1285 5385 1293
 5392 1297 1304 7449 5405 3363 9513 7475 1336 9528 7489 5446 7496 7497
 7498 7499 3400 5459 7509 9562 5469 7524 3440 7542 3459 9604 3461 7558
 1416 1422 7569 7573 1429 9622 7579 5532 7583 3495 5544 7596 3502 7598
 9652 9656 3513 7609 3517 1470 7617 1479 7625 5581 5582 7638 7640 5598
 5600 5609 9708 5621 1527 5625 5628 9729 1538 3587 3600 9750 1571 7723
 3631 5682 7734 9790 9791 9792 7747 5700 1605 5703 9801 1610 1612 5709
 3669 9823 5730 9832 1645 3694 9839 5747 3704 3706 3711 1664 1673 9869
 7823 5787 1696 7842 5794 7846 3752 7848 5808 3765 3773 9918 5825 9924
 1738 5835 3789 1747 7893 1750 5849 1756 9950 3816 3821 5871 3840 5889
 5890 7941 9996 1812 1813 7956 7958 7959 1822 7970 1830 7979 1850 3900
 1858 8003 5961 1868 5969 8023 1883 3942 5991 5992 6001 1909 6008 6012
 1921 8066 6017 1924 6029 6041 3995 4001 6060 4017 1986 4044 4051 8166
 6125 6126 8177 8180 4085 6133 3800]
[3301 725 3171 1721 6839 6719 2650 266 9471 8267 4210 9385 3980 5088 8357
 9926 434 3779 5900 8102 6705 7044 792 6466 9676 9735 9923 2783 1431 8722
 6732 3218 8314 5956 5700 9302 9528 5582 2232 7941 7248 796 1527 8811 8666
 3321 1858 7717 3297 376 988 2769 9059 8616 6970 2975 3806 416 9230 6380
 9801 9160 1304 7609 9184 426 1479 1898 7040 5730 3789 9823 9839 9369 4477
 2151 2416 9246 5206 7107 7449 2383 8254 7958 6598 9622 8840 9294 6912 474
 7617 4906 7723 5154 1394 2270 3905 254 6138 195 1605 4749 6014 9441 755
 5056 6985 6195 303 2331 5104 226 2829 8972 3683 563 7569 8524 637 2521
 6160 2987 6670 8657 8484 2940 5213 3059 7150 5837 6243 6958 1823 4606
 5052 7959 8428 6121 9576 9832 9792 2078 6083 6422 5297 7489 463 6842 357
 3489 1924 1094 3752 3214 5871 3956 3363 4553 9753 9415 1813 5084 8586
 3840 7186 269 4503 5548 6560 4312 1470 4833 1986 5197 2161 6299 5327 6038
 70 9851 9237 866 6162 1673 3459 5151 1871 689 8363 3620 1741 4281 8514
 606 9563 3901 4398 1884 2023 8069 4826 2955 6729 9120 2774 4820 5274 1867
 8480 1019 727 7323 6656 1181 1145 6190 2981 598 4814 9901 6845 9010 8491
 1450 8335 3242 9704 4615 3327 6857 7744 7262 1885 3346 818 9933 3355 4559
 1572 8047 5840 3312 4985 8128 4175 8644 2923 377 1983 9879 7105 3498 5461
 6872 87 6382 6965 9065 5207 3601 1886 8809 338 3416 6164 4287 5797 3216
 5578 5211 994 4748 6726 1739 9428 943 5281 7360 3741 2273 1693 3442 4291
 6292 7952 8219 3463 1929 1040 5833 4574 5987 8236 7004 5342 2350 2623
 1756 2840 367 1767 8658 3761 9562 8721 802 445 2213 4732 2782 8275 1247
 4676 3053 6125 9790 1422 3724 607 7318 1251 3587 2957 6821 1058 8943 3995
 5709 923 7747 7344 913 9418 7003 9497 845 5890 3622 3785 1443 1049 4002
 8177 6060 6865 4329 6227 720 2948 4391 1840 1883 3496 4894 5493 9277 52
 1491 1121 9750 2363 8200 8836 4334 2193 912 9103 835 1618 797 5354 3228
 4682 1043 1576 761 8476 2362 8104 2570 1746 4227 8576 881 6647 6942 7711
 9252 2543 5424 5411 762 8700 9093 7419 6353 1862 3011 342 8566 6635 8501
 8469 8300 3429 5298 819 3878 1167 1765 3571 9035 6853 1803 3158 3075 5147
 61 2535 6710 2419 3728 9678 7867 3923 6500 385 4331 8316 2327 2664 2770
 4539 7766 4938 2506 617 1236 2127 5185 1355 271 7980 2083 1279 2066 1715
 5330 2685 2565 1990 5886 4710 8741 7554 8241 370 2651 6720 6538 8231 6001
 1926 3115 6161 9862 5310 3382 9616 1380 4137 2017 7730 9794 1032 2024
 7933 583 5338 7734 9417 5385 5529 2895 7590 5469 1612 176 7573 4476 5874
 3190 885 4264 8095 2859 6904 4843 4492 8232]
[3669 1747 8956 1738 6625 6876 9657 6913 4435 1571 2524 9376 3965 9366
 3190 3035 885 9708 2205 4264 8370 8003 8095 2859 2684 6904 8923 9857 2554
 5008 2952 7568 1868 5808 8296 5446 6271 3301 725 3171 1721 6839 6719 2650
 266 9471 8267 4210 9385 3980 5088 8357 9926 434 3779 1895 5900 8102 6705
 7044 792 6466 9676 9735 9923 2783 1431 8722 4823 6739 6732 3218 8314 5956
 5700 9302 9528 5582 2232 7941 7248 796 1527 8811 8666 3321 1858 7717 3297
 376 988 2769 9059 8616 6970 2975 3806 416 9230 6854 6380 9801 9160 1304
 3320 7609 9184 8632 426 1479 1898 7040 5730 3789 3400 9823 9839 9369 4477
 2151 2416 9246 5206 7107 7449 2120 2383 8254 7958 6598 9622 8840 9294
 6912 474 7617 4906 7723 1394 2270 3905 254 6138 195 1605 8716 4749 6014
 755 5056 6985 6195 303 5104 226 2829 8972 3683 563 7569 8524 637 2521
 6160 9191 2987 6670 8657 8484 2940 3059 7150 5837 6243 6958 6715 4606
 5052 7959 8428 6121 9576 9832 2078 6083 6703 6422 5297 7489 463 6842 357
 3489 1924 3752 3214 5871 3363 4553 9753 1813 5084 8586 3840 7186 269 4993
 4503 4354 5548 6560 4312 1470 4833 1986 5197 6697 966 2161 6299 5327 6038
 70 9851 746 9237 866 6162 1673 3459 5151 1871 2032 8542 3439 8363 3620
 1741 5172 4281 8514 606 9563 3901 4398 1884 2023 8069 4826 2955 6729 4605
 4986 9120 2774 4820 5274 8480 8817 727 7323 6656 1181 1145 4814 9901 6845
 9010 8491 3242 9704 3726 7744 7262 5060 818 9933 160 8047 4562 687 4985
 8644 717 3349 1983 1105 9879 3498 5461 6872 87 6965 9065 1886 8809 5130
 3416 4287 4740 3216 5578 5211 994 4748 6726 7841 8364 7989 5281 2722 7360
 3741 1693 3442 4291 6292 993 4646 7 7952 8219 3463 1929 547 57 1040 8420
 7750 6452 4574 247 8408 5987 8236 7004 5342 2350 7542 1756 2840 5119 4951
 1767 8626 8658 3761 9562 4864 6008 8199 802 445 2762 7429 4732 8275 1247
 9652 4676 2581 6125 9790 1422 3724 607 7318 1251 3587 2957 4085 1297 8861
 10 5009 4282 3995 5709 923 7747 7344 5116 913 682 3440 4140 9418 6439
 9360 7003 7709 4750 1248 128 86 845 2300 5890 3622 3785 8786 1049 8177
 8703 7242 6227 8872 2948 4391 7816 8046 1883 4894 8545 2832 119 59 9750
 9625 8200 354 4208 4705 5458 7853 3228 4682 1576 4964 2570 232 4227 8576
 4307 3180 1035 8700 9093 7177 139 6353 1862 3011 1501 8566 3275 3957 8501
 8469 8300 5298 1167 3075 5147 2535 2419 7138 9819 4331 2178 4519 2327
 2770 6077 4285 2083 7036 1723 9707 9445 5219 6851 370 5774 2651 7415 8231
 1926 9514 1788 6549 6428 5919 1109 7210 5385 2030 6035 323 6562 2444 3896
 1088 3387 2855 1612 5628 8580 3117 7573]
[3301 3171 1721 6839 6719 2650 266 9471 8267 4210 9385 3980 5088 8357 9926
 434 3779 1895 5900 6705 7044 792 6466 9676 9735 9923 2783 8722 4823 6739
 6732 8314 5956 5700 9302 9528 5582 2232 7941 796 1527 8811 8666 3321 1858
 7717 3297 376 988 2769 9059 8616 6970 2975 3806 416 9230 6854 6380 9801
 9160 1304 3320 7609 9184 8632 1479 1898 7040 5730 3789 3400 9823 9839
 4477 2151 2416 9246 5206 7107 7449 2120 8254 7958 9622 8840 9294 6912 474
 7617 4906 7723 5154 1394 2270 3905 6138 195 1605 8716 4749 6014 9441 755
 6985 6195 2331 5104 2829 8972 3683 7569 5607 8524 6670 8484 2940 7150
 5837 6958 9792 2078 6083 7489 6842 3489 1924 3752 3214 5871 3956 3363
 4553 9753 9415 1813 5084 8586 3840 7186 269 4993 4503 4354 5548 6560 4312
 4833 1986 5197 5074 6697 966 2161 6299 5327 6038 70 9851 746 9237 866
 6162 1673 3459 5151 1871 689 2032 8542 3439 8363 3620 1741 5172 4281 8514
 606 9563 3901 4398 6869 8069 9216 4826 2955 6729 4605 9120 2774 4820 5274
 1867 8480 5559 8817 1019 727 7323 6656 1181 6190 2981 598 4814 9901 6845
 9010 8491 1450 8335 9704 3726 4615 3327 6857 7744 4151 7262 1885 5060 818
 9933 3355 1572 8258 8047 3677 5840 3312 4562 687 4985 2386 7398 4175 2923
 1939 3299 1620 3349 1983 1105 9879 7105 3498 5555 5461 87 6382 6965 9949
 9065 3601 8809 338 3416 6164 4287 5797 4740 3216 5578 5211 994 6726 1739
 8364 9428 943 5281 3741 2273 3442 6292 993 4646 7952 8219 1929 547 6774
 57 7750 6452 5833 247 8408 5987 7004 2350 7542 2840 367 5119 4951 1767
 8626 3761 9562 4864 8721 6008 8199 7524 445 2762 7429 427 8774 8275 3053
 2581 607 1251 3587 1297 8861 10 6821 1058 4282 8943 3995 5709 923 7747
 7344 5116 913 8804 7842 9418 6439 7709 1248 4304 9497 845 2300 3622 3785
 1830 1443 8786 5273 1049 4002 309 7497 6060 7242 4329 6227 6387 3342 720
 2948 1840 8780 4894 8545 2832 52 119 9750 8200 4735 912 3202 1043 8671
 2543 715 7104 1804 3361 1035 7637 139 4547 3011 8084 6635 5925 5006 2595
 2090 9253 5330 4315 8898 9465 6748 2565 5387 2248 5219 9911 7554 1996
 1138 2651 5268 9514 7760 9862 1042 4137 2017 7730 9794 192 2024 7933 4572
 1800 5862 6549 7734 1109 5490 5385 6035 4933 6562 1088 3387 5469 1612
 8794 5628 2169 7640 8580 3631 5889 4712 1051 1439 3942 2181 3283 7638
 6596 5825 2316 6029 6746 8066 4133 7108 6488 2271 4783 68 3085 2878 2187
 5835 2111 9292 6235 7561 1787 7401 3324 7292 1905 9039 4223 3452 6294
 5343 2950 9924 9950 6962 8827 2036 4476 1812 373 2039 4637 5849 473 2808
 4643 3669 1747 8956 8131 5618 4804 8247 592 8583 7724 1878]
[3301 725 3171 1721 6839 6719 2650 266 9471 8267 4210 3980 5088 8357 9926
 434 3779 1895 5900 8102 792 6466 9676 9735 2783 1431 4823 6739 6732 3218
 9302 5582 2232 7941 796 1527 8811 8666 3321 1858 7717 3297 376 988 2769
 8616 6970 3806 9230 6854 6380 9801 1304 3320 7609 9184 1479 7040 5730
 3789 3400 9823 9839 9369 4477 2151 2416 5206 7107 7449 2120 2383 8254
 7958 9622 8840 9294 6912 474 7617 4906 7723 1394 2270 254 6138 195 1605
 8716 4749 6014 9441 755 5056 6195 303 2331 5104 226 2829 8972 3683 563
 7569 5607 2521 6160 2987 6670 8657 8484 2940 5213 3059 7150 5837 6243
 6958 6715 1823 4606 5052 7959 8428 6121 9576 9832 9792 2078 6083 6703
 6422 5297 7489 463 6842 357 3489 1924 1094 3752 3214 5871 3363 4553 9753
 1813 5084 3840 7186 269 4993 4354 5548 6560 4312 4833 5197 5074 966 2161
 6299 5327 6038 9851 746 9237 866 6162 1673 3459 5151 1871 689 2032 8542
 8363 3620 1741 4281 8514 606 9563 4398 6869 2023 8069 9216 4826 2955 6729
 4605 4986 9120 1838 2774 4820 5274 1867 8480 5559 1019 727 7323 6656 1145
 6190 2981 598 4814 9901 6845 9010 8491 1450 8335 3242 9704 3726 4615 3327
 6857 7744 4151 7262 1885 3346 5060 818 9933 4559 160 8258 8047 3677 5840
 3312 4562 687 4985 2386 7398 4175 2923 1939 377 3299 1620 717 3349 3319
 1983 1105 9879 7105 3498 5555 5461 6872 87 6382 6965 9949 9065 5207 3601
 1886 3416 6164 4287 3216 5578 5211 6726 1739 7989 9428 943 5281 2722 7360
 3741 2273 1693 4291 6292 993 7 7952 8219 3463 1929 547 6774 57 1040 7750
 6452 4574 247 8408 8236 7004 5342 7542 2623 1756 2840 367 5119 4951 1767
 8626 8658 3761 9562 8721 6008 8199 7524 802 445 2762 7429 427 2782 8275
 9652 4676 5129 3053 6125 9790 1422 3724 607 7318 1251 1297 10 5009 6543
 6821 1058 4282 8943 3995 5709 7747 5116 682 8804 3440 4140 9418 6439 9360
 7003 7709 4750 1248 128 4304 86 9497 845 5890 3622 1830 5273 1049 4002
 7497 6865 4329 6387 9978 4391 7816 1883 3496 2832 9277 52 119 59 9625 245
 2363 7104 762 3923 3373 9305 8977 7456 271 4285 7980 2066 1398 1715 1723
 9536 9253 4965 8231 7083 5310 1032 8189 2067 683 9273 1109 8815 7210 6035
 162 7140 2855 2169 8580 3117 7573 5271 7017 6344 9932 3107 5794 3084 4320
 8397 9656 6177 4133 5747 2271 8196 6901 2187 2111 697 6235 941 1787 5134
 5070 265 7401 5532 1581 2950 9924 9950 4139 6315 6962 7356 3669 8956 4903
 5625 2524 9376 1921 9366 3335 9453 3715 5340 1276 4369 2629 3035 3005
 3600 6457 9708 4264 3821 8095 6904 4504 3049 5008 7176 2952 1868 4457
 9513 706 1456 8947 3343 9243 7579 7632 602]
[3180 8572 4163 878 237 2721 1518 9276 3557 3765 9431 4501 8451 1547 3867
 7062 8651 4825 7745 4099 4586 3817 7357 2190 2871 1580 397 5419 7518 2447
 882 3047 7822 7823 4729 3615 8351 1448 3146 5722 3204 2242 4038 110 7654
 1185 9940 690 9359 8072 6685 5093 1902 7168 7300 5050 3746 9058 1567 740
 4301 926 1928 3425 1850 1782 2005 7384 7567 3072 5869 5438 9449 4868 8041
 8916 6411 6737 1888 7915 1852 6553 5961 1480 6438 8824 3762 9555 2831
 1306 7778 9346 4241 8100 154 8027 4917 2598 2910 7897 677 7218 2253 1979
 850 8224 5224 6590 4880 629 6800 1658 9609 5504 8535 2589 3130 9363 8533
 8153 6679 7235 7910 9176 9884 5068 3301 725 3171 1721 6839 6719 2650 266
 9471 8267 4210 9385 3980 5088 8357 434 3779 1895 5900 8102 6705 7044 6466
 9676 9923 2783 1431 8722 4823 6739 6732 3218 8314 5956 5700 9302 9528
 5582 2232 7941 7248 796 1527 8811 8666 3321 1858 7717 3297 376 988 2769
 9059 8616 6970 2975 3806 416 9230 6854 6380 9801 9160 1304 3320 7609 9184
 8632 426 1479 1898 7040 5730 3789 3400 9823 9839 9369 4477 2151 2416 9246
 5206 7107 7449 2120 2383 8254 7958 6598 9622 8840 9294 6912 474 4906 7723
 5154 1394 2270 3905 254 6138 195 1605 8716 4749 6014 9441 755 5056 6985
 6195 2331 5104 226 2829 8972 563 7569 8524 637 2521 6160 9191 2987 6670
 8657 2940 7150 5837 6243 6958 6715 1823 5052 8428 6121 9576 9792 2078
 6703 5297 7489 463 6842 357 3489 1924 1094 3752 3214 5871 3363 4553 9415
 1813 5084 8586 3840 7186 269 4993 4503 4354 5548 6560 4312 1470 1986 5197
 5074 6697 966 2161 6299 5327 6038 70 9851 746 9237 866 6162 1673 1871 689
 2032 8363 3620 1741 5172 4281 8514 606 9563 3901 4398 1884 6729 4605 4986
 2774 4820 5274 1867 8480 5559 8817 727 7323 6190 598 9901 9010 8335 3242
 9704 4615 3327 7744 4151 7262 1885 5060 818 9933 3355 160 8047 9652 4676
 2581 6125 9790 607 7318 1251 1297 6543 1058 4282 3995 5709 923 7344 5116
 7842 9360 7003 4750 1248 128 5890 3622 1830 5273 1049 4002 6865 7242 6387
 1840 8545 2832 119 8200 1012 4208 912 797 5354 3202 3228 8104 8671 4227
 8576 1137 1606 1804 2673 7395 7637 3011 1501 1220 2167 1167 9035 1577
 2327 4423 9902 1941 3191 2930 3947 4776 5162 1236 9959 1279 4710 1513
 2651 8231 5086 3115 7760 1042 9794 8189 2024 4572 5919 9417 1109 8815
 7210 5385 2030 6035 323 162 9080 4933 6562 3896 1088 3387 2855 5469 1612
 4495 5628 7640 8580 7573 5271 7430 8180 3631 3517 7596 8413 6344 1051
 1439 7979 3942 5682 5813 3283 7893 2483 7638 9932 6126 6986 7228 6235
 5070 7229 1909 2825 6913 5340 885 6457 205 8095 5969 1868]
[3301 725 3171 1721 6839 6719 2650 266 9471 8267 4210 3980 5088 8357 9926
 434 3779 1895 5900 6705 792 6466 9676 9735 9923 2783 1431 8722 4823 6739
 6732 3218 8314 5956 5700 9302 9528 5582 7941 7248 796 1527 8811 8666 3321
 1858 7717 3297 988 2769 9059 8616 6970 2975 3806 416 9230 6854 6380 9801
 9160 7609 9184 8632 426 1479 1898 7040 5730 3789 3400 9823 9839 4477 2151
 2416 9246 5206 7107 7449 8254 9622 8840 9294 6912 474 7617 7723 5154 1394
 3905 254 6138 195 1605 8716 4749 6014 755 5056 6985 6195 303 2331 5104
 226 8972 3683 563 8524 2521 6160 9191 2987 6670 8657 8484 2940 5213 3059
 5837 6243 6958 1823 4606 5052 7959 6121 9576 9832 9792 2078 6083 6422
 5297 7489 6842 357 1924 3214 5871 3956 3363 4553 9753 9415 1813 5084 8586
 269 4354 5548 4312 4833 1986 5197 5074 6697 2161 6299 5327 70 9851 746
 9237 866 1673 3459 1871 689 2032 3439 8363 3620 1741 5172 4281 8514 606
 3901 1884 6869 8069 9216 4826 6729 4605 4986 9120 1838 2774 4820 5274
 8480 5559 8817 1019 727 6656 1181 6190 598 4814 6845 9010 8491 8335 3242
 9704 3726 3327 6857 7744 818 9933 3677 3312 4951 1767 8626 8658 3761 9562
 4864 8721 6008 8199 7524 802 445 7429 427 2213 4732 8774 9652 4676 5129
 3053 2581 6125 9790 1422 3724 607 7318 1251 3587 2957 4085 8861 10 6543
 6821 1058 4282 8943 3995 5709 923 7747 7344 913 8804 3440 4140 7842 9360
 7003 4750 128 4304 86 9497 845 2300 5890 3622 3785 1830 8786 5273 1049
 4002 309 8177 7497 6060 6865 7242 4329 6387 8872 9978 3342 2948 1840 5030
 7816 8046 8780 4894 8545 5493 2832 52 119 59 1491 9750 9625 245 2363 1012
 4735 6085 1612 176 7640 8166 8580 5271 8751 3631 5889 3517 7596 1439 5146
 3942 3283 6126 2612 180 6596 3819 5825 6349 6029 6986 9656 8066 1750 1080
 3706 5747 8336 2271 8196 5417 3026 5835 2325 9292 2126 7558 7401 3067
 3324 3452 1581 2950 1416 6962 8827 5405 4476 2039 5849 7082 7969 3354
 3318 7356 1193 1747 4903 6669 6913 4435 8283 9376 6168 3965 9968 3335
 3005 3773 2205 205 2859 8923 2554 4504 1868 4457 9513 7625 7499 1456 8947
 3343 3094 4051 1219 7632 8399 4436 4760 5237 1452 3735 2130 9633 4096
 9329 173 5017 4058 4313 1001 7815 701 9809 6673 6443 1683 4029 7261 8958
 6881 5486 7313 3835 9501 2397 9298 2358 6145 1230 6544 5155 5992 2988
 3858 9254 8181 7201 7687 7026 7896 5789 7684 1685 6765 9884 4402 5081
 2834 5247 9413 9057 1198 9660 5347 5270 5222 5170 5143 5137 5135 5108
 5094 5076 5042 5039 5019 5015 5000 4978 4971 4913 4912 4857 4841 4822
 4813 4755 4714 4713 4711 4656 4623 4543 4532 4518 4511 4489 4459 9654]
[6160 8219 2078 6177 8231 6190 6195 52 4151 59 61 8254 70 2120 8267 4175
 8271 8275 87 8286 6243 100 2151 6253 4208 2161 4210 119 2167 8314 128
 2178 2181 8335 2193 6299 160 8357 2213 169 8363 8364 176 2232 4281 4285
 195 8397 4304 6353 4312 8408 4315 2273 226 8420 4329 4331 6380 8428 6387
 254 4354 266 2316 2320 6422 2331 8476 8480 8484 6439 4391 8491 4398 309
 2363 6466 8514 323 8524 2383 2386 8532 342 2394 8542 354 357 8558 367
 2416 370 8566 376 8580 8586 2444 6543 6549 4503 416 6560 6562 8616 426
 427 430 434 8632 6594 8644 6598 2506 8657 4562 8658 2521 8666 474 4572
 4574 8681 6647 8700 6653 4606 8703 6656 4615 2570 8716 6670 8722 547 8741
 4646 6697 6703 6705 6710 6715 6719 6720 4676 8774 6729 4682 6732 6739 598
 2650 8794 6746 607 4705 8803 8809 8811 8815 8817 637 2685 4740 8836 8840
 4749 4750 2701 4754 6821 687 689 2738 6839 6842 6845 8898 6851 6854 6857
 2762 715 717 4814 2769 6865 2770 4820 725 6869 4823 2774 727 4826 6872
 2783 4833 6887 8944 755 761 6912 8972 2829 792 796 4894 6942 6958 818
 6970 6985 9035 866 9059 4963 2923 881 4986 2940 4993 898 7044 2948 9093
 2955 2957 9103 913 9107 5011 923 2975 9120 2987 5052 5056 7105 7107 3011
 966 9160 5074 5084 5086 5088 9184 994 993 9191 5104 5106 3059 1012 1019
 5119 9216 5129 7177 1035 9230 1043 9237 1049 9246 5151 9252 5172 7231
 9294 7248 9302 5206 9305 5211 5213 7262 1121 3171 5227 3180 1137 3191
 1145 9349 3214 9360 3218 5271 9369 5274 7323 5273 1181 5281 9385 3242
 5297 9393 7360 1220 9415 9418 5327 5330 9428 3297 9441 7395 3301 3319
 3320 3321 9471 3327 7429 3342 1297 3346 1304 7449 3355 3357 3361 3363
 9528 3387 7489 1348 3400 7497 7498 5458 5461 3416 9562 9563 5469 7524
 9576 3439 1394 3442 5493 3459 1422 7569 9622 1431 1439 3489 3496 1450
 3498 5548 7596 9652 5559 7609 1470 7617 5571 1479 5578 9676 5582 1491
 3539 7637 1501 5607 9704 9709 1527 3587 9735 3601 9746 9750 9753 3620
 7717 1572 3622 1576 7723 3631 9790 7744 7747 5700 1605 9801 1618 3677
 9823 5730 3683 9832 9839 7802 9851 7816 1673 3726 9879 3741 1693 7841
 7842 5797 3752 1708 9901 9902 3761 7861 5813 1721 3779 9923 9926 3785
 1739 3789 5837 1741 5840 9933 1746 5838 9949 3806 1765 5871 9967 1791
 3840 5889 7941 5900 7952 1813 7958 7959 1823 5919 1838 1840 7989 3901
 3905 1858 5956 1867 1871 8023 1884 1885 5986 5987 1895 1898 8046 8047
 6008 6014 1924 8069 1926 1929 3980 6029 1939 6038 1944 3995 4000 8102
 8104 6060 1983 8128 1986 6083 6085 1990 2023 8168 6121 6126 8177 6138
 2818 8258 9541 6892 2291 5247]
[3301 725 3171 1721 6839 6719 2650 266 9471 8267 4210 9385 3980 5088 8357
 434 3779 1895 8102 6705 7044 792 6466 9676 9735 9923 2783 1431 8722 4823
 6739 3218 5956 5700 9302 9528 5582 2232 7941 7248 796 1527 8811 8666 3321
 1858 7717 376 988 2769 9059 8616 6970 2975 3806 416 9230 6854 6380 9801
 1304 3320 7609 9184 8632 426 1479 1898 7040 5730 3789 3400 9369 4477 2151
 2416 9246 5206 7107 7449 2120 2383 8254 7958 6598 9622 8840 9294 6912 474
 7617 4906 7723 5154 1394 2270 3905 254 6138 195 1605 8716 4749 6014 9441
 755 5056 6195 303 2331 5104 2829 8972 3683 563 7569 5607 8524 637 2521
 6160 9191 2987 6670 8657 2940 5213 3059 7150 5837 6243 6958 6715 1823
 4606 5052 7959 8428 6121 9576 9792 2078 6422 5297 7489 463 357 3489 1924
 1094 3752 3214 3956 3363 4553 9753 9415 1813 5084 8586 3840 269 4993 4354
 5548 6560 1470 1986 5197 6697 966 2161 6299 70 9237 866 6162 1673 5151
 1871 689 2032 3439 3620 5172 4281 8514 606 4398 6869 2023 9216 4826 2955
 6729 4986 1838 2774 4820 1867 5559 8817 7323 6656 1181 6190 598 4814 9901
 9010 8491 1450 3242 9704 4615 7744 4151 7262 1885 3346 5060 9933 3355
 4559 8258 8047 4985 2386 7398 4175 8644 1939 377 3349 1105 7105 5555 5461
 6872 87 6965 9949 9065 5207 1886 8809 3416 6164 4287 3216 5578 994 6726
 1739 7841 7989 9428 943 5281 2722 3741 2273 1693 4291 6292 4646 7 8219
 547 6774 57 8420 7750 6452 247 8408 5987 8236 7004 5342 2350 7542 2623
 1756 5119 1767 8626 8658 3761 9562 6008 7524 802 445 2762 7429 427 2213
 2782 8275 1247 9652 4676 5129 3053 2581 9790 607 8861 10 6543 923 7344
 682 4140 7842 9418 6439 9360 7003 128 86 2300 5890 3622 8786 1049 309
 6865 4329 6227 6387 8872 3342 720 1840 4894 8545 2832 9277 119 59 1121
 9625 245 2363 6950 1763 835 1618 5354 7853 1576 6085 8476 4964 8968 232
 4227 8576 881 3716 3673 6647 3357 7711 2543 1606 1804 5838 7395 1035 8168
 3539 7419 1862 8084 8566 6635 5925 8501 8300 5298 819 3878 8384 1765 3571
 9035 6853 2738 3158 3075 5147 1577 5029 4678 6710 2419 9678 9746 7863
 9606 6500 385 2178 8316 2327 1944 4011 2664 2770 9426 4423 4754 898 4709
 3883 8944 1941 1636 433 169 6135 5006 8977 5986 893 5053 4546 6077 2506
 8708 1236 1708 6973 271 5309 4285 2083 1279 2066 9967 8803 9707 9709 2595
 5330 9465 6748 9445 7231 8563 924 1990 9911 6157 8741 6856 7554 8241 370
 2651 5268 6001 9514 7736 1380 9794 7933 4572 1800 2067 6549 5338 5919
 9417 1109 258 5385 2030 6035 5529 5628 8166 8580 8751 3631 3517 7596 8413
 7979 3942 8271 7498 6596 6477 6339 7127 7292]
[3301 725 3171 1721 6839 6719 2650 266 9471 8267 9385 3980 5088 8357 9926
 434 3779 1895 5900 8102 6705 7044 792 6466 9676 9735 2783 1431 8722 4823
 6739 6732 3218 8314 5956 5700 9302 5582 7941 7248 796 1527 8811 3321 1858
 7717 3297 376 988 2769 9059 8616 6970 3806 416 9230 6854 6380 9801 9160
 1304 3320 9184 8632 1898 7040 5730 3789 3400 9823 9369 4477 2151 2416
 9246 5206 7107 7449 2120 2383 8254 7958 6598 9622 9294 6912 474 7617 4906
 7723 5154 3905 254 6138 195 1605 8716 4749 755 5056 6985 6195 303 2331
 5104 226 2829 8972 3683 7569 5607 637 2521 6160 9191 2987 6670 8657 8484
 2940 5213 3059 5837 6243 6958 6715 1823 4606 5052 7959 8428 6121 9576
 9832 9792 2078 6083 6703 6422 5297 7489 463 6842 357 3489 1924 1094 3214
 5871 3363 4553 9753 9415 1813 5084 8586 3840 7186 269 4503 4354 5548 4312
 1470 1986 5074 6697 966 2161 5327 6038 9851 746 9237 866 6162 1673 3459
 5151 1871 689 2032 3439 8363 3620 1741 5172 8514 606 9563 3901 4398 1884
 6869 2023 8069 9216 4826 2955 6729 4605 4986 9120 2774 5274 8480 1019 727
 6656 6190 2981 598 9901 9010 8491 1450 8335 3726 3327 6857 7744 4151 7262
 3346 5060 9933 3355 4559 1572 160 8258 8047 3677 4562 687 4985 2386 7398
 2923 377 3299 717 1983 1105 9879 7105 6382 3601 5130 3416 4287 5797 5578
 5211 994 4748 6726 943 2722 3741 1693 4291 993 7952 8219 1929 1040 8420
 7750 5833 4574 8408 5987 8236 9729 2350 2623 367 4951 1767 8626 3761 4864
 8721 6008 8199 7524 7429 427 4732 2782 8275 1247 9652 4676 3053 2581 6125
 1422 3724 7318 1251 2957 4085 1297 6821 8943 3995 5709 7747 7344 8804
 9418 7003 128 4304 86 9497 845 5890 3622 3785 1830 8786 1049 309 7497
 6865 7242 8872 9978 3342 9107 720 2948 4391 7816 8014 8046 1883 8780 3496
 8545 2832 52 1121 9625 2363 4735 4705 4334 5458 3202 4682 1043 5680 1576
 8558 2570 1746 8576 1137 3716 4307 6647 715 5411 3361 7395 8700 7637 3539
 7419 6353 1862 1501 6635 5925 3957 6851 370 1138 5774 2651 7161 6720 6538
 1926 5086 3115 7083 8900 9862 9616 7736 1380 9794 1032 2024 5862 2067
 5338 5919 8815 2030 6035 162 4933 6562 3896 5529 1088 4798 5469 176 4495
 8580 7017 6253 8751 5889 3517 6344 1439 3942 5410 2181 3461 7638 7133
 8271 6126 3113 6477 5957 2316 3920 6177 631 5924 68 2878 2187 2111 3324
 7173 2586 1581 4139 4476 2039 4637 7969 6490 7356 1193 4903 6625 5625
 4093 6913 986 8283 769 2660 3335 5714 3715 3035 3600 5994 4264 8370 8003
 4980 2684 6904 5969 7568 9157 3038 7625 4051 8296 6271 8399 5534 2482
 4436 1492 1452 8932 9633 2630 5658 5917 9269 7815 8142 8679]
[8196 7 10 6162 2067 8219 8220 2078 2083 2085 4137 8236 4140 6190 6195
 8254 8258 2120 8267 2127 8271 8275 86 87 6243 2151 8300 4210 2167 8314
 128 2178 6292 8346 6299 160 2213 8363 8364 6315 6326 2232 4281 4282 4287
 8384 2243 2248 4304 8408 4315 4320 2273 226 8420 8422 8428 247 2300 254
 4354 266 269 6422 2327 2331 6428 8484 6439 8491 2350 303 8501 6466 8514
 8524 332 2383 357 367 8566 376 377 4477 385 8580 8586 6538 2444 6543 6549
 4503 8600 416 6560 6562 4519 8616 426 427 434 8626 8632 445 8644 6598
 4553 458 463 470 2521 8666 474 2525 4574 2535 488 8681 6635 4606 8703
 6656 8708 8716 8721 8722 8725 4637 547 4646 6697 6703 8751 4660 6710 6715
 6719 2623 4676 6726 8774 4678 6729 6732 6739 598 2650 6748 606 607 8804
 4710 8809 8817 6774 4732 637 2685 4740 8840 4748 4749 2716 4765 2722 6821
 4776 687 2737 6839 6842 6845 8900 6854 6856 6857 717 4814 2769 6865 4823
 6872 727 2782 2783 739 749 8943 8944 755 8958 6912 4864 8972 2829 8977
 2840 796 802 2855 4906 6958 6965 6970 2878 6985 4938 845 4951 7003 7004
 863 866 9059 4965 9065 2923 2930 4985 2940 893 898 9093 2955 5008 5009
 924 2975 9120 2981 5029 2987 943 5052 5053 5056 7105 7107 966 9160 5077
 3031 5088 9184 994 993 995 9191 7150 1007 5106 1019 5116 5119 9216 5128
 5130 1035 9230 1040 7186 9237 9246 5154 1058 5162 5172 1088 1094 7242
 5197 9294 7248 1105 5206 5211 5213 7262 7261 5215 5219 5230 1138 7290
 9349 3214 3216 3218 5268 7318 5274 7323 1181 9385 3242 7344 5297 7349
 9398 1208 9404 5309 3263 7360 9417 9418 3275 9426 5330 9428 3283 5342
 1247 5343 3297 9441 7398 1261 3318 3319 3320 7415 9471 3327 1279 5387
 1297 3349 3350 1304 7449 5410 9528 1339 7489 3400 9556 3416 9562 9563
 9576 9578 3440 3442 7542 3459 7558 3463 1416 1422 7569 7573 9622 1431
 5529 3489 1450 3498 5548 9652 5559 7609 5565 7617 1479 5578 9676 5582
 3539 5607 9707 1527 9729 3587 9735 3594 3600 3601 9746 3620 7717 3622
 7723 7744 9794 5700 1605 7750 1607 9801 9809 1620 3677 9823 5730 5755
 9853 7816 1673 3724 3726 9874 9879 5786 3741 1693 7841 7842 5797 3752
 9901 3761 1715 1721 7867 1723 3779 9923 9926 5833 1739 3789 5837 1741
 9933 5840 1756 9949 3806 1767 5871 9969 5890 7941 3851 5900 7952 1813
 7958 7959 1823 7969 5925 1830 3878 1838 1840 3896 3905 1858 5956 5960
 1867 1871 1886 5986 5987 1895 1898 3947 1905 3956 6008 6012 6014 1924
 8069 1929 3980 6038 4002 6077 1983 1986 6083 4051 2023 6121 6125 2032
 4085 6133 6138 9856 546 9475 644 6182 5862 1864 6087 7023 4176 8177 4595
 8500 6356 8819 5914 8925]
[3301 725 3171 1721 6839 6719 2650 266 9471 8267 4210 9385 3980 5088 8357
 9926 434 3779 1895 5900 8102 6705 7044 792 6466 9676 9735 9923 2783 1431
 8722 4823 6739 3218 8314 5956 5700 9302 9528 5582 2232 7941 7248 796 1527
 8811 8666 3321 1858 7717 3297 376 988 2769 9059 8616 6970 2975 3806 416
 9230 6380 9801 9160 1304 3320 7609 426 1479 1898 7040 5730 3789 3400 9823
 2416 9246 5206 7449 2120 2383 8254 7958 6598 9622 9294 6912 474 7617 4906
 7723 5154 1394 2270 3905 254 6138 195 1605 8716 4749 6014 9441 755 5056
 6985 6195 303 2331 5104 226 2829 3683 563 7569 5607 8524 637 2521 6160
 9191 2987 6670 8657 8484 2940 5213 3059 7150 5837 6958 6715 1823 4606
 5052 7959 8428 6121 9576 9832 9792 2078 6083 6422 5297 7489 463 6842 357
 1924 1094 3752 5871 3363 9753 9415 1813 8586 3840 7186 269 4503 4354 5548
 6560 4312 1470 4833 5074 6697 966 2161 6299 5327 6038 70 9851 746 9237
 866 6162 1673 3459 5151 1871 689 2032 8542 3439 8363 3620 5172 4281 8514
 606 9563 3901 4398 1884 6869 9216 6729 4605 9120 2774 4820 5274 8480 5559
 8817 1019 7323 6656 1181 4814 9901 9010 8491 1450 3242 3327 7744 4151
 7262 1885 3346 9933 3355 4559 1572 8047 3312 4562 4985 7398 2923 1620
 3319 1983 9879 7105 5555 5461 87 9065 5207 5130 4748 8364 7989 9428 943
 5281 2722 7360 3741 2273 4291 6292 4646 7 7952 3463 1929 547 6774 57 1040
 8420 5833 4574 8408 5987 8236 7004 7542 1756 367 5119 1767 8626 3761 9562
 4864 8721 6008 8199 802 445 2762 7429 2213 8774 2782 8275 1247 9652 4676
 5129 2581 6125 7318 1251 4085 1297 10 5009 6543 6821 4282 8943 5709 923
 7344 5116 913 682 8804 3440 9418 6439 7003 7709 1248 128 4304 86 9497
 2300 5890 3785 1830 1443 8786 5273 1049 4002 309 7497 6060 6865 8703 7242
 4329 6227 6387 9978 9107 720 2948 4391 5030 8014 8046 8780 3496 8545 5493
 9277 52 119 3816 1491 245 2363 8200 354 8886 4705 1763 4334 5354 7853
 1043 5680 1576 6085 761 8476 8104 4964 1137 4307 6942 715 8532 3361 1035
 7419 1501 8300 9035 2320 7416 7867 9606 3923 385 2178 4519 1339 3890 488
 2243 7813 4709 9902 3191 6653 8977 4546 4776 5162 5185 8212 9959 6973
 7054 5309 1279 9465 5387 2248 7145 192 5919 7210 5385 2030 162 7032 2444
 3896 1088 5469 4495 8580 7573 7017 6253 8751 3631 4712 2085 3517 7596
 8023 863 3942 5682 3461 5813 2483 8271 3084 6477 6349 6986 8286 9656 1750
 9404 4849 1080 3706 7108 4783 3026 2173 3085 2111 697 1293 7401 3067 8279
 7182 7229 7849 9039 2586 6294 9924 4139 6315 8827 2039 7969 3354 3318 284
 7496 1230 5848 3422 8562 9853 4843 228 1413]
[4097 8196 7 8199 10 6160 6162 2066 6164 8212 2067 8219 2078 2083 4133
 4139 4140 6190 8241 6195 8254 68 2120 8267 4175 8275 86 8283 8286 6243
 2151 8296 2161 4210 8314 4223 8335 6292 8346 6299 8357 8363 2232 4281
 4287 192 195 4291 8399 6353 4312 8408 8413 2273 226 8420 8428 6382 247
 254 266 269 2320 6422 6428 8480 8484 8491 4398 8497 6452 309 6466 8514
 323 4423 2383 2386 338 8532 4435 8542 357 8558 2416 4477 385 8586 394
 4503 416 6560 8616 434 2483 8632 4539 4547 6596 6598 2506 463 8657 4562
 8658 470 2521 8666 474 2525 6647 4606 6656 8708 2565 4615 8716 6670 8722
 2581 6697 6703 8751 6705 6715 6719 2623 6720 4676 6726 4678 583 6729 4682
 598 2650 2651 8794 6746 606 607 6750 4705 8804 4709 4710 8809 8815 8817
 2684 637 8836 8840 2716 8861 6821 687 689 2738 8886 6839 697 6842 6845
 6854 6857 717 4814 2769 4820 725 6869 4823 2774 727 4826 6872 2782 2783
 4833 746 8943 8944 755 8954 6912 4864 8968 8972 2829 792 2840 796 802
 4906 9010 818 6965 6970 6973 6985 9035 6993 4951 7004 866 9059 9065 2923
 9080 4986 2940 7036 7040 4993 7044 2955 2957 912 923 2975 9120 2981 5029
 7082 2987 943 5052 5056 7105 7107 5060 3011 966 9160 5074 986 988 5084
 9184 994 9190 9191 7150 1007 5106 3059 1012 1019 5116 3067 5130 9230 5134
 1040 7186 9237 5146 9243 9246 5151 5154 3115 7217 5172 7231 5185 1094
 5197 9294 7248 1105 5206 5207 9305 5213 7262 3171 5219 3214 1167 3218
 7318 5271 9366 9369 5274 5273 5281 3236 9385 3242 1193 5297 5298 3253
 5309 7360 1220 9417 5327 3283 9428 5340 5342 1247 3297 9441 3299 1251
 3301 7398 5354 1261 3312 3318 3319 3320 3321 7416 5369 9467 1276 9471
 3327 5385 5387 1297 3349 9497 3355 5405 3359 3363 5411 3382 9528 7489
 1348 5446 3400 5461 3416 9562 9563 3439 1394 3442 5493 7542 9590 7554
 3459 3463 1422 7569 9620 7573 9622 9625 3489 1450 3498 5548 5555 5559
 7609 3517 1470 7617 1479 5578 9676 5582 7632 1492 7638 5607 1513 5609
 9708 9709 3571 1527 5625 5628 9735 3594 3600 3601 9750 9753 3620 7717
 1572 1576 3631 7730 7736 9790 9792 7744 7747 5700 1605 7750 1606 9801
 5709 1620 3669 9823 5730 3683 9832 9839 5747 3706 9851 1673 3724 9879
 1693 5794 5797 3752 3773 3779 9923 9926 5833 3785 1739 1738 3789 5837
 1741 5840 9933 1756 9949 3806 9953 5871 9969 7933 5890 7941 3851 5900
 1812 1813 7958 7959 1823 5919 7969 5925 1838 7989 3901 1858 5956 5957
 1867 8014 1871 3923 1884 1885 1886 5987 3942 1895 1898 1905 3956 3957
 6008 8069 1926 3980 1939 1941 6038 4000 1957 1983 8128 1986 6083 6085
 1996 2023 6121 6125 2030 4085 6138 9194]
[3301 725 3171 1721 6839 6719 2650 8267 4210 9385 3980 8357 9926 434 3779
 1895 5900 8102 6705 7044 792 6466 9676 9735 2783 1431 8722 4823 6739 3218
 8314 5956 5700 9302 9528 5582 2232 7941 7248 796 1527 8811 8666 3321 1858
 7717 3297 376 988 2769 9059 8616 6970 3806 416 9230 6854 6380 9801 9160
 1304 3320 7609 8632 426 1898 5730 3789 3400 9823 9839 4477 2151 2416 9246
 5206 7107 7449 2383 8254 7958 6598 8840 9294 6912 474 4906 5154 2270 3905
 254 6138 195 1605 8716 4749 6014 9441 755 5056 6985 6195 303 2331 226
 2829 8972 3683 563 7569 5607 8524 637 2521 6160 9191 2987 8657 8484 2940
 5213 3059 7150 5837 6243 6958 6715 1823 4606 6121 9576 2078 5297 357 3489
 1924 1094 5871 3956 3363 9415 1813 3840 7186 4993 4354 6560 5197 5074
 6299 70 9851 746 866 1673 3459 8542 3439 3620 5172 4281 8514 9563 3901
 6869 2023 4826 6729 4605 1838 4820 5274 1867 8480 5559 8817 7323 6656
 1181 1145 6190 2981 598 4814 9901 6845 8491 1450 8335 3242 9704 3726 7744
 7262 1885 3346 5060 818 9933 3355 4559 1572 8258 8047 4562 687 4985 2386
 8128 2923 1939 3299 1620 717 1983 1105 7105 3498 5461 87 9949 9065 5207
 3601 1886 5130 3416 6164 4287 5797 4740 5578 5211 1739 8364 9428 943 5281
 2722 7360 2273 1693 3442 4291 6292 4646 7 7952 8219 3463 1929 547 6774 57
 1040 8420 7750 6452 5833 4574 247 8408 5987 8236 7004 5342 9729 2350 7542
 1756 2840 367 5119 4951 1767 8626 8658 3761 9562 4864 8721 6008 8199 802
 445 7429 427 2213 4732 2782 8275 1247 9652 4676 5129 3053 6125 9790 8943
 4140 7842 9418 6439 9360 7003 7709 4304 86 845 5890 3622 1830 8786 8177
 7497 6060 6227 8872 3342 9107 4391 5030 7816 8046 3496 2832 59 3816 1491
 1121 9625 1012 8886 4705 1618 8104 4964 8576 9252 1804 9093 7637 1501
 8469 9819 2770 4423 4660 3883 5278 1957 1941 2716 3191 3947 1474 6077
 4539 7766 3240 5309 2083 5786 9911 1228 8241 370 5268 192 1032 6428 7861
 5338 9273 5919 258 162 4963 3896 2855 8180 8751 4712 7596 6344 3942 2181
 3283 7638 9467 6126 5957 8286 5747 2173 2111 941 5134 1293 5070 3067 7182
 7229 7292 7849 4223 3452 1057 5405 4476 8874 5849 7082 7969 2413 1909 284
 7356 3669 1193 7509 4903 1738 4093 4097 986 4435 769 3190 4980 6904 3049
 2952 9157 9918 8947 8296 2482 2525 5237 8932 6305 5077 6364 3694 9430
 9809 5518 189 7261 6627 5908 8077 7591 7246 5202 5215 5755 3835 3711 3502
 2044 1230 6544 9556 6793 8677 6264 2795 483 8668 1429 4870 7202 2970 7821
 5398 450 332 4661 1308 6532 2347 2141 6283 9755 2935 6922 3458 9666 2262
 7314 6513 1324 3523 635 8507 6124 7913 2189]
[3301 725 3171 1721 6839 6719 2650 266 9471 8267 4210 9385 3980 5088 8357
 9926 434 3779 1895 5900 8102 6705 7044 792 6466 9676 9735 9923 2783 1431
 8722 6739 6732 3218 8314 5956 5700 9302 9528 5582 2232 7941 7248 796 1527
 8811 8666 3321 1858 7717 3297 988 2769 9059 8616 6970 3806 416 9230 6854
 6380 9801 9160 1304 7609 8632 426 1479 1898 7040 5730 3789 3400 9823 9839
 9369 4477 2151 2416 9246 5206 7107 7449 2120 2383 8254 6598 9622 8840
 9294 6912 474 7617 4906 7723 5154 1394 2270 3905 254 6138 195 1605 8716
 4749 6014 9441 755 5056 6985 6195 303 2331 5104 226 2829 8972 3683 563
 7569 5607 8524 637 2521 6160 9191 2987 6670 8657 8484 2940 5213 3059 7150
 5837 6243 6958 6715 1823 4606 5052 7959 8428 6121 9576 9832 9792 2078
 6083 6703 6422 5297 7489 463 6842 357 3489 1924 1094 3752 3214 5871 3956
 3363 4553 9753 9415 1813 5084 8586 3840 7186 269 4503 4354 5548 4312 1470
 1986 5197 5074 6697 966 6299 5327 6038 3459 1871 2032 3439 8363 1741 606
 9563 4398 9216 4826 1867 5559 6656 6190 598 8491 8335 3242 9704 4151 1885
 3346 5060 9933 3355 1572 8258 3677 5840 3312 4985 2386 7398 2923 1620
 3349 3319 1983 1105 9879 7105 5461 87 6965 9949 9065 5207 1886 8809 6164
 4287 4740 5211 1739 7841 9428 2722 3741 2273 1693 3442 4291 4646 7952
 3463 547 1040 6452 8408 7004 2350 7542 1756 2840 367 4951 8626 8658 9562
 8721 7524 802 4732 2782 8275 1247 9652 4676 3053 7318 1251 2957 1297 5009
 6543 6821 1058 3995 5709 923 7747 7344 5116 682 9418 6439 9360 4304 86
 845 1830 1443 8786 4002 309 8703 3342 3496 4894 2832 9625 2363 8405 4334
 912 5680 2362 232 3716 3357 118 1862 6635 3957 5147 2535 7863 3923 4709
 1957 8954 6077 271 5309 9253 6157 7145 8741 6851 6856 1513 6720 531 1218
 1042 9794 192 2024 7933 5862 9273 258 6035 4933 6562 5529 5469 8794 5628
 7640 8166 8751 5227 7596 6344 1051 7979 863 3942 8271 6126 6596 3819 6349
 4019 631 7108 8336 8196 68 6901 5835 697 6235 2236 941 265 7401 5532 388
 3324 4223 3452 6294 5343 2950 9950 4139 1057 5405 4476 2039 5849 7082
 7969 1208 4114 7356 4903 8131 2825 7496 6913 5340 3005 5994 9708 2205
 4980 9857 2554 3049 5008 7176 706 9918 3343 3094 9243 4051 8296 7579 6271
 5534 2482 4760 8920 1452 6305 1150 4247 9329 4313 6364 1001 9809 6443
 9235 8699 3097 7261 6627 739 8958 5908 6881 5402 8079 6868 811 3164 3835
 553 2898 3502 9298 675 2358 2737 7128 7687 6678 1445 7791 6793 9878 5183
 2795 5843 483 4870 9282 5647 4661 4548 6532 3584 4935 476 6283 9755 9515
 237 5460 2568 7741 8277 2721 5991 1727 9342 624 9519]
[3301 725 3171 1721 6839 6719 2650 266 9471 8267 4210 9385 3980 5088 8357
 9926 434 3779 1895 5900 8102 7044 792 6466 9676 9735 9923 2783 1431 8722
 4823 6739 6732 3218 8314 5700 9302 9528 5582 2232 7941 7248 1527 8811
 8666 3321 1858 7717 3297 376 988 2769 9059 8616 2975 3806 9230 6380 9801
 3320 7609 9184 8632 426 1479 1898 3789 9823 9839 9369 4477 2151 2416 9246
 5206 7107 7449 2120 2383 8254 7958 6598 9622 8840 9294 6912 474 7617 4906
 7723 5154 1394 2270 3905 6138 1605 8716 4749 6014 9441 755 5056 6985 6195
 303 2331 5104 226 2829 8972 3683 563 5607 8524 2521 6160 9191 2987 6670
 8657 8484 2940 3059 7150 6243 6715 1823 4606 5052 7959 8428 6121 9576
 9832 9792 6083 6422 7489 6842 357 1924 1094 3752 3214 5871 3956 3363 4553
 9753 1813 5084 8586 3840 7186 4354 5548 6560 5074 6697 966 2161 5327 6038
 70 9851 746 9237 866 6162 1673 3459 1871 689 8542 3439 8363 3620 1741
 5172 4281 8514 606 9563 4398 6869 2023 8069 9216 4826 2955 4605 9120 2774
 4820 5274 8480 5559 1019 727 7323 6656 1145 2981 598 4814 8491 8335 9704
 4615 7744 4151 1885 3346 5060 9933 3355 4559 1572 160 8047 3677 5840 4562
 687 2386 7398 8644 2923 1939 3299 1620 717 3349 3319 1983 1105 7105 3498
 5461 87 6382 9949 9065 5207 3601 1886 338 3416 6164 4287 5797 5578 5211
 994 4748 1739 7841 8364 9428 943 2722 7360 3741 6292 4646 7 7952 3463
 1929 547 6774 1040 7750 6452 4574 8408 5987 8236 5342 9729 2623 1756 2840
 4951 8626 3761 9562 4864 8721 6008 7524 802 445 2762 7429 427 8774 9652
 4676 5129 3053 2581 9790 1422 7318 1251 2957 1297 5009 1058 4282 8943
 3995 923 7344 5116 4140 7842 9418 9360 1248 128 4304 86 845 5890 3622
 3785 1443 8786 5273 1049 8177 7497 8703 7242 6387 8872 2948 4391 5030
 8046 8780 9277 52 59 3202 9190 6653 5006 5986 893 2701 4765 470 3399 6077
 1334 9969 4776 7766 8708 1236 9959 9953 271 5309 7980 2083 8941 2066 1398
 8803 1715 2595 2090 5330 2685 8898 6748 7231 5219 6856 8241 1513 7415
 3115 531 7736 1380 2017 7730 8725 9794 192 1800 7861 5338 9273 1109 5385
 323 162 2444 1612 8794 7573 6253 1051 6029 6746 8066 4849 1080 7108 5747
 6488 2271 6876 3097 5324 9776 3352 1975 7275 553 3711 675 2737 7128 2988
 5128 4581 7687 8601 9225 1090 5183 6264 5843 1730 8668 1429 332 4665 8636
 6532 2347 2141 9260 6283 6242 6440 8719 2935 4779 275 2519 310 4565 8234
 1664 5654 7913 365 6933 5733 9114 8602 5544 7520 8654 972 8901 7868 6992
 5159 7993 37 820 2551 1074 7349 9515 2568 7741 8422 2421 5991 5462 9276
 8855 3135 8461 5459 1322 9431 9730 4843 669]
[1804 1690 762 8700 9093 8084 1501 342 8566 3275 5925 8469 1167 6853 3075
 5147 1577 5029 61 4678 6710 3728 7867 3851 1944 1339 3373 2243 4754 7813
 458 9262 9584 8944 9902 1941 1636 9578 6135 3191 9190 7539 1261 5053 3399
 6594 5162 2506 1236 1708 3479 5185 3240 4285 5786 7036 4965 2685 4315
 5230 924 5886 6851 7554 7415 8231 7124 9862 5310 8725 9794 1788 8189 2246
 7933 683 7861 9417 8815 6035 2444 3896 5628 6029 7292 2950 5843 2935 7620
 6795 6039 9744 26 6776 2938 9338 4556 3301 725 6719 9471 4210 9385 3980
 5088 8357 434 5900 8102 6705 7044 792 6466 9735 9923 2783 8722 4823 6732
 3218 5956 5700 9528 5582 2232 7941 7248 796 1527 8811 8666 3321 1858 3297
 376 988 2769 9059 8616 6970 2975 3806 416 9230 6854 6380 9160 1304 3320
 7609 9184 8632 426 1898 7040 5730 3789 3400 9823 9839 9369 4477 2151 9246
 5206 7107 2120 8254 6598 9622 8840 9294 6912 474 7617 4906 7723 5154 1394
 2270 3905 254 6138 195 1605 8716 4749 9441 755 5056 6195 303 2331 5104
 226 2829 3683 563 7569 5607 8524 637 9191 6670 8657 2940 5213 3059 7150
 5837 6243 6958 6715 4606 5052 7959 8428 9576 9832 2078 6083 6422 5297
 7489 463 357 3489 1924 1094 3752 3214 5871 3363 4553 9753 9415 1813 5084
 7186 269 4503 4354 5548 6560 4312 1470 4833 1986 5197 5074 6697 966 2161
 6299 70 9851 746 866 6162 1673 5151 2032 8542 3439 3620 1741 5172 4281
 8514 9563 3901 1884 6869 2023 8069 9216 4826 2955 6729 4605 4986 9120
 1838 2774 1867 8480 5559 6656 1181 1145 6190 2981 9901 6845 8491 3242
 9704 3726 3327 6857 4151 7262 1885 5060 818 9933 3355 4559 1572 8258 5840
 4562 687 4985 2386 7398 8128 4175 8644 2923 1939 377 3299 1620 717 3349
 3319 1105 7105 3498 5555 5461 87 6382 9949 9065 5207 3601 1886 5130 338
 3416 4287 5797 3216 5578 5211 994 1739 7841 8364 7989 9428 943 2722 7360
 3741 2273 1693 3442 6292 993 4646 7952 8219 3463 1929 547 6774 57 8420
 7750 6452 5833 4574 8408 5987 8236 7004 5342 9729 2350 7542 2623 1756
 5119 4951 8626 3761 9562 4864 8721 6008 8199 7524 802 445 2762 427 2213
 4732 8774 2782 1247 9652 4676 5129 3053 2581 6125 9790 1422 607 7318 1251
 2957 4085 1297 8861 10 5009 6543 6821 4282 8943 3995 923 7747 7344 5116
 913 682 8804 4140 7842 9418 6439 7003 4750 1248 128 5890 3622 5273 6060
 6865 8872 9978 3342 2948 4391 7816 8014 8046 1883 4894 5493 2832 9277 59
 3816 1491 9750 9625 2363 8200 1012 354 8886 6950 8405 8836 1763 4334 912
 835 5458 5354 3228 1043 761 8558 8476 2362 4964 3716 4307 3673 6942 7711
 715 8532 1606 7104 5411 3361 995 1035 3539 118]
[1721 6719 9471 8267 4210 9385 3980 5088 8357 9926 434 1895 5900 8102 6705
 792 6466 9676 9735 9923 2783 1431 8722 4823 6739 3218 8314 5700 9302 9528
 2232 7941 7248 796 1527 8811 8666 3321 1858 7717 3297 376 988 2769 9059
 8616 6970 2975 3806 416 9230 6854 6380 9801 9160 1304 3320 7609 9184 8632
 426 1479 1898 7040 5730 3789 3400 9839 9369 4477 2151 2416 9246 5206 7107
 7449 2120 2383 8254 7958 6598 9294 6912 474 7617 4906 7723 5154 1394 3905
 254 6138 195 1605 8716 4749 6014 9441 755 5056 6985 6195 303 2331 5104
 226 2829 8972 3683 563 7569 5607 8524 637 2521 6160 9191 2987 6670 8657
 8484 2940 5213 3059 7150 5837 6243 6958 6715 1823 5052 7959 6121 9832
 2078 6083 6703 6422 5297 7489 6842 357 3489 1924 1094 5871 3956 3363 9753
 9415 5084 8586 3840 7186 4993 5548 6560 4312 1986 5197 5074 6697 966 2161
 6038 70 9851 746 9237 6162 1673 3459 1871 689 2032 8542 8363 3620 4281
 8514 606 3901 1884 6869 2023 8069 4826 2955 9120 1838 2774 4820 5274 1867
 8480 5559 8817 1019 727 7323 1181 1145 598 4814 6845 8491 1450 8335 3242
 3726 4615 3327 7744 4151 7262 1885 5060 818 9933 3355 4559 1572 160 8047
 3677 3312 4562 4985 2386 7398 8128 4175 2923 1939 3299 717 3349 3319 1105
 5555 5461 87 6382 6965 9065 5207 1886 338 3416 6164 4287 5797 4740 3216
 5578 5211 994 4748 6726 1739 7841 7989 7360 3741 2273 1693 3442 4291 6292
 993 4646 7 7952 8219 6774 1040 8420 7750 6452 5833 4574 247 8408 5987
 8236 5342 9729 2350 7542 1756 2840 367 5119 4951 1767 8626 3761 9562 4864
 8721 6008 8199 7524 802 445 2762 427 4732 8774 2782 1247 9652 4676 5129
 3053 2581 3724 607 7318 1251 3587 2957 4085 1297 8861 10 6821 1058 4282
 8943 5709 923 7747 7344 5116 913 682 8804 4140 7842 9418 6439 9360 7003
 7709 1248 4304 5890 3622 1830 1443 8786 5273 1049 4002 309 6060 6865 8703
 7242 4329 8872 3342 9107 720 1840 5030 7816 8014 8046 1883 3496 4894 8545
 5493 2832 52 119 59 1491 9750 9625 245 354 8886 8405 8836 4334 912 9103
 835 5354 4682 1043 5680 1576 8558 8671 1746 6942 7711 1606 762 9093 139
 1220 342 6635 1765 1577 7416 61 8220 9678 9819 3923 8316 1339 488 7813
 9361 8944 1957 9305 6135 2930 9190 893 1075 3947 5053 1474 9969 84 2506
 617 5185 3031 2847 8725 9794 1032 2024 7933 3236 255 583 5338 9273 9417
 1109 5490 258 8815 5385 323 162 4933 7140 4963 7032 5529 1088 3387 2895
 2855 5469 176 8794 2169 8166 8580 3117 7573 7017 6253 8751 3631 2085 7596
 8413 6344 1439 863 5146 3942 5410 5682 3461 3283 7893 2483 3107 7133 8271
 3084 6477 3819 5565 1787]
