Fault List:
90
103
96
103
98
96
91
94
97
99
101
99
99
82
98
101
99
99
95
90
94
98
99
104
96
101
97
96
97
94
FDR List:
0.5056179775280899
0.5786516853932584
0.5393258426966292
0.5786516853932584
0.550561797752809
0.5393258426966292
0.5112359550561798
0.5280898876404494
0.5449438202247191
0.5561797752808989
0.5674157303370787
0.5561797752808989
0.5561797752808989
0.4606741573033708
0.550561797752809
0.5674157303370787
0.5561797752808989
0.5561797752808989
0.5337078651685393
0.5056179775280899
0.5280898876404494
0.550561797752809
0.5561797752808989
0.5842696629213483
0.5393258426966292
0.5674157303370787
0.5449438202247191
0.5393258426966292
0.5449438202247191
0.5280898876404494
Time List:
206.56533098220825
204.6129698753357
203.20847916603088
205.7926058769226
209.57920575141907
202.84446096420288
200.255765914917
200.985497713089
201.46556186676025
199.38166522979736
195.87016081809998
202.82453298568726
201.6021728515625
175.3905680179596
197.37943124771118
197.72848296165466
203.71993017196655
201.90889811515808
199.17676901817322
197.27521896362305
198.5327799320221
199.58391499519348
197.56294918060303
196.85912704467773
198.04912900924683
197.26144886016846
199.66906690597534
199.104798078537
198.6188747882843
199.60838198661804
Subset List:
[948 1100 5305 9810 2675 5274 5369 8553 675 275 1167 1581 4729 3571 6705
 387 7952 2132 3513 4137 5872 9923 7443 4750 8212 1453 8815 1950 5088 4547
 4548 6242 418 8370 3264 214 5200 9753 3297 1429 433 6842 1494 5932 2172
 2841 6637 2810 6590 9417 5030 1779 1576 9316 2362 6165 4565 7989 8286
 6765 2214 5459 4917 7030 6647 7004 3928 6134 924 1463 2191 178 7491 8699
 1391 9654 368 9794 2181 6135 5272 1479 4748 2948 1804 2679 1681 2912 4217
 878 5925 4998 2091 3400 5794 1280 9231 6491 5982 4862 9755 4967 4938 9294
 7453 2535 3892 2807 9609 5752 6206 1862 5506 6378 9190 20 8848 933 9160
 6111 5330 802 4537 9774 2114 9704 7224 9219 1501 4699 8296 8084 7439 1850
 4135 3019 8629 8484 9250 7674 639 8691 4499 1228 9082 6440 15 95 799 6994
 1736 1346 926 3654 2729 2173 1693 1353 3220 8242 7716 9823 9093 5991 7398
 7016 817 4552 4660 7285 4826 7150 4963 2157 5634 4864 3113 7685 7675 4504
 3415 3036 453 9050 8271 6444 8960 5870 5909 8450 549 9625 4313 4516 2630
 8193 1945 4586 484 3752 1389 1372 7849 8473 6349 5905 6952 5401 7611 5552
 9140 2059 6545 7015 1118 9216 4614 119 3531 8174 1813 5919 2243 4315 3165
 3485 412 256 7887 3237 232 8735 6993 9349 3354 3522 7223 5910 2044 4643
 9421 1026 7105 6438 7174 1772 58 5479 5516 3177 8183 9734 9056 2081 1241
 3059 2372 9981 2444 3381 5416 1731 4307 9067 4306 3358 3181 2022 5454
 4423 2166 5277 5229 4453 150 1704 8226 1837 1126 8731 7931 508 3253 9880
 790 3645 9965 6856 637 2285 5398 1623 9217 1051 3230 9262 5460 9801 2186
 3774]
[948 1100 5305 9810 3084 2675 5369 8553 675 275 9750 1167 1581 4729 8480
 3571 6705 387 7952 2132 3513 356 4137 1138 5872 9923 2509 7443 2032 4066
 4750 5324 9967 8212 1453 8815 1422 1950 5088 4547 4548 6242 8370 3264 214
 5200 9753 3297 433 5932 2172 2841 2810 6590 7632 9417 1779 1576 2362 1933
 6165 4565 3391 8286 6765 2214 4917 7030 6647 7004 3928 6134 924 1463 2191
 5525 178 7491 8699 1391 6389 6825 9654 368 9794 4012 2181 1399 5272 7082
 1479 7962 8014 4748 2948 3436 1804 6926 2752 2679 1681 3602 6178 9587
 3735 2912 4217 878 5925 3097 7518 4998 7958 1042 1112 9385 6218 2091 3400
 1456 1280 9231 1248 6163 6491 6514 6769 7802 4581 4775 9514 4862 2785 68
 9755 2660 4615 5609 7453 7588 2535 3892 4632 9666 4861 8069 974 5029 9274
 9657 8656 6326 3682 5102 7161 8386 7446 9121 1868 1450 551 4094 1181 4843
 1145 370 483 9237 5959 9709 8598 5318 3366 518 734 3218 7267 8840 3494
 4097 1442 1858 8364 9065 724 2251 6899 6859 3653 6574 2855 2978 8231 2205
 6206 1862 6378 9190 20 2755 8848 655 1937 8589 2957 2293 531 5700 4537
 6382 9774 9704 3107 9219 2286 2422 1908 1501 7517 3408 7 1056 9940 2774
 9839 5098 7935 1662 8580 2219 9454 6122 5718 9428 6142 4749 5532 9676
 8072 8131 3614 6912 2038 4870 1607 5588 8115 6232 7673 4135 8629 5458
 9646 8644 2159 639 4446 1228 1039 9957 95 3785 188 2923 1606 6994 8362
 3654 3683 1693 3980 8854 7716 9790 3463 7861 6786 5617 4826 9665 8102
 8494 3618 7314 9269 9791 7685 7675 3922 4504 3183 1738 8869 453 7378 9050
 8271 7202 6444 8960]
[4097 1538 9219 4615 9742 3602 1042 6163 6165 9750 9237 4632 9753 3097
 9755 5658 7188 6178 3107 551 1576 4137 7723 2091 2609 1074 7224 3645 3135
 5700 3653 1607 421 1100 9294 8271 5200 9810 5718 1112 7257 9380 9819 3164
 8286 1118 3682 7267 2660 3174 8296 7785 6765 8815 112 6769 1138 2675 8817
 2166 2679 4729 4217 7802 2172 2181 4748 3724 4749 1167 2191 1681 3218
 8848 655 143 8847 3735 5272 9369 5274 8850 1181 9888 5794 675 7330 2213
 2214 4775 4264 6825 9385 2219 8364 1704 4002 2216 2737 178 3251 6326 5305
 6842 5309 9918 9919 3264 2752 9923 2755 4808 9417 6859 5324 5838 5330 724
 725 214 7675 6876 734 3806 1248 3297 3808 8932 4843 6380 7916 9967 5872
 6385 1779 6899 6389 2293 5369 2810 9467 4861 4862 2814 1280 4352 6912
 5890 6564 5894 6926 3343 7952 3346 275 7443 7958 2841 7962 284 2845 7453
 1823 802 5925 2855 9514 5419 5932 3373 3892 4917 7990 3381 4921 2362 1339
 4924 4926 3391 1858 3398 5959 6986 4938 1868 9034 8014 5454 2386 5459
 5458 4951 3928 3415 6491 7004 7518 5982 2912 4447 2910 9059 356 8553 2409
 3436 878 1391 368 8047 6514 9587 370 1909 7030 1399 3446 5506 2948 7559
 8072 9609 1933 1422 2957 7572 1429 5525 411 924 1950 418 2978 7588 5029
 5030 9126 4520 3494 7082 2472 4012 1453 9646 8112 433 945 948 8629 9654
 1463 5559 4537 3514 6076 9665 9666 4547 4548 8644 4550 1480 8650 974 5582
 7632 8656 4565 1494 2011 1501 9694 4574 5088 7134 4066 6109 3550 8672
 7654 2535 9191 5609 5098 6122 6627 6637 5102 9709 2032 2543 3571 2549
 6134 2038 7673 8699 4094 1862]
[948 1100 5305 9810 2675 5274 5369 6876 275 9750 1167 1581 4729 8480 6705
 387 7952 2132 3513 356 4137 1138 5872 9923 7443 2032 4066 5324 8212 1453
 8815 1422 1950 5088 4547 4548 433 9417 5030 1779 1576 9316 2362 1933 6165
 4565 7989 3391 8286 6765 2214 5459 7030 7004 3928 924 1463 5525 178 7491
 8699 1391 7723 6389 9654 368 9794 4012 2181 6135 5272 7962 2845 2948 3436
 1804 6926 2752 2679 6178 3735 4217 3097 4998 7958 1042 1112 6218 8236 994
 3400 1456 5794 1280 1248 6986 6163 6491 6514 6769 5982 7802 4581 4775
 1803 9514 4862 3446 6298 9755 4967 4938 5609 9294 7453 9919 7588 2535
 3892 2807 4632 5658 8069 974 5029 9274 6452 9657 4352 8656 3682 9126 5309
 4574 5102 4921 9121 1993 1868 551 4094 1181 4843 411 4447 3514 4808 9059
 1145 370 5815 4051 8598 5318 7134 4411 3366 3726 518 734 3218 3251 7267
 3808 1339 3494 4926 8440 1442 8364 9065 724 3653 4550 9191 8300 2855 8231
 9609 2205 6206 8261 20 2755 655 8326 933 725 6111 3083 427 7654 8939 802
 1790 5700 4537 237 2910 1480 2114 3107 143 2286 1908 4699 8296 6848 7439
 6466 1074 8410 7 9467 5871 9940 9839 8886 3025 5098 5134 7935 2219 6109
 4355 1178 5718 6142 4749 6380 2386 8072 3306 3614 6912 4870 5582 5588
 1538 8115 6232 4135 8629 5458 9646 8650 9918 3174 5620 639 8691 4499 1228
 6440 2309 188 2236 9829 8854 7761 6535 7861 1040 9665 3821 7685 4504 5148
 8276 4457 5905 5401 1394 4605 6545 8033 7015 119 9785 1813 4463 5919 3165
 3237 4903 3522 7223 5645 3456 2044 4643 9947 9056 1731 9067 4306 3414
 2166 3622 1897]
[948 5305 9810 3084 2675 5274 5369 8553 675 6876 275 9750 1581 4729 8480
 6705 387 7952 2132 3513 356 4137 1138 5872 9923 7443 2032 4066 4750 5324
 9967 8212 1453 1422 5088 4547 4548 6242 418 8370 3264 214 5200 3297 1429
 433 6842 5932 2841 6637 6590 1779 2362 6165 4565 3391 6765 2214 5459 4917
 6134 924 2191 5525 8699 1391 7082 1479 8014 2845 3436 1804 6926 2752 2679
 6178 9587 2912 4217 878 5925 3097 7518 4998 7958 1042 9385 8236 2091 994
 1456 5794 1280 1248 6986 6163 5982 7802 4581 4775 1803 4862 3446 68 6298
 9755 5609 9294 7453 6017 7588 2535 4861 8069 9694 974 5029 9274 3343 9657
 4352 8656 3682 1909 4574 5102 2213 7161 4921 1868 1450 551 1181 4843 411
 4447 3514 9059 1823 5815 483 4051 9237 5959 8598 5318 7134 4264 4411 3366
 3726 518 3218 8300 2855 8231 9609 5752 6206 8261 5559 20 2755 8848 655
 8326 6111 3083 1937 7654 8589 2957 8939 802 1790 2293 531 5700 4537 237
 1480 2114 9704 3107 7224 143 7711 2286 1501 8296 8084 6848 7517 7439 7313
 8200 8410 9369 2409 1056 2273 705 8886 2472 6671 5134 5979 7935 1662 2219
 1178 5718 4238 4749 2386 3306 6985 3614 7145 4870 5582 8112 2867 1538
 1947 995 4135 3019 5458 4947 9693 8650 9918 3174 3324 8484 7124 9082 5547
 9957 916 2309 799 1606 6994 1736 9088 6496 926 332 2729 3683 2173 1693
 3674 8854 8828 3220 9253 7716 1612 4044 6640 9093 7761 5991 4476 845 6535
 7016 817 1905 9665 421 5825 9073 3806 9528 6133 453 9209 7257 8619 4786
 5870 5909 6753 1994 42 2737 3601 7007 2264 6545 8033 7015 4303 9785 8174
 232]
[4097 8193 518 4615 9223 3084 5134 9231 9742 1042 6163 8212 5650 9750 4632
 3097 5658 2586 3614 8735 33 6178 3618 7202 549 4646 551 1576 4137 6697
 1580 1581 8753 9274 3645 9794 5700 3653 3654 1100 9294 5200 9810 2132
 1112 9819 9820 8286 9316 2660 1126 3177 8300 6765 621 8815 2157 4718 1138
 2675 5229 2166 4729 4217 1145 2172 4730 639 6786 2181 4748 4750 1167 2191
 3726 3218 6135 8847 8850 150 3735 5272 5274 6298 1181 5277 1185 5794 675
 7330 2213 2214 4775 4264 6825 7849 2737 8370 178 3251 7861 9393 5815 6841
 6842 4283 188 2236 9919 2752 9923 2243 1731 5318 4808 9417 4303 5330 8183
 724 214 2264 4826 4315 6876 1247 1248 3297 2785 7398 7399 7401 4843 1772
 6382 5871 5872 6899 2293 5369 2810 9467 1275 1790 1280 6912 4355 1803
 1804 6926 3343 3346 275 7956 7446 2841 7962 2845 7453 802 7970 5925 3366
 2855 4903 9514 5932 6444 6452 7989 4917 3381 2362 4411 4924 3391 1858 323
 5956 5959 6986 4938 1868 9034 5459 3928 7513 7004 7517 7518 5982 2912
 2910 9056 9059 356 3429 4963 4967 869 8553 4453 3436 368 1905 6514 9587
 370 1908 3446 1399 9082 3456 6017 387 2948 8069 4998 9093 9609 5516 1933
 5518 910 6545 916 5525 8598 7572 924 3485 1950 926 9121 1442 2978 7588
 5029 5030 3494 4520 7082 1450 5547 1453 6574 1456 433 8115 948 9654 1463
 3513 3514 4537 9145 7611 6590 9666 4547 4548 1479 1994 3531 9676 2509 974
 7119 7632 8656 4051 1494 7640 1501 7134 2525 5088 8672 4066 994 483 4581
 8161 2535 9191 9704 2022 6637 9709 8173 2032 8174 508 3571 6134 6647 8699
 2044 4605 4409]
[1100 9810 5274 8553 275 1167 4729 6705 387 7952 3513 1138 5872 9923 7443
 2032 8815 5088 214 3297 1494 2841 6590 7632 5030 2362 7989 3391 8286 6765
 2214 6647 7004 1463 2191 5525 8699 6389 6825 9654 368 9794 4012 1399 7082
 7962 1804 6926 2752 2679 6178 9587 3735 878 3097 7518 1112 1803 9514 4862
 3446 68 9755 2660 4938 7453 9919 2535 4632 5658 9666 5029 9274 3343 4352
 8656 6326 1909 9126 5309 4574 5102 4520 2213 7161 4921 7446 1868 551 1181
 4843 4447 3514 9059 1823 1145 370 5815 483 9709 8598 734 3218 3251 33
 1339 8840 4926 8440 1442 1858 8364 1552 2251 3013 6859 4550 9191 2855
 5752 6206 8261 1862 5506 6378 5559 9190 20 8326 933 725 3083 427 7654
 5330 2293 531 5700 4537 6382 9774 237 2910 1480 2114 3107 7224 143 2286
 1908 1501 4699 5435 8084 6848 3408 7313 6466 8200 9369 2409 7 1056 5871
 2273 9839 6671 5134 5979 6234 1662 1765 9454 4355 1178 4238 6380 2386
 9676 8072 8131 2011 6985 621 5582 5890 5588 1947 7188 6232 995 4135 9646
 7916 9918 3174 3324 8484 639 8691 4446 15 9957 9503 95 3785 1739 1736
 9088 926 426 3654 1353 9829 8854 8242 7716 1612 4476 7430 8494 7717 9370
 2829 7177 9528 9819 323 453 2570 6076 7628 9145 9625 6841 6753 1994 774
 8276 3601 3373 284 2059 9985 4071 3051 4614 4463 9223 4643 7105 2240 9947
 7174 1757 58 1580 3177 853 1241 9981 3381 1731 8161 7401 9067 4306 2022
 4423 2166 5277 5229 4453 1704 7572 1126 8847 7640 9218 1768 2565 8731
 7931 5656 3253 790 3645 5894 1185 637 6934 3997 9217 8932 5774 2379 37
 631 5763 4753]
[948 1100 5305 9810 3084 2675 5274 5369 675 6876 275 1167 4729 8480 3571
 6705 387 7952 4137 9923 2509 7443 1453 1422 5088 6242 418 3264 214 5200
 1494 5932 2841 2810 6590 9417 5030 2362 1933 7989 3391 8286 6765 2214
 5459 4917 7030 6647 7004 3928 6134 924 1463 2191 5525 178 7491 8699 1391
 7723 6389 6825 9654 368 2181 6135 1399 5272 7962 4748 2948 3436 6926 2752
 2679 6178 9587 3735 4217 878 5925 3097 7518 4998 7958 6218 2091 994 3400
 1456 5794 1280 9231 6163 6491 6514 6769 5982 4581 4775 1803 9514 4862
 2785 9755 4938 9294 6017 7588 2535 2807 4632 9274 1909 4094 1181 4843
 4447 3514 9059 5815 4051 9709 8598 4264 3366 3726 734 3218 7267 3346 724
 6899 4550 8300 2855 2978 9609 2205 6206 8261 6378 9190 2755 8326 9160
 6111 3083 5330 1790 2293 531 4537 1480 2114 9704 3107 2286 1908 1501 4699
 5435 8084 6466 7785 8410 2409 9467 705 9940 8886 5134 7935 8580 1765 5718
 6631 4749 6380 5532 2386 8072 3614 5582 5890 8112 1538 1947 4135 3019
 6385 9250 2159 1129 9503 2309 2923 1606 1736 4490 332 5600 3674 1353 8828
 7716 9926 2606 7761 3463 9029 7861 7990 3956 7016 3208 1040 5617 9665
 8102 7150 2549 3821 4409 6190 3165 3485 412 256 3237 4903 8735 3522 2044
 6040 7105 1275 6962 2240 1772 1521 5956 8357 853 8183 9056 2444 3381 7401
 1088 4306 3358 1724 4423 2166 4453 1837 7572 9780 8687 9218 2565 8586
 2176 8850 697 4002 3253 6942 790 910 3645 4725 6697 1185 1623 5023 1051
 598 2543 5460 7201 680 3822 2136 4654 3379 1986 6531 520 1975 7795 746
 3584 5306 78 7941 5649 2676 3069]
[948 1100 5305 9810 3084 5274 8553 675 275 9750 1167 1581 4729 8480 3571
 387 7952 3513 356 4137 1138 9923 2509 7443 2032 4066 5324 9967 8212 1453
 8815 1950 4547 6242 418 3264 214 5200 9753 3297 1429 5932 2172 2841 2810
 6590 7632 5030 2362 1933 6165 4565 7989 3391 8286 2214 4917 7030 6647
 3928 924 2191 5525 7491 8699 1391 7723 6389 6825 368 9794 4012 2181 1399
 5272 7082 1479 7962 4748 2845 2948 3436 6926 2679 3602 6178 3735 4217 878
 5925 7518 4998 1112 9385 6218 994 3400 1456 5794 1280 9231 1248 6986 6163
 6491 6769 5982 7802 4581 1803 9514 4862 3446 68 9755 2660 4967 4938 4615
 9294 7453 6017 9919 7588 2535 2807 4632 5658 974 5029 9274 4352 8656 5309
 5102 7161 8386 4921 7446 9121 551 1181 9059 370 5815 4051 9237 5959 7134
 3366 734 3218 8840 4926 4097 8440 1442 1858 8364 3346 724 6859 3653 4550
 6574 8231 5752 2205 6206 8261 1862 5506 5559 9190 2755 8848 655 933 725
 2957 8939 802 1790 5700 237 1480 2114 3107 5435 8084 7439 3408 1850 1074
 7785 8410 9369 1056 5871 9940 2774 5098 5134 6234 1662 8580 2219 1765
 9454 3724 1178 5718 9823 525 4476 9790 4114 3429 1166 8128 7016 3208 4660
 5825 4864 9269 9791 3113 5350 8385 7685 3806 7539 3922 5388 1738 9157
 8241 9090 7760 8271 5273 6075 565 8619 7628 1070 5808 7112 8312 774 5115
 4516 3696 8193 4457 8473 8753 4605 2264 869 7399 4071 8033 706 9464 3531
 1813 5919 2243 4315 7887 6750 6481 8735 9349 2044 6040 7097 8357 3177
 9056 3381 4306 3358 1126 5719 195 2565 9380 7931 508 9880 9965 4955 6856
 2285 1623 3997 2046]
[6656 4097 5634 9217 7685 4614 7 7174 7177 4615 3083 3084 9742 1039 1552
 3601 5650 3602 8212 6165 1042 6163 4632 9753 2586 3097 9755 5658 8735 33
 6178 37 3113 6697 4137 7723 2091 9774 6190 8753 6705 4660 7224 58 9274
 3135 9794 8261 2630 1612 1100 9294 5200 9810 2132 5718 1112 3674 6237 95
 6242 7267 9316 2660 3682 8296 7785 1129 8300 621 2157 9839 8815 6769 1138
 2675 7285 2679 1145 4729 4217 7802 1157 9349 2181 8840 3208 4748 4750
 1167 2191 1681 7314 147 3735 5272 5274 6298 1181 5794 675 2214 4775 4264
 3752 9385 8370 3251 178 6326 5305 6842 5309 9918 7161 2752 9923 197 1736
 6859 5324 6349 5838 7887 724 725 214 4313 1241 6876 3808 6881 3297 2785
 228 7398 7399 232 7401 4843 2286 9967 5872 6389 247 5369 2810 4861 4862
 6912 9985 1280 4355 2309 1803 1804 3343 7952 3346 275 7443 2325 5910 7958
 8473 2845 7453 1823 799 5919 8480 5925 2855 6444 5932 6958 2867 3379 7989
 4917 9528 4921 2362 5435 4926 3391 9029 3400 5961 9034 4938 845 6993 3922
 4947 4436 5459 4951 6491 7004 2910 4447 7518 4449 5982 4963 356 869 5991
 2409 7017 8553 3436 878 4463 7536 1391 370 368 9587 6514 3446 6017 5506
 8580 9093 2948 4998 1422 1937 9105 1429 5525 4504 1945 411 1947 3485 1950
 924 1442 2978 418 5029 5030 423 2472 9126 426 4012 1453 6574 433 948 9654
 1463 4537 3513 7611 9657 6590 7105 3522 4547 4548 9666 4552 7112 1994
 3531 4044 2509 974 7632 8656 4051 4565 1494 473 9694 5088 4066 483 484
 994 2535 5609 6122 3051 6125 6637 8691 3571 6134 7673 8699 4094 4128 306
 8071]
[4097 1538 9219 518 8200 3083 3084 5134 1552 5600 3602 1040 8212 6165 9750
 20 5658 9755 7711 1056 6178 9250 7716 9253 551 1576 4137 8231 7723 8236
 1581 2091 6705 1074 8242 9269 7224 9274 6206 68 3653 8261 5700 1607 6218
 1100 5200 9810 2132 5718 6232 3674 4699 95 6242 3682 9316 2660 7267 3174
 3683 7785 8300 6765 621 8815 1138 2679 5752 4729 4217 2172 2173 1157 8326
 3724 4750 1167 2191 3726 3218 6135 655 7313 4238 3735 5272 9369 5274 6298
 1178 1181 2205 1693 675 2214 4775 6825 9385 2219 8364 8370 178 3251 7861
 8886 5305 6842 188 5309 9918 9919 3264 2752 8386 9923 2755 705 9926 9417
 6859 5324 724 725 214 9940 2774 9428 4826 6876 1248 2276 1765 8939 7916
 237 3821 9967 5872 6385 1779 6899 6389 2293 2807 2810 9467 1790 7935 6912
 5890 4355 2309 1803 1804 3343 7952 3346 275 7446 2841 799 8480 8996 5925
 3366 2855 9514 5932 2350 8494 3892 7989 4917 2362 4411 1339 5435 4926
 3391 1858 7491 1862 5959 6985 6986 4938 332 845 8014 5459 4951 3928 7004
 7518 4447 2910 9059 356 8553 9065 2923 3436 1391 368 9073 7030 1399 3446
 9082 4476 387 2948 8069 4998 8580 8072 3463 3980 1933 1422 8589 2957 1937
 4499 1429 5525 8598 411 924 5532 1950 1947 9121 2978 7588 5029 5030 3494
 421 7082 1450 4012 1453 5547 433 8115 948 1463 5559 3513 9657 3514 4537
 6590 9665 4547 4548 8131 4550 9160 1993 1480 8650 4044 2509 974 5582 8656
 4559 4051 4565 1494 1501 7134 6111 5088 6109 4066 483 995 4581 9190 2535
 9191 7654 6122 6637 2032 6640 2236 3571 6134 6647 2038 7673 8699 4094
 8353 1076]
[948 1100 5305 9810 3084 5274 5369 8553 6876 275 9750 1167 4729 8480 3571
 387 7952 3513 1138 5872 9923 2509 2032 4066 4750 5324 8212 1422 1950 5088
 4547 4548 8370 3264 5200 9753 3297 1429 433 6842 5932 2172 2841 6637 2810
 6590 7632 9417 5030 1779 1576 9316 2362 1933 4565 3391 8286 2214 5459
 4917 7030 6647 7004 3928 6134 1463 2191 178 7491 8699 1391 7723 6389 6825
 368 9794 2181 1399 5272 7082 1479 4748 2845 2948 3436 6926 2752 3602 6178
 9587 3735 2912 878 5925 3097 7518 4998 1042 1112 9385 3400 9231 1248 6163
 6491 5982 4581 4775 3446 2785 9755 2660 4938 5609 7453 9919 3892 2807
 4632 5658 4861 9694 974 5029 3343 9657 8656 3682 5102 4520 2213 4921 1993
 1868 1450 4094 1181 4843 411 4447 370 5815 4051 5959 8598 5318 7134 4411
 734 3218 3251 7267 3808 1339 8840 3494 4926 4097 8440 1858 8364 9065 1552
 724 2251 1746 3653 4550 9191 6574 8300 2855 9609 2205 6206 1862 5506 6378
 5559 8848 8326 933 9160 725 6111 3083 427 8589 2957 5330 802 1790 531
 4537 237 2910 1480 2114 7224 7711 2286 2422 1908 4699 8296 7439 3408 6466
 8200 8410 2409 7 9467 5871 4700 2273 9940 2774 2472 5098 5134 6234 7935
 8580 2219 1765 6122 4355 3724 1178 5718 4238 6380 5532 8072 2038 4870
 1947 7188 7673 4135 3019 5458 4947 9693 3324 6640 4864 8385 7628 7427
 9048 7223 7174 2325 1696 6879 1928 9215 8428 5621 1732 1353 8828 9253
 4044 7761 5991 9029 7861 7990 7016 9665 9742 2350 7150 2549 3821 4963
 9791 9370 7675 7867 3922 3135 5961 3183 7177 3342 7202 870 303 9145 8312
 6753 4313 5148 3752 5354 8033]
[4843 4447 3514 4808 9059 1823 1145 370 5815 4051 5959 8598 5318 7134 3366
 3726 518 734 3218 33 3808 1339 8840 3494 4926 4097 1442 1858 8364 9065
 1552 724 2251 3013 6899 6859 1746 3653 4550 6574 8300 2855 2978 9609 5752
 6378 20 2755 8848 655 933 6111 3083 427 1937 8589 2957 5330 2293 531 5700
 4537 9774 2910 2114 9704 7224 9219 143 7711 2286 2422 8200 9940 9839 3025
 5134 2219 6122 4951 9428 2386 6985 621 5890 5588 4947 6666 5620 4646 8996
 5234 639 4499 9082 6440 15 5547 2276 916 3785 9061 1346 2236 6496 6497
 332 426 3654 3683 2173 5600 1693 3980 9829 8242 9253 7716 1612 4044 2606
 6640 5991 4476 845 4114 6535 3463 7861 7026 1166 7990 1040 4552 4660 7285
 9665 9742 2350 6916 9737 3618 5825 7717 2157 5817 4864 7314 9269 218 3113
 5350 3806 3358 2166 2762 5277 4735 8226 8847 9965 6715 4495 3349 948 1100
 9810 3084 2675 5274 5369 8553 675 6876 275 1167 1581 4729 8480 3571 6705
 387 7952 2132 3513 356 4137 1138 5872 9923 2509 7443 2032 4066 4750 5324
 9967 8212 1453 1422 1950 5088 6242 418 3264 214 5200 9753 3297 1429 6842
 1494 5932 2172 2841 6637 2810 6590 7632 9417 5030 1779 1576 1933 6165
 4565 7989 3391 8286 6765 2214 4917 6647 7004 3928 6134 924 1463 2191 178
 7491 8699 1391 7723 6389 6825 9654 368 9794 4012 6135 1399 5272 7082 1479
 7962 8014 4748 2845 2948 3436 1804 6926 2752 2679 1681 6178 9587 3735
 2912 878 5925 3097 4998 7958 1042 1112 9385 6218 8236 2091 994 3400 1456
 5794 1280 9231 1248 6986 6163 6491 6514 6769 5982 7802 2785 6298 7453
 3892 2807]
[7168 4097 1538 6656 1026 2565 7174 7 9217 7177 4615 2059 2571 3084 5134
 9231 3602 531 9237 9750 6165 4632 3097 5658 8731 5148 9246 8735 33 6178
 549 4646 4135 3113 7723 1580 9774 2606 6190 8753 8242 9262 6705 9269 565
 7224 9274 3645 6206 9790 2114 5187 9794 68 2630 1612 1100 9294 7760 9810
 8276 5718 1112 8286 7267 2660 3174 1126 3177 8300 6765 3183 112 6769 2675
 2166 2679 5752 4217 2181 3208 4748 4749 1167 8848 2704 6802 147 3735 5272
 5274 6298 5794 675 2214 4775 3752 1704 6825 9385 8364 5808 9393 4786 5305
 6842 7867 5819 5309 8386 2243 1731 9923 2248 1738 5838 4303 1746 5330
 7378 4307 2774 4313 8410 218 1241 6876 734 2785 8419 8932 1765 232 7401
 3306 4843 6380 237 2286 5871 9454 6385 5870 6899 9965 8699 8440 5369 9467
 7931 4861 1790 7935 6912 4864 6913 4355 4870 774 5388 8973 3343 7439 5905
 7956 5909 7958 5401 7962 3358 1823 6438 2855 9514 8494 6962 2867 3892
 3381 7989 4917 9528 4921 1850 1339 5435 4924 3391 3398 9034 5454 3408
 2386 5458 3922 4436 4951 3415 7513 3928 6491 7004 7517 4447 2912 9059
 3429 4453 7015 8553 9067 3436 4463 1905 9073 9587 6514 7030 1399 3446
 9593 5506 9090 8580 387 8072 3464 8586 2957 5518 910 1933 5525 8598 4504
 9625 1945 1947 3485 2978 7588 421 9126 3494 2472 423 1959 8619 7082 6574
 9646 8112 1456 948 8629 9654 5559 1463 9145 6075 3522 8131 8644 453 4550
 1479 1480 3019 9676 4044 5582 7628 8656 3531 7632 5588 2011 9693 6111
 8672 484 7654 9704 7145 6122 5102 8174 3571 2549 6134 2041 7675 508 4641
 2658 5988 8905 8202 847 3763]
[948 1100 5305 9810 3084 2675 5274 5369 8553 675 6876 275 9750 1167 1581
 4729 3571 6705 387 7952 2132 3513 356 4137 1138 5872 9923 2509 7443 2032
 4066 5324 8212 8815 1950 5088 4547 4548 3264 214 5200 9753 3297 1429 433
 6842 1494 5932 2172 2841 6637 2810 6590 7632 9417 5030 9316 2362 1933
 6165 4565 7989 8286 2214 5459 4917 7030 6647 7004 3928 924 1463 2191 5525
 178 7491 7723 6389 6825 9654 9794 2181 1399 7082 1479 4748 2845 2948 3436
 1804 6926 2752 2679 1681 6178 9587 3735 2912 4217 878 5925 3097 7518 7958
 1042 1112 9385 6218 8236 2091 994 3400 1456 5794 1280 9231 1248 6986 6163
 6491 6514 6769 5982 7802 4581 4775 1803 9514 4862 3446 2785 68 6298 2660
 4967 5609 7453 6017 9919 7588 2535 3892 2807 5658 9666 4861 9694 974 5029
 9274 3343 9657 4352 6326 3682 1909 9126 5309 4574 5102 2213 7161 8386
 4921 7446 9121 1868 1450 551 4094 1181 4843 4447 3514 4808 9059 1145 370
 5815 483 4051 9237 5959 8598 5318 7134 4264 4411 3366 3726 518 734 3218
 3251 33 7267 3808 8840 8440 1442 1858 9065 1552 6859 3653 9191 6574 8300
 8231 5752 2205 8261 6378 20 8848 8326 6111 427 2957 8939 2293 4537 2910
 1480 2114 7224 9219 1501 8296 8084 7517 7439 3408 7313 6466 9467 1056
 5871 705 9940 9839 2472 5134 5979 1662 8580 2219 9454 4355 6631 9428 1157
 4749 9676 3306 7145 5890 8112 1538 1947 6232 9646 6385 8644 8650 6530
 6913 7513 3164 160 3531 8174 5919 256 232 6750 6564 6481 4903 3354 9223
 3456 8817 1026 7105 6125 6958 9947 7174 7097 1580 853 8183 9734 2081 2444
 5416 1731 7401 1088]
[948 1100 5305 3084 5274 5369 8553 675 6876 9750 1167 1581 4729 8480 3571
 387 7952 2132 3513 356 1138 2509 7443 2032 4750 5324 9967 8212 1453 8815
 1422 1950 5088 4547 4548 6242 8370 3264 1429 433 1494 5932 2841 6637 2810
 6590 1779 9316 6165 4565 7989 3391 8286 6765 2214 4917 7030 6647 7004
 6134 924 1463 2191 5525 178 7491 6389 6825 368 9794 4012 2181 6135 1399
 5272 7082 1479 7962 8014 4748 2845 3436 1804 2679 6178 9587 3735 2912
 4217 878 3097 4998 7958 1112 9385 8236 1803 9514 4862 3446 9755 4967 4938
 6017 5658 9666 974 5029 9274 6452 3682 9126 4574 5102 4520 4921 1993 551
 3514 1145 483 9237 9709 8598 4264 3366 518 734 3218 3251 33 7267 3808
 1339 8840 3494 8440 1442 724 6859 1746 9191 2978 9609 5752 2205 8261 6378
 9190 8326 933 427 2957 2293 5700 4537 6382 2910 1480 3107 9219 4699 8296
 6848 3408 7313 1850 6466 1074 8410 1056 4700 9839 3025 1662 8580 2219
 9454 4355 3724 1178 4951 9428 9676 8072 3306 6985 3614 6912 621 4870 1607
 5890 5588 2867 1538 1947 8115 6232 4135 4947 9693 6385 7916 9918 3174
 8484 9250 8996 2159 639 4499 6440 15 9957 2276 1129 95 3785 799 188 2923
 1606 6994 1736 4490 8362 1353 3980 3220 8242 7716 4044 2606 9823 9093 845
 4114 197 9031 3922 5961 5388 4504 1304 8271 5990 870 303 3455 7017 4786
 549 6841 8419 42 4516 6732 7427 8193 8276 3601 4457 2059 869 9393 8033
 7015 119 4463 3522 5910 1757 3177 2444 3381 5416 3358 3622 7640 8687 5719
 2565 9380 7931 8234 3587 6942 945 790 2216 4725 3398 637 2285 5283 6360
 1888 1943 3711]
[948 1100 5305 9810 3084 2675 5274 8553 675 6876 9750 1167 1581 8480 3571
 6705 387 7952 2132 3513 356 1138 5872 2032 4750 5324 9967 8212 1453 1422
 1950 5088 4547 4548 6242 418 8370 214 5200 9753 1429 6842 1494 5932 2172
 2841 6637 2810 6590 7632 9417 1779 1576 9316 2362 1933 6165 4565 7989
 3391 8286 6765 2214 5459 4917 7030 6647 3928 924 2191 5525 178 7491 8699
 1391 7723 6389 9654 368 9794 2181 6135 1399 1479 7962 2948 3436 1804 6926
 2752 2679 1681 9587 878 5925 7518 7958 1042 1112 6218 8236 2091 994 3400
 1456 5794 1280 9231 6163 6491 6769 5982 7802 4581 4775 9514 4862 2785 68
 6298 9755 2660 4967 5609 7453 6017 9919 7588 2535 2807 5658 9666 4861
 8069 974 9274 6452 9657 8656 6326 3682 1909 9126 4574 5102 4520 2213 8386
 4921 7446 9121 1993 1868 1450 4094 1181 4843 4447 3514 4808 9059 1145 370
 5815 483 4051 9237 5959 9709 8598 5318 4264 4411 3366 518 734 3218 3251
 7267 1339 8840 3494 4097 8440 1858 8364 3346 9065 1552 724 2586 2251 3013
 6899 6859 4550 9191 6574 8300 2855 2978 8231 9609 2205 8261 1862 5506
 6378 5559 9190 20 2755 8848 655 8326 933 725 802 1790 9704 9940 6122 4951
 5718 6631 5532 2386 9676 8131 2011 6985 3614 6912 1947 8115 5838 4135
 8650 7916 8484 4646 9250 8996 639 4499 6440 15 1129 3785 799 188 926 2173
 5600 4559 1353 3980 3220 1612 9031 3922 7559 5961 5388 4504 3183 7177
 1738 8202 3550 9528 9819 7235 7747 147 3036 323 5819 3342 9050 8271 7202
 7524 5990 1227 7689 5148 577 5115 42 6656 4516 7427 2737 2525 4449 8804
 1620 7457 5551]
[1100 5305 9810 3084 2675 5274 8553 675 6876 275 9750 1167 1581 4729 8480
 3571 6705 387 7952 2132 3513 356 4137 1138 5872 2509 7443 2032 4750 9967
 1453 8815 1422 1950 5088 4547 6242 418 3264 214 5200 3297 6842 1494 2841
 2810 6590 7632 9417 5030 1576 9316 2362 1933 6165 7989 3391 8286 6765
 2214 5459 7030 6647 7004 6134 924 2191 178 8699 1391 7723 6389 9654 368
 9794 4012 2181 6135 1399 5272 7082 1479 7962 8014 4748 3436 6926 2752
 2679 1681 6178 9587 3735 2912 4217 878 5925 3097 7518 4998 7958 1042 9385
 6218 2091 994 3400 1456 5794 1280 9231 1248 6163 6491 6769 5982 7802 4581
 4775 1803 9514 3446 2785 6298 9755 2660 4967 4938 4615 5609 9294 7453
 6017 9919 7588 2535 4094 1181 4843 411 4808 1823 1145 370 5815 4051 9237
 8598 5318 3366 3726 518 734 3251 33 7267 1339 8840 4926 4097 8440 1442
 1858 8364 9065 1552 6859 2855 2978 5752 2205 6206 8261 5506 6378 9190 20
 2755 933 6111 3083 1937 2957 2293 531 5700 4537 6382 1480 2114 7224 9219
 4699 2409 705 9839 5134 6234 1662 9454 3724 5718 6631 5532 2386 8072 3306
 5582 1538 1947 4135 3019 8629 8650 7916 5234 1228 5547 1039 9957 9503 916
 3785 2309 1739 2923 1736 1346 6640 9823 4730 5991 4476 845 9790 4114 9029
 7861 3956 8128 3208 817 1905 5617 4826 8102 421 3821 4409 8494 4864 7314
 5650 9269 9791 218 3113 5350 3806 7867 4155 9031 3922 7559 3135 5388 3183
 7177 9157 2003 9105 7524 342 8619 1227 6732 2737 3752 3601 9034 7318 2059
 9985 7399 3902 9393 1644 6530 1118 9216 256 7223 4643 9421 6958 1241 2372
 3381 8161 4386]
[948 1100 5305 9810 3084 5369 8553 675 6876 275 9750 1167 1581 4729 8480
 3571 387 2132 3513 356 4137 1138 5872 9923 2509 7443 2032 4750 5324 9967
 8212 1453 8815 1950 5088 4548 6242 418 8370 214 5200 9753 3297 1429 6842
 1494 5932 2841 2810 6590 7632 9417 5030 1779 9316 2362 1933 6165 4565
 7989 8286 6765 5459 7030 6647 7004 3928 924 1463 2191 6825 9654 9794 4012
 2181 1399 5272 7082 7962 8014 4748 2948 3436 1804 2679 3602 6178 9587
 3735 2912 4217 878 5925 7518 4998 7958 1112 9385 6218 994 3400 1456 5794
 1280 9231 6491 6769 5982 1803 9514 3446 2785 4967 2535 9666 974 9274 8656
 1909 4574 4520 8386 7446 1868 1181 411 9059 370 5815 483 4051 9237 5959
 9709 8598 5318 4264 4411 3366 734 3218 33 3808 1339 8840 4926 4097 1442
 9065 724 2251 3013 6859 1746 3653 4550 9191 2978 8231 5752 2205 6206 8261
 1862 5506 6378 2755 8848 8326 933 9160 725 6111 3083 427 1937 7654 8589
 5330 802 1790 2293 531 5700 4537 6382 9774 237 2910 1480 9704 3107 7224
 143 7711 2286 2422 1501 4699 8296 8084 6848 7517 3408 1074 8200 7785 8410
 9369 2409 7 1056 5871 4700 9940 2472 6671 5098 5134 5979 1662 8580 2219
 3618 5825 7970 8173 5634 7314 5650 9269 9791 8385 5841 197 953 4155 3922
 5388 3183 3962 2814 8473 6952 5401 3063 4147 7318 7330 4283 1394 7611
 9590 2059 9985 7399 4718 6545 1644 7015 4303 1118 3164 4169 1813 4463
 5919 3485 412 256 3237 6564 228 9223 3522 3456 6040 8817 7105 6438 6962
 1757 5479 2081 5518 9981 2444 3381 7401 4307 1088 9067 3181 2166 5277
 8226 1126 7640 5709 2551]
[948 1100 5305 9810 3084 2675 5369 8553 675 6876 275 1581 4729 8480 3571
 387 2132 3513 4137 1138 5872 9923 2509 7443 2032 4066 4750 8212 1453 8815
 1950 5088 4547 4548 418 3264 214 5200 9753 3297 1429 433 5932 2841 2810
 6590 9417 5030 1779 9316 2362 1933 6165 4565 7989 8286 6765 2214 5459
 4917 7030 6647 7004 3928 6134 924 1463 2191 178 7491 8699 1391 7723 6825
 368 9794 4012 2181 6135 1399 5272 7082 1479 4748 2845 2948 3436 1804 6926
 2752 2679 1681 3602 6178 9587 3735 4217 878 5925 3097 4998 7958 1042 1112
 9385 8236 2091 3400 1456 5794 9231 6163 6491 6514 6769 5982 7802 4581
 4775 1803 9514 4862 3446 2785 68 6298 2660 4967 4938 4615 5609 7453 6017
 9919 7588 2535 3892 2807 4632 9666 4861 8069 974 5029 9274 3343 6452 4352
 8656 6326 3682 1909 9126 5309 4574 5102 4520 7161 8386 4921 7446 9121
 1993 1868 1450 551 4094 1181 4843 411 4447 3514 4808 1823 1145 370 5815
 483 4051 9237 9709 8598 4264 4411 3366 734 3218 33 1339 8840 3494 4926
 8440 1442 1858 3346 1552 724 2586 4537 237 1480 7224 7711 4699 8886 2219
 4355 5718 4238 9428 2038 4870 5582 8629 4947 9646 3174 3324 1039 9061
 1739 6497 5600 8242 9093 4114 6786 5388 870 6076 6075 354 8619 2585 5919
 2243 3165 3485 232 6750 6564 4903 6993 9349 228 5645 5910 9421 8817 7105
 6438 5479 853 8183 2081 3059 5416 7401 2762 3622 150 8226 1126 9780 7931
 5487 9880 945 2216 9965 3997 112 1051 5104 5460 6900 2136 4654 37 6881
 520 1696 3557 78 2526 6783 7930 3246 7561 2795 9449 5690 4304 9281 5129
 4832 7809 9707 10]
[948 1100 5305 9810 3084 2675 5274 5369 8553 675 6876 275 9750 1167 1581
 4729 8480 3571 6705 387 7952 2132 3513 356 4137 1138 5872 9923 2509 4066
 4750 5324 9967 8212 1453 8815 1422 1950 5088 4547 4548 6242 418 3264 214
 5200 9753 1429 433 6842 2841 6637 2810 6590 7632 5030 1779 1576 9316 2362
 4565 3391 6765 2214 5459 4917 7030 7004 3928 6134 924 5525 7491 8699 6389
 6825 368 9794 4012 2181 6135 1399 5272 7082 1479 8014 4748 2845 3436 1804
 2752 2679 1681 3602 6178 9587 3735 2912 4217 878 5925 3097 7518 4998 7958
 1042 9385 6218 3400 1456 5794 1280 6986 6514 6769 5982 7802 4581 4775
 1803 4862 3446 9755 4938 4615 5609 9294 7588 2535 5658 9666 8069 9694
 9657 6326 1909 4574 5102 2213 7161 8386 4921 7446 9121 1993 1868 551 411
 4447 3514 4808 9059 1823 5815 483 9237 5959 8598 7134 4411 3726 518 734
 3218 7267 3808 1339 8840 3494 8440 3346 1552 724 3013 6859 4550 9191 2978
 9609 5752 2205 6378 655 9160 8589 8939 1790 2293 9774 2910 1480 2114 9704
 7224 9219 2422 1501 8296 7517 7785 2409 7 9467 5871 9940 2774 9839 2472
 6671 5134 9454 8072 2038 4870 1607 1538 5838 4135 4947 6666 7916 9918
 5620 8484 5234 7124 6440 5547 1129 95 9061 1739 2923 1606 6496 926 9930
 3654 2173 1693 8854 8242 7761 4476 9790 7398 7861 7990 8128 7016 4552
 1905 4660 9665 4409 4963 9791 8385 3806 7559 5961 5388 4504 3183 1738
 9819 3962 323 8241 453 9105 8271 7202 47 6444 3455 6076 2585 4786 9145
 5808 549 4285 8312 2267 8672 7119 5148 42 4516 2630 8193 2737 3752 1675
 2525 4449 4282 284 6145]
[6656 1538 518 4615 8200 8202 3083 3084 2570 9742 9231 1040 1042 6163 8212
 20 9750 7188 4632 9753 3097 9755 5658 5148 6178 3107 7202 9253 7716 551
 1576 4137 8231 7723 2091 2606 1074 8242 4660 7224 9791 9794 2114 7747
 3653 6218 1100 9294 5200 7761 9810 1112 6234 4699 4700 6237 8286 3674
 6242 3682 7267 3683 8296 7785 8300 6765 621 8815 9839 6769 1138 2675 2157
 7285 2679 5752 4729 4217 7802 2172 1145 1662 8828 2181 8326 8840 3208
 4748 3724 3726 1167 2191 8848 655 7313 4238 4749 3220 9369 6298 9370 675
 2213 2214 4775 4264 6825 9385 3752 2737 7861 6326 8886 5305 5309 9919
 3264 2752 6848 9923 2755 705 5318 2251 5324 6859 5330 724 9940 214 2774
 8410 4114 4826 734 1248 2785 3808 2273 5350 7398 3306 4843 8939 7916 6382
 9967 9454 1779 6389 2293 2807 8440 5369 2810 4861 1790 1280 6912 5890
 7427 1803 1804 6926 3346 7443 7446 2841 7962 7453 8480 802 3366 9514 5932
 2350 303 2867 6452 7989 4917 2362 4411 1850 4926 3391 1858 7491 323 9029
 3400 6986 4938 1868 8014 5458 3928 6491 7004 7517 7518 5982 2912 4447
 2910 356 870 7016 9065 2409 3436 878 1391 368 1905 370 9587 3446 2422
 6017 5506 387 8580 8069 4998 9609 1933 1422 8589 1937 8084 1429 5525 8598
 9625 411 924 5532 1950 9121 418 2978 7588 5029 933 4520 7082 1450 8619
 6574 1456 8115 948 1463 3513 9657 3514 4537 6075 8128 9665 8131 4550 1479
 1480 1993 1994 3019 4044 4552 7119 7632 8656 4565 1494 1501 6109 9693
 5088 5600 994 483 4581 9190 2535 9191 7654 9704 5098 6637 5102 7150 2032
 5617 3571 2549 7161 5115 4094 4352]
[5982 3446 6298 7588 2807 974 9274 3343 9657 6326 1909 4574 5102 4520 2213
 7161 4921 9121 1993 1868 1181 4843 4051 9237 5318 3726 734 3218 3251 33
 3808 1339 3494 4097 8440 8364 1552 3013 6859 1746 4550 9191 6574 8300
 2855 2978 9609 5752 5506 20 8848 725 8939 5330 802 5700 9774 2910 2114
 7224 1501 8296 7517 1850 6466 8200 7785 7 1056 2472 6671 5098 5134 7935
 8580 2219 1765 4355 1178 5718 6631 9428 4749 2386 9676 8072 2011 6985
 3614 6912 4870 5582 1538 1947 7188 8115 5838 7673 8629 4446 4499 9503
 1739 4490 2606 9823 4730 9093 7761 845 7016 817 1040 4552 9665 3821 7430
 8494 3618 5825 7717 9073 4864 9791 3113 3806 7675 4504 3550 9819 7235
 7760 870 9209 5273 7168 7628 3150 8677 1070 771 7310 7112 9625 4285 1227
 6753 4313 7956 5148 42 1945 4586 3752 1389 3601 1372 2814 4457 4449 8473
 6349 8804 5187 4147 7330 7007 1294 7399 2394 4071 6802 119 9785 8174 1813
 3237 232 2041 6564 6993 9349 7105 6958 2240 8357 3059 2444 3381 7401 4307
 5229 4453 8226 7640 8687 5719 7931 3587 8850 1959 2432 6942 790 2216 8047
 4924 5894 1185 948 1100 5305 9810 3084 2675 5274 5369 8553 675 6876 275
 9750 1167 1581 8480 3571 6705 387 7952 2132 3513 4137 1138 5872 2509 7443
 2032 4066 4750 5324 9967 8212 1453 8815 1422 1950 5088 4547 4548 6242 418
 8370 3264 214 5200 9753 3297 1429 433 6842 1494 5932 6637 2810 7632 9417
 5030 1576 2362 1933 4565 7989 3391 8286 6765 2214 4917 7030 6647 7004
 3928 6134 924 1463 2191 5525 178 7491 8699 1391 7723 6389 6825 9654 368
 9794 4012 6135 1399 7082]
[948 1100 5305 9810 3084 2675 5274 5369 8553 675 6876 275 9750 1167 1581
 4729 8480 3571 387 7952 2132 3513 356 4137 1138 5872 9923 2509 7443 2032
 4066 4750 5324 8212 1422 1950 5088 4547 4548 6242 418 3264 214 5200 3297
 1429 433 6842 1494 5932 2172 2841 6637 2810 6590 7632 9417 5030 1779 1576
 9316 2362 1933 6165 4565 7989 3391 8286 6765 5459 4917 7030 6647 3928
 6134 924 1463 5525 178 7491 8699 1391 7723 6825 9654 368 4012 2181 6135
 1399 5272 7082 1479 7962 4748 2845 2948 3436 1804 6926 3602 9587 3735
 2912 878 5925 3097 7518 4998 7958 1042 1112 9385 6218 8236 2091 3400 1456
 5794 1280 6986 6491 6514 6769 5982 7802 4581 1803 4862 3446 68 6298 9755
 2660 4938 4615 5609 9294 7453 6017 9919 2535 3892 2807 4632 5658 9666
 4861 8069 9694 974 9274 3343 6452 8656 6326 3682 1909 9126 5309 5102 9121
 1868 1823 1145 8598 5318 518 734 3218 3251 33 7267 3808 1339 8840 724
 2586 6899 6859 1746 4550 9191 6574 8300 2855 2978 8231 9609 5752 2205
 6206 8261 1862 5506 6378 5559 9190 20 2755 655 9160 725 6111 3083 427
 1937 7654 8589 2957 8939 5330 1790 531 5700 237 2910 1480 2114 3107 7711
 1908 1501 8084 7439 3408 1850 6466 8200 7785 8410 7 9467 1056 4700 2273
 9940 9839 2472 3025 5134 5979 6234 8580 2219 9454 6122 3724 1178 4951
 5718 6631 9428 1157 6912 2038 4870 5582 4135 5458 6666 7916 7674 4499
 6440 2276 1129 799 4490 2236 926 2729 5600 7712 525 7761 845 6535 7990
 1905 3821 7430 3618 4963 7970 2157 5817 5634 7314 9269 8973 9791 218 5350
 7685 3806 3922 5961 3550 5177]
[1100 3084 2675 5274 5369 8553 675 6876 275 9750 1581 4729 3571 387 7952
 356 4137 1138 5872 9923 2509 4750 9967 8212 1453 8815 1422 1950 6242 8370
 3264 214 5200 9753 3297 1429 433 6842 1494 5932 2172 2841 6637 2810 6590
 7632 1576 9316 6165 4565 7989 3391 5459 4917 6647 7004 3928 6134 924 7491
 8699 1391 7723 6389 6825 9654 368 9794 2181 1399 5272 7082 1479 7962 8014
 4748 2845 3436 2752 2679 1681 3602 6178 2912 4217 878 5925 3097 7518 4998
 7958 1042 1112 9385 6218 3400 1280 1248 6986 6163 6491 6514 6769 5982
 7802 4581 4775 1803 4862 3446 2785 6298 2660 4967 4615 5609 6017 7588
 2535 3892 2807 4632 5658 9666 4861 8069 974 5029 9274 6452 9657 4352 6326
 3682 1909 9126 5309 8386 4921 1450 551 4843 411 4447 3514 9059 1823 1145
 370 5815 483 4051 5959 8598 5318 4264 4411 3366 3726 518 734 3218 3251
 3808 1339 8840 3494 4097 8440 1858 3346 1552 3013 9191 6574 8300 2978
 9609 5752 1862 6378 9190 20 2755 8326 933 9160 6111 3083 427 1937 7654
 8589 8939 4537 6382 1480 2114 9704 3107 2286 1501 8296 6848 7313 1850
 6466 1074 9369 2409 9467 1056 4700 8886 6671 3025 6234 8580 2219 9454
 4355 1157 2386 3614 621 2867 1538 1947 995 4947 9693 6666 5620 3324 9061
 799 188 6994 1346 8854 8242 9253 7716 9926 2606 7761 5991 4476 845 9790
 6535 7861 7990 7016 3208 7970 8173 2157 5634 4864 7314 8973 5350 9370
 7675 7867 4155 2829 5961 5388 8869 9819 6133 3415 8241 7378 9105 870 9209
 6076 7628 4786 6753 1994 7119 577 8419 42 7427 3601 3373 2814 4457 6349
 5187 5905 5401 7318 7330 9329]
[948 1100 5305 9810 3084 2675 5274 5369 8553 675 6876 275 9750 1167 1581
 4729 8480 3571 387 7952 2132 3513 356 4137 1138 5872 2509 7443 2032 4066
 4750 5324 9967 8212 1453 8815 1422 1950 5088 4547 4548 418 8370 3264 214
 5200 3297 433 6842 1494 5932 2841 2810 6590 7632 9417 5030 1576 9316 2362
 1933 6165 4565 7989 3391 8286 6765 2214 5459 4917 7030 6647 7004 3928
 6134 924 1463 2191 178 8699 1391 7723 6389 6825 9654 368 9794 4012 2181
 6135 1399 5272 1479 7962 8014 4748 2845 3436 1804 2752 2679 1681 3602
 6178 9587 3735 2912 4217 878 5925 3097 7518 4998 7958 1112 8236 3400 9231
 6491 6514 6769 7802 2785 68 9755 4938 4615 5609 9294 7453 7588 2807 5658
 9666 9694 974 3343 6452 6326 3682 1909 9126 5309 4574 5102 2213 7161 8386
 4921 7446 9121 1868 1450 4094 1181 4843 411 4447 9059 1823 483 4051 5959
 9709 8598 4411 3366 3726 518 3251 7267 3494 4097 8440 1442 9065 3013 6859
 3653 9191 6574 2978 9609 2205 802 5700 4537 2910 1480 7224 9219 2286 2422
 1501 8296 7517 7439 1850 6466 1074 1056 4700 2273 705 9839 8886 6671 3025
 5098 5134 5979 8580 2219 6109 3724 1178 4951 5718 4238 9428 1157 2386
 9676 8072 8131 2011 3614 7145 6912 621 2038 4870 5588 2867 1538 1947 995
 7673 4135 3019 5458 4947 9646 9693 8644 7916 3174 5620 3324 8996 5234
 1228 9082 9503 916 95 3785 2309 2923 1736 8362 3654 3683 1693 1353 9829
 8242 845 4826 9665 8102 9737 5825 4963 8385 8633 9031 5961 9157 2003 9528
 9819 9105 8271 7202 5990 6444 9209 8960 5273 6299 6237 7536 565 7017 4786
 8677 771 6841 9558]
[2571 9981 5416 1731 7401 4307 9067 4306 3358 5454 5229 8847 5719 2176
 7931 8850 6973 2432 4002 9880 6942 945 2216 9820 5894 1185 5774 2704 2379
 2248 3230 5460 6900 3236 948 5305 9810 3084 2675 5274 8553 675 6876 275
 9750 1167 1581 4729 8480 6705 387 7952 2132 356 4137 1138 5872 9923 2509
 7443 4750 5324 9967 8212 1453 8815 1422 1950 5088 4547 4548 6242 8370
 3264 214 5200 9753 3297 1429 433 1494 5932 2172 6637 2810 6590 9417 1779
 1576 9316 2362 1933 6165 4565 7989 3391 8286 6765 2214 4917 6647 7004
 6134 924 1463 2191 5525 7491 8699 1391 7723 6389 6825 9654 368 9794 4012
 2181 6135 5272 7962 8014 4748 3436 1804 6926 1681 3602 6178 9587 3735
 2912 4217 878 5925 3097 7518 4998 7958 1042 1112 9385 6218 8236 2091 994
 3400 1456 5794 1280 9231 6986 6163 6491 6514 6769 5982 7802 4581 1803
 9514 4862 3446 68 6298 9755 2660 4967 4938 4615 9294 9919 7588 2535 3892
 2807 4632 5658 9666 4861 8069 974 9274 3343 9657 4352 6326 3682 9126 5309
 551 4094 4843 9059 1823 370 5815 483 9237 8598 7134 734 3251 7267 3808
 8840 8364 3346 9065 1552 724 2586 2251 3013 6899 6859 1746 3653 4550 9191
 6574 2855 2978 8231 5752 2205 6206 8261 1862 5506 6378 5559 9190 20 2755
 8848 655 8326 933 9160 725 6111 3083 1937 802 1790 2293 531 4537 1480
 2114 7224 9219 1908 1501 5435 8296 7313 8200 8410 2409 7 2273 9940 2774
 9839 8886 6234 8580 2219 4355 4951 9428 6380 5532 8072 3614 7145 2923
 6496 5600 4559 8854 8242 7716 1612 9093 5991 845 7398 1166 7016 4552 4660
 7285 8752 4826 9742 7430 6916]
[948 1100 5305 9810 3084 2675 5274 8553 675 6876 275 9750 1167 1581 4729
 8480 3571 6705 7952 2132 356 4137 1138 9923 2509 7443 4066 5324 9967 1453
 8815 1422 1950 5088 4547 418 8370 3264 214 3297 1429 6842 1494 2172 2841
 2810 7632 9417 5030 1779 1576 9316 2362 1933 6165 4565 7989 3391 8286
 6765 2214 5459 4917 7030 6647 7004 3928 6134 2191 5525 178 7491 8699 1391
 7723 6389 6825 9654 368 9794 4012 2181 6135 1399 5272 7082 1479 7962 8014
 4748 2845 2948 3436 1804 6926 1681 9587 3735 2912 3097 1112 6218 994 5794
 6163 6491 5982 1803 9514 4862 2785 9755 5609 9294 7453 9919 7588 2535
 4861 9274 3343 6452 9657 4352 8656 6326 3682 1909 9126 5309 4574 734 3251
 3808 8840 4926 1858 8364 9065 724 2586 2251 3013 3653 6574 8300 2855 2978
 8231 9609 20 2755 8848 655 933 9160 725 6111 427 1937 8589 5330 802 1790
 2293 5700 4537 2910 1480 2114 9704 7224 7711 1908 5435 8296 7517 7439
 7313 6466 1074 7785 8410 7 9467 5871 2273 705 2774 9839 8886 3025 5098
 5979 6234 1662 8580 2219 4355 5718 9428 4749 6380 2386 8072 8131 6912
 2038 4870 5582 5890 1538 6232 5838 7673 4135 8629 5458 4947 6385 5620
 8484 9250 7674 639 5184 7124 4499 9082 1039 2276 2923 1736 2236 6497 926
 332 426 2729 3980 9829 3220 8242 9253 7716 1612 2606 6640 525 4730 9093
 5991 4476 4114 3463 7398 7026 6786 8128 3208 817 1040 4552 1905 4660 7285
 5617 8752 2350 421 2549 3821 7430 6916 4409 3618 7970 7717 5634 4864 7314
 9269 9791 3113 9370 3806 5841 197 8633 953 4155 3922 7559 5388 4504 3183
 7177 9157 9528 7235]
[948 1100 5305 9810 3084 2675 8553 675 275 1167 1581 4729 8480 3571 7952
 2132 3513 356 4137 1138 5872 9923 2509 7443 2032 4066 4750 5324 9967 8212
 1453 8815 1422 1950 5088 4547 4548 6242 418 8370 3264 214 5200 9753 3297
 6842 1494 5932 2810 6590 7632 9417 5030 1576 9316 2362 1933 6165 4565
 7989 3391 8286 2214 7030 6647 7004 3928 6134 924 1463 2191 5525 178 7491
 8699 1391 6389 6825 9654 9794 4012 2181 6135 5272 7082 7962 4748 2845
 2948 3436 1804 6926 2679 1681 3602 6178 2912 5925 7518 4998 7958 1112
 9385 6218 8236 2091 994 3400 1456 1280 1248 6491 6769 4581 4775 1803 3446
 4967 5609 7453 6017 2807 5658 9666 974 5029 6326 1909 5309 4574 4520 4921
 1993 1868 411 4808 9059 1145 5815 4051 9237 8598 5318 4411 518 734 3218
 3251 7267 8840 3494 1858 3346 1746 4550 9191 6574 8300 2755 8848 8326 725
 6111 802 2293 6382 2910 1480 2114 9704 3107 143 2422 1908 8296 6848 7313
 1850 7785 9369 7 1056 4700 705 9940 5098 7935 1662 2219 6109 4355 3724
 4951 5718 4238 3306 7145 6912 621 5582 7188 8115 6232 2159 5234 4499 9082
 6440 9957 2276 9061 188 2923 1736 1346 9930 5600 1693 3980 3220 1612 2606
 9823 6535 3429 7861 1166 1905 5617 9665 421 4409 5825 4864 5388 4504 1304
 9819 7235 3415 3342 7760 8271 7524 870 7257 6299 6237 7536 303 3455 4786
 5870 1070 7310 7112 1227 8672 5148 774 42 4516 9842 4586 5187 9034 7330
 8753 4605 7611 2059 7399 4718 2394 7015 4614 1813 9048 9593 3485 256 9349
 3456 2044 6125 5516 5956 9734 7401 4307 3358 3414 3181 2166 2762 5277
 1837 7572 8847 2585]
[948 1100 5305 9810 3084 2675 5274 5369 8553 675 6876 275 9750 1581 4729
 8480 3571 387 7952 2132 3513 356 4137 1138 5872 9923 7443 2032 4066 4750
 5324 9967 8212 8815 1422 1950 5088 6242 418 8370 3264 214 5200 9753 3297
 6842 1494 2172 2841 6637 2810 6590 9417 5030 1779 1576 9316 2362 1933
 6165 3391 6765 2214 5459 4917 7030 6647 7004 3928 6134 924 1463 5525 178
 7491 8699 1391 7723 6389 6825 9654 368 9794 4012 2181 6135 1399 5272 7082
 1479 7962 4748 2845 3436 6926 2752 2679 1681 3602 6178 9587 3735 2912
 4217 878 5925 3097 7518 4998 7958 1042 1112 9385 8236 2091 994 3400 1456
 5794 1280 1248 6986 6163 6491 6769 5982 7802 4581 2785 68 6298 9755 4967
 4615 5609 9294 7453 6017 9919 7588 2535 2807 4632 9666 4861 8069 9694
 5029 3343 6452 9657 4352 6326 1909 5309 4574 5102 4520 2213 7161 4921
 7446 9121 1993 1868 4094 4843 4447 9059 9237 5318 4264 4411 3366 518 734
 3251 33 3808 1339 8840 3494 4926 4097 8440 1442 1858 3346 1552 724 3013
 6899 3653 4550 9191 6574 8300 2978 8231 9609 8261 1862 5506 8939 5330 802
 1790 2293 4537 2910 3107 7711 2422 8296 6848 7439 3408 8200 8410 9369
 9467 1056 4700 2273 2774 5134 8580 1765 9454 6109 6122 1178 4951 4238
 2386 2038 1607 5890 1538 6232 7673 3019 5458 3324 8691 5547 799 188 926
 332 3683 8242 1612 2606 4730 4476 9790 6535 7861 1040 7285 5617 8752 4826
 9665 9742 421 4409 8494 7970 5634 7314 8973 9791 3113 5350 9370 7685 3806
 7559 3135 5388 4504 6444 2961 6237 646 771 8672 4516 3696 8193 8276 2737
 2814 6349 4282 6952 5401 2663]
