Fault List:
55
53
49
47
47
52
43
55
56
51
45
50
52
52
52
49
52
48
57
52
46
47
48
55
51
53
57
46
59
48
FDR List:
0.55
0.53
0.49
0.47
0.47
0.52
0.43
0.55
0.56
0.51
0.45
0.5
0.52
0.52
0.52
0.49
0.52
0.48
0.57
0.52
0.46
0.47
0.48
0.55
0.51
0.53
0.57
0.46
0.59
0.48
Time List:
87.832270860672
88.76819682121277
90.05525135993958
89.94459700584412
89.59836888313293
90.5910632610321
84.72728085517883
87.83426690101624
87.78463697433472
88.78335690498352
87.89646697044373
88.88800382614136
87.71044421195984
88.60561895370483
88.28312301635742
87.70814418792725
88.83464980125427
75.60725402832031
73.25129961967468
83.67102980613708
87.97955083847046
87.45437288284302
89.30988216400146
86.44570994377136
87.73572516441345
87.95917582511902
88.46052598953247
88.41729283332825
89.7453670501709
88.77779984474182
Subset List:
[948 1100 5305 9810 3084 2675 5369 675 6876 275 4729 8480 7952 2132 3513
 356 4137 1138 9923 2509 7443 2032 4750 9967 5088 4547 4548 6242 8370 3264
 214 5200 9753 6842 1494 5932 2841 7632 5030 1779 9316 4565 3391 8286 6765
 4917 6134 924 5525 178 8699 7723 6389 9654 368 2181 6135 5272 1479 7962
 2845 1804 2679 6178 4217 878 3097 7518 4998 7958 1112 6218 6491 6514 6769
 9755 4938 4632 974 9274 6326 2213 9059 1823 5959 734 3251 8840 2978 5752
 6206 5330 2293 237 2114 7224 1538 7675 9767 7918]
[948 5305 3084 2675 5369 8553 675 6876 275 9750 3571 387 7952 2132 3513
 9923 7443 4750 5324 8212 1453 8815 5088 418 8370 214 9753 3297 433 6842
 5932 2810 9417 5030 6165 8286 6765 5459 6647 7004 924 6389 6825 9654 368
 1399 5272 7082 7962 2948 1804 2752 3097 7518 1248 6514 6769 7802 4581
 4775 9274 1868 4051 5318 3251 3346 1552 6899 2978 9609 2755 5330 5700
 4537 2114 7224 1908 8296 5098 3724 3306 6912 621 1538 5458 4947 8996 4499
 9253 6640 5991 6786 817 4826 9742 5825 4963 9791 197 5558]
[948 1100 5305 3084 2675 5274 8553 675 275 9750 1167 1581 4729 6705 387
 356 5872 9923 2509 4750 9967 8212 1453 8815 1422 1950 4547 6242 418 8370
 214 5200 9753 1429 433 2841 6637 6590 7632 5030 1779 2362 1933 4565 8286
 6765 2214 5459 4917 7030 7004 6134 1463 5525 8699 1391 7723 9654 368 2181
 6135 2845 2948 3436 2752 2679 5925 3097 7518 1042 1112 994 1280 6514 7802
 6298 4632 9274 9657 4520 7161 8598 3366 8840 1442 1858 724 3013 6859 4550
 5979 3724 6380 3306 3614 6912 1607 1947 6232 3063]
[948 1100 5305 9810 3084 2675 5369 8553 675 6876 9750 1167 1581 3571 6705
 387 7952 2132 3513 356 1138 5872 9923 2509 2032 4750 5324 8212 1453 1422
 5088 4547 6242 418 8370 214 9753 3297 1429 6842 1494 2172 2810 7632 9417
 1933 4565 7989 6765 5459 4917 7030 7004 6134 924 5525 178 8699 7723 6389
 6825 9654 368 5272 8014 4748 2948 1804 2752 3602 9587 4217 878 3097 9385
 8236 9514 68 1993 4843 9059 370 5815 9237 8598 3366 518 8840 4926 1858
 3346 1552 2251 3013 6859 9191 6574 8296 5718 8256]
[3084 1042 8212 6165 9753 3097 7716 4137 7723 8236 2091 2606 8242 9794
 6218 1612 1100 9810 2132 1112 8286 9316 6765 8815 1138 2675 4217 2191
 6135 5274 1693 1181 675 2213 2729 6825 9385 8370 5305 6842 5309 3264 9923
 9417 214 7398 9967 5872 1779 6389 5369 2810 1804 6926 7952 275 7443 7958
 7962 2845 5925 4917 7491 1353 1868 845 356 8553 878 1399 387 9093 6535
 1933 1429 5525 924 926 1950 418 5029 5030 426 4012 1453 433 948 9654 6590
 4547 7632 1494 5088 2535 6637 6640 3571 6134 6647 9520]
[948 1100 5305 9810 2675 5274 5369 8553 675 6876 275 9750 1167 4729 8480
 3571 387 7952 2132 3513 356 1138 9923 2032 4066 5324 8212 1453 5088 4547
 8370 3264 3297 1429 1494 5932 2841 2810 6590 7632 9316 1933 3391 2214
 7030 6647 6134 1463 2191 8699 6389 6825 368 9794 2181 7082 1479 7962 2948
 6926 1681 3602 6178 3735 2912 4217 3097 7518 1042 1112 6218 8236 994 3400
 9231 1248 6491 6514 5982 4581 4775 1803 9755 9919 5658 974 3343 9657 8840
 6859 2978 6378 20 9160 6111 2957 802 9774 237 1480]
[948 1100 5305 2675 5274 8553 675 9923 878 3097 7518 1112 994 4581 7588
 3892 2807 974 6452 6326 3682 7161 3514 9059 9237 8598 3366 3251 3494 1858
 3346 1552 2251 6859 3653 2978 2205 933 802 5700 2910 1480 2114 3107 7224
 7785 2273 5098 5134 6234 9454 5718 6631 3306 6985 1538 8115 5838 7673
 4135 332 3654 7712 8242 9253 4552 8102 421 9370 5388 8869 6133 3962 8241
 8271 6444 565 7017 4786 9145 8677 1070 1227 8193 2737 5905 7007 9777 8511
 5053 9707 1299 8002 7387 1685 189 4630 1438 8824 1965]
[3084 6163 8212 9753 9755 6178 4137 7723 2091 6705 9794 68 6218 1100 9294
 5200 9810 2132 8286 6242 6765 8815 6769 1138 2675 4729 4750 1167 1681
 5272 5274 6298 675 9385 178 6842 3264 9923 5324 214 6876 3297 9967 2810
 1280 6926 7952 7443 2841 7453 8480 5925 5932 7989 4917 2362 3391 7491
 8014 3928 7004 356 8553 368 6514 9587 7030 3446 6017 387 2948 4998 1422
 1429 5525 924 1950 418 4012 1456 948 9654 1463 3513 4547 1479 2509 7632
 9694 4066 2535 5609 6637 2032 3571 6134 6647 8699 9981 1749]
[948 1100 9810 5274 8553 275 9750 1167 4729 8480 3571 387 7952 3513 4137
 5872 9923 2509 2032 8212 1453 1422 4548 8370 3264 214 9753 3297 1429 433
 6842 2172 2841 6637 2810 6590 9417 5030 1576 9316 4565 7989 3391 8286
 2214 7004 6134 924 5525 8699 1391 6389 6825 4012 9274 8656 4574 2213 4921
 4843 3514 9059 1823 370 4051 8598 734 3251 7267 4097 1442 1552 2251 3653
 9191 2855 2205 8261 6378 2755 8848 933 6111 427 7654 2957 237 2910 2114
 6466 8886 2219 6142 3306 6912 5582 3174 1129 2923 3373]
[3084 9231 9753 9755 33 8231 7723 1581 9274 9794 3653 1100 9810 2132 5718
 7785 1138 4729 2181 1157 4748 2191 5274 6298 675 4264 6825 3251 5309 3264
 9923 724 6876 734 2785 9454 9967 5369 2810 1280 4355 3343 7952 7443 7958
 7446 2841 802 5925 5932 7989 4917 4921 3391 1858 7491 8014 3928 2910 2912
 356 8553 1391 368 370 9587 1908 1399 387 2948 1933 1422 8598 411 924 5532
 418 2978 5030 4520 4012 6574 1456 433 948 9654 1463 3514 6590 4547 3013
 4550 7632 4574 4066 994 483 7654 4094 8688]
[948 1100 5305 9810 2675 675 8480 2132 1138 9923 2509 7443 2032 5324 4547
 6242 8370 5200 3297 433 5932 2841 2810 2362 4565 7004 6134 2191 5525 8699
 7723 6389 6825 9654 9794 1399 5272 3735 7518 1112 9919 2535 9274 9126
 4574 1868 4843 9059 4097 724 6859 9191 9190 2910 1480 1908 1501 3408 1056
 9940 5134 4355 1538 6232 995 7673 3324 9250 188 5600 8242 9790 4552 4660
 5617 3618 4963 7717 5817 7747 5273 7628 549 9625 8672 5115 5905 4147 1172
 5479 1241 9067 4423 1126 5719 4924 1051 4561 5460 8048]
[4097 4615 3084 9750 4632 5658 7723 1581 9274 9794 68 8261 1100 5200 9810
 8286 6242 9316 6765 1138 2675 2679 4217 4729 8840 5272 5274 5794 2214
 4775 6825 9385 8370 3251 5305 5309 9923 5318 6859 5324 1746 214 6876 4843
 5872 6389 2807 2810 6926 7952 275 7443 2841 8480 3366 9514 7989 4917 1339
 6986 4938 3928 7004 8553 878 1391 6514 9587 3446 9609 1933 1429 411 924
 2978 7588 5030 6574 433 948 9654 3513 6590 1479 2509 974 7632 4565 1494
 9694 4574 5088 483 4581 9190 5609 6637 2032 6134 5767]
[948 1100 5305 3084 2675 5274 5369 8553 675 6876 275 9750 1167 4729 3571
 387 7952 2132 3513 356 4137 5872 9923 2509 2032 5324 9967 8212 1453 8815
 1950 5088 4547 3264 214 5200 1429 433 6842 1494 2172 2841 6637 2810 6590
 2362 4565 7989 3928 5525 178 1391 9654 9794 2181 5272 7082 7962 8014 2948
 2752 2679 6178 9587 3735 2912 4217 3097 1042 6218 8236 994 3400 1280 1803
 3446 6298 9755 5609 9919 4632 7267 1339 8840 1858 9191 6574 2855 2978
 8231 6206 5506 5559 20 8848 933 427 7654 2957 1607]
[948 1100 5305 9810 3084 2675 8553 675 6876 275 4729 8480 3571 6705 387
 7952 2132 356 5872 9923 2509 7443 4066 4750 5324 8212 1453 8815 5088 6242
 8370 3264 214 3297 6842 1494 2841 6637 2810 6590 9417 5030 1576 9316 1933
 4565 8286 5459 7004 5525 7491 7723 6825 9654 2181 1399 1479 2845 1681
 4217 878 7518 7958 9385 6218 3400 1280 6986 6769 7802 4581 3446 9755 5609
 7453 7588 2535 3892 2807 4632 8069 974 5029 9274 6326 1909 9126 4574 8386
 4921 9121 1868 3514 9059 483 9237 2568 5416 7401 4307]
[2910 1480 2286 8296 3408 1074 7785 5098 8131 2236 9930 332 3220 9253 1612
 4730 9790 1100 9810 3084 2675 5274 8553 675 6876 275 4729 8480 3571 387
 4137 1138 4066 5324 8815 1422 1950 5088 4547 6242 418 8370 3297 1429 6842
 6590 1779 1576 4565 7989 2214 5459 4917 7030 7004 3928 6134 924 5525 7491
 8699 1391 6389 6825 9794 2181 1399 1479 2679 4998 1112 6218 5794 6514
 6769 9514 4862 2785 6298 2807 4632 9274 3343 9657 1909 9126 4520 8386
 1868 4447 8598 4411 518 3251 33 1339 8840 4097 2855 6206]
[948 1100 5305 3084 2675 5274 5369 8553 675 275 4729 3571 6705 387 7952
 2132 3513 4137 9923 2509 4066 4750 8212 1453 8815 1950 5088 4548 418 3264
 214 5200 9753 3297 6842 1494 5932 2841 2810 6590 9417 5030 1779 2362 6165
 4565 7989 6765 2214 7004 6134 924 1463 5525 178 7723 368 4012 2181 6135
 1399 2845 2948 3436 6926 8589 2957 1480 2114 9704 2286 1074 9467 2219
 1178 5718 6380 1538 1947 7673 3019 9693 7916 4646 15 1129 95 1736 5600
 1353 8854 8242 2606 4730 7398 4552 8494 5634 9370 7033]
[9274 9657 8656 5309 1181 4843 8598 3366 3251 2293 6382 237 2286 1501 1074
 9369 5098 5134 2219 4355 5718 6912 8112 1538 4135 948 1100 5305 9810 3084
 2675 5274 5369 8553 675 6876 275 9750 1581 3571 7952 3513 4137 1138 9923
 7443 4750 9967 8212 1453 1422 1950 5088 4547 8370 3264 214 3297 433 1494
 5932 6590 9316 8286 6765 2214 4917 6647 7004 6134 924 1463 5525 7491 6389
 6825 4012 2181 1399 5272 7082 1479 8014 4748 2948 3436 1804 6926 2752
 9587 878 5925 7518 4998 7958 1248 6986 6491 7802 4581]
[948 1100 9810 3084 8553 675 6876 275 9750 1167 1581 8480 387 356 4137
 1138 9923 2032 4066 4750 5324 8212 5088 418 8370 9753 3297 433 6842 1494
 5932 2172 2810 6590 7632 9417 5030 1779 1576 1933 6165 4565 8286 6765
 2214 5459 4917 7030 7004 3928 6134 2191 5525 178 7491 8699 6389 9654 368
 9794 4012 1399 5272 7082 2679 6178 2912 878 5925 7958 1042 9385 6218 8236
 2091 6986 6491 5982 7802 4862 2785 2660 4938 9294 7453 8386 4921 1993
 4094 9059 5815 9237 3366 3494 1858 724 2251 6899 4550 2978]
[948 1100 5305 9810 2675 5274 5369 8553 6876 9750 1167 8480 3571 387 7952
 2132 356 4137 1138 5872 9923 7443 2032 4066 4750 8212 8815 1422 1950 5088
 4547 4548 8370 3264 5200 3297 1429 433 6842 5932 2172 6637 6590 5030 1779
 9316 1933 6165 7989 3391 8286 6765 2214 5459 4917 7030 6647 7004 924 1463
 178 7491 7723 6389 4012 2181 6135 1399 7082 1479 7962 8014 2845 2948 2752
 3735 2912 3097 9385 6218 2091 1456 6986 6163 6514 1803 6298 9755 4938
 9274 9657 8656 3682 1993 8598 734 8840 6859 6574 4612]
[2675 5274 8553 6876 9750 1167 1581 4729 3571 6705 387 7952 356 5872 2032
 9967 8212 8815 418 3264 214 3297 1429 6842 2841 2810 5030 7989 8286 6765
 7030 7004 3928 6134 2191 5525 7491 8699 6389 6825 9654 368 2181 1479 7962
 2845 3436 2679 1681 3602 2912 7518 4998 1042 9385 6218 2091 3400 1280
 6986 6163 6491 7802 4775 9514 4862 9294 6017 7588 2535 4861 974 5029 9274
 3343 9657 1909 1868 1181 4843 4051 5318 3251 1339 8840 3494 4097 8440
 1442 724 2251 3653 8300 2978 8231 9609 20 2755 948 5305]
[948 1100 5305 3084 2675 5274 8553 675 6876 275 4729 8480 3571 387 7952
 5932 9417 4565 3391 8286 2214 5459 4917 6647 924 2191 1391 6825 9654 9794
 2181 6135 4581 9514 9755 7453 6326 4094 4843 1823 483 33 1339 1552 2251
 5134 2219 2386 3306 6912 5588 3019 7916 8996 639 15 5547 916 1739 188
 1736 926 4559 1353 4044 3821 9269 8973 5388 147 6076 4282 5187 9590 9393
 160 8817 7105 6958 7401 1088 4423 1126 8847 5719 2565 7931 8850 697 1959
 1185 2634 1623 3400 1280 6163 6491 6514 6769 5982]
[948 5305 3084 2675 5274 8553 675 275 9750 1167 1581 3571 387 7952 1138
 4066 5324 8212 8815 1950 3264 214 5200 9753 1429 433 1494 5932 2841 6637
 6590 5030 1576 9316 2362 1933 6165 4565 7989 6765 5459 7030 7004 6134 924
 1463 5525 7491 1391 6389 368 9794 2181 1399 5272 1479 7962 8014 4748 1804
 2752 3602 4217 878 5925 3097 4998 7958 1280 6986 6514 4862 3446 9755 4938
 7453 7588 2807 5658 974 5309 1868 4843 3514 1823 5318 734 8840 4097 1858
 3013 2978 725 6111 3083 427 2910 7224 8296 2008]
[948 1100 5305 9810 3084 5274 5369 675 6876 275 9750 1167 1581 4729 3571
 6705 7952 3513 4137 5872 2509 1422 214 1429 433 6842 2810 6590 9316 1933
 4565 7989 3391 8286 2214 4917 7030 7004 6134 924 2191 7723 6389 9654 368
 9794 4012 5272 8014 4748 2845 2948 1804 2752 2679 9587 9385 1456 5982
 9514 2785 9755 2660 5609 9919 9274 6326 8386 4921 1868 411 4447 3514 9059
 1145 4051 8598 4264 3366 3726 3251 3808 1858 6899 9191 8300 2978 9609 933
 4537 1480 7224 2219 6232 3019 9693 7916 3174 3324 2163]
[948 1100 5305 2675 5274 8553 675 275 1167 4729 3571 7952 3513 4137 1138
 5872 9923 7443 2032 9967 1453 8815 1422 4547 214 3297 1429 6842 1494 2841
 5030 1933 3391 8286 2214 4917 3928 6134 2191 5525 178 8699 6825 9654 9794
 6135 8014 2948 1804 2679 1681 6178 2912 878 5925 4998 1112 3400 5794 1280
 9231 1248 6491 6769 724 6859 9609 5752 6206 8261 5506 2755 655 5330 802
 1480 3107 2286 2422 1056 5871 5098 6234 1178 2386 8072 8131 6912 1538
 1947 4135 8650 8484 1228 9503 916 2309 9930 2173 1808]
[948 1100 5305 9810 3084 5274 8553 675 275 9750 1167 1581 8480 3571 387
 2132 356 4137 1138 5872 9923 4750 5324 8212 8815 1422 1950 4548 6242 3264
 5200 3297 1494 5932 6637 2810 6590 7632 5030 2362 4565 7989 3391 6765
 2214 5459 7030 6647 7004 3928 6134 1463 2191 5525 178 8699 6389 9794 4012
 2181 1399 5272 7082 8014 2752 2679 1681 6178 3735 878 5925 1112 9385 1456
 1280 6986 6491 5982 4775 9514 4862 6298 9755 9294 2535 2807 8840 724 2586
 2855 2978 655 6111 237 2910 8296 7439 5871 8886 8618]
[948 1100 5305 9810 3084 2675 5274 5369 8553 6876 275 1167 1581 8480 3571
 2132 3513 356 1138 7443 4750 1453 8815 1422 1950 6242 418 3264 9753 3297
 1429 433 6842 5932 2841 6637 7632 9417 1576 9316 6165 7989 8286 6765 2214
 6647 924 1463 2191 5525 7491 6825 9654 368 9794 2181 1399 7082 8014 4748
 2948 6926 1681 9587 3735 5925 3097 7518 7958 994 3400 5794 1280 1248 6986
 6163 6491 6514 6769 7802 4581 9514 3446 5609 9919 2535 2807 3343 6452
 6326 7161 6899 6466 1074 8200 8410 3025 5098 5134 5218]
[948 1100 5305 9810 3084 5274 5369 8553 6876 275 9750 1167 4729 8480 3571
 387 7952 2132 4137 5872 2509 7443 2032 1453 8815 5088 4547 8370 214 5200
 9753 3297 6842 1494 5932 6637 2810 7632 1779 1576 2362 1933 6165 4565
 7989 6765 2214 5459 4917 5525 7491 1391 6389 6825 9654 9794 4012 6135
 1399 5272 8014 2845 1804 6926 2679 6178 4217 878 7518 4998 1112 9385 8236
 2091 3400 1456 6986 6491 6514 6769 143 2422 1501 8296 6466 2774 5979 8580
 2219 1765 1178 5718 4749 8131 3306 6912 6232 3019 4947 9250]
[4917 4550 2978 8231 1100 5305 9810 2675 5274 5369 8553 675 6876 4729 6705
 387 7952 356 4137 5872 9923 2509 2032 4066 5324 1453 8815 1422 6242 418
 8370 5200 3297 6842 2841 2810 9417 1933 8286 2214 7030 924 178 7491 7723
 6389 9794 4012 5272 7082 7962 8014 3436 6926 2752 2679 1681 3735 2912 878
 5925 3097 4998 1042 9385 6218 2091 994 1280 9231 6491 6514 4581 4862 3446
 2785 68 7453 4632 5029 3343 6452 9657 5309 2910 9704 7711 2422 7439 8410
 5871 8886 8580 2219 9454 6631 2011 4870 1538 6385]
[948 1100 9810 3084 5274 5369 8553 6876 1167 1581 4729 8480 387 2132 356
 1138 5872 9923 2509 7443 2032 4750 8212 1453 8815 1422 1950 418 8370 3264
 214 3297 1494 5932 2172 2810 6590 7632 5030 1779 1576 9316 1933 6165 7989
 3391 7004 3928 924 1463 2191 1391 7723 6825 4012 6135 1399 7082 1479 4748
 3436 1804 6926 2752 2679 6178 4217 878 5925 3097 7518 7958 6218 994 3400
 1456 9514 5658 9274 6326 1868 4843 411 9237 4411 3218 3494 2586 6859 3653
 6574 2855 2978 5506 7654 2957 802 237 2910 7224]
[948 1100 5305 9810 2675 5274 8553 675 275 7952 2132 356 1138 5872 7443
 5324 3264 5200 1429 433 6637 6590 7632 9417 1933 6165 4565 7989 7004 2191
 5525 178 8699 7723 9794 2181 1399 5272 7962 4748 2948 1804 2752 2679 1681
 3735 878 7518 4998 7958 1112 2091 1456 1280 5982 7802 1803 4862 3446 68
 9294 2535 974 9274 6452 6326 4574 4520 4094 4843 411 9059 5815 4051 9709
 3366 3218 3251 724 2978 933 3083 1937 2293 5700 9774 1480 6848 2273 2219
 2386 8131 3306 6912 621 5890 7188 7673 4135 8782]
