Fault List:
34
38
33
38
28
31
37
36
37
37
35
35
34
35
32
37
28
35
36
39
36
33
41
38
35
26
31
33
35
38
FDR List:
0.34
0.38
0.33
0.38
0.28
0.31
0.37
0.36
0.37
0.37
0.35
0.35
0.34
0.35
0.32
0.37
0.28
0.35
0.36
0.39
0.36
0.33
0.41
0.38
0.35
0.26
0.31
0.33
0.35
0.38
Time List:
74.76724004745483
81.42052912712097
79.08683109283447
80.09677386283875
73.60676097869873
72.41761207580566
73.79103684425354
76.61284494400024
89.2693738937378
89.32462501525879
89.73005294799805
88.6876630783081
89.73933005332947
89.92926692962646
88.74140691757202
88.72414016723633
89.09647798538208
89.88611388206482
89.6986517906189
89.11921715736389
89.58191418647766
89.43339705467224
88.93872690200806
88.10885000228882
89.62807393074036
88.405100107193
90.00383114814758
88.94773030281067
89.59639286994934
90.11088705062866
Subset List:
[1029 3451 5148 8156 2573 9059 4056 2842 5482 8005 4142 66 8204 9306 3765
 6993 3626 7002 6065 3973 6314 7855 9095 5249 2189 9071 2476 3829 6797 930
 3103 4104 7948 1833 7109 890 476 8949 3535 9157 1254 7196 9251 4711 3955
 2106 6547 2798 2245 9991 3282 7376 9916 2741 8070 5510 1280 1846 4756
 5270 9342 4500 7971 2202 3481 4394 2820 6679 8658 8054 5546 7821 5188
 9969 1852 4355 9928 2136 6168 8275 7267 5173 7510 7952 2997 8718 6994
 8591 5037 2884 2814 9348 2588 9276 1388 6331 3187 697 1922 6596]
[3451 5148 8156 1455 2573 9059 4056 2842 8005 66 7800 6689 8204 8708 7769
 3626 3554 9366 7002 6065 9095 5249 2189 9071 2476 569 5382 9449 3829 930
 4104 7948 1833 7109 890 2181 476 8949 3535 9157 1254 3608 4711 9791 2162
 635 3955 6547 2798 8324 3282 8070 5510 5592 2455 9636 8801 5610 1280 5197
 4500 7971 7587 6752 2820 5561 3370 5546 9795 2279 3534 9928 6067 8826 320
 529 8591 7625 2503 1174 6363 8476 9276 1388 4018 2841 3109 3187 192 1650
 6025 9237 4071 4564 5820 1822 3241 595 405 2522]
[8300 9935 6745 1334 9512 3401 9673 2903 9661 1029 3451 5148 8156 1455
 2573 2842 5482 8005 7800 8204 9306 7769 9366 7002 6065 3973 6314 7855
 9071 569 5382 9449 3829 6797 4104 7526 1833 2181 476 1339 7196 3608 9791
 2162 635 3955 2798 2245 9991 6474 8070 5510 5592 9636 2311 8717 4462 5718
 6248 2900 1051 5610 6715 5121 9114 4152 5840 7971 2202 3484 8454 6752
 4394 9913 5561 1524 2884 2503 1174 6363 8476 3436 2841 2398 3187 3081
 9040 6809 2382 283 6990 3365 213 4336 5023 6760 3479 6 2079 5786]
[8708 1029 5128 4106 8204 8717 5133 1557 9237 3608 6168 1051 5148 6689
 9251 3109 4142 4148 9276 9791 66 5189 5710 9306 6752 9313 8801 7800 4217
 8826 9342 5251 8324 2181 9859 6801 4756 9366 2202 9380 7855 1207 9916
 5825 7376 3282 1234 1254 9449 2798 8949 2820 8454 5395 2841 2842 6942
 1833 2860 6964 1852 320 8005 2900 9050 5482 3436 4462 9071 1394 3451 1922
 8070 9095 2444 413 2979 9636 2476 5037 4526 1455 6067 2997 4539 5053 9157
 7625 4564 5592 4056 8156 476 3554 4071 5610 1527 5816 1705 4916]
[3224 6387 2755 2521 7398 3205 7024 2615 342 6094 4705 1207 5977 3451 8156
 1455 2573 9059 2842 8204 3765 7769 6314 7855 5249 2189 9071 2476 3829 930
 7948 2181 476 3608 9791 635 2106 4842 9991 6474 3282 7376 5589 9636 5718
 6248 5610 6132 1280 4756 406 5270 9342 8454 4784 6752 4394 4526 9846 3809
 6997 8054 6649 4907 5188 1852 6067 665 9662 320 1251 1388 4539 9033 2841
 2398 3187 9040 1922 9237 4071 1974 3491 1586 4564 1822 7551 6721 9548
 8727 5575 2359 6832 3983 9632 3132 3606 1731 419 213]
[1029 3451 66 3765 7769 6993 7002 6065 6314 7855 5249 2476 5382 9449 3829
 3103 4104 3608 3282 5189 1051 6715 5966 2979 5121 1557 3342 2202 3481
 8658 6649 5561 6591 6654 9307 6112 9358 8999 5604 8111 6488 6335 4859
 1747 8754 4823 43 4275 2828 3284 5119 8758 2529 1107 6658 5904 9191 5952
 4568 3866 6023 4404 1074 1483 4782 1496 3796 6147 2988 4143 5672 8618
 7673 1686 21 8568 6522 2269 2160 1014 7554 3097 2981 3529 6035 61 9500
 785 8995 6612 4654 4939 3520 9136 385 592 1727 5384 8953 4474]
[5121 1029 5128 4104 8204 1557 3608 5148 7196 3103 6689 9251 3626 4142
 5173 569 6715 9791 66 5188 5189 4167 5197 5718 4187 6752 9313 4711 6248
 2162 7800 2688 5249 9856 5251 9348 2181 2182 9859 1671 6797 4756 6314
 7855 3765 2741 9916 5840 3282 1251 1254 2279 4839 2798 3829 8949 5382
 9991 7948 7442 2841 2842 5918 1833 3370 1846 8005 6474 5966 6993 2900
 6997 7002 9059 7526 5482 9071 890 3451 8070 9095 5510 8591 6547 4500 2455
 7583 9636 1455 6065 4539 7103 5568 7109 8141 4564 5589 5592 476 5241]
[3609 255 4564 5710 9425 7026 6356 2359 4251 6832 4674 3774 6231 5899 1029
 3451 5148 8156 4056 2842 8005 4142 8204 7769 9366 7002 5249 2189 569 5382
 9449 3829 6797 930 476 8949 1254 7196 3608 2162 6547 2798 9991 6474 4187
 3282 2741 8070 5510 5589 5592 9636 5189 2311 5251 8801 8717 3322 5718
 6248 7583 1051 9859 6132 963 1557 4152 8454 7821 5188 5393 7103 8275 7510
 9298 7442 7625 9146 2503 2021 2814 3311 2588 1388 9033 3187 1957 1974
 6596 2860 6721 8259 3953 2150 7664 3639 3167 3224 3429 6618]
[1029 3451 5148 1455 4056 2842 8005 66 6689 8204 8708 3765 6314 9095 2476
 9449 6797 3103 2181 476 3608 9251 4842 9991 3282 7376 8070 5510 5589 9636
 5189 8717 5718 6248 9859 5610 6715 6491 4106 1557 4152 5840 4500 3484
 1662 2688 5188 9969 7945 1185 9928 6168 7595 7985 9298 2997 8718 7442 320
 8591 9146 2347 3311 1312 6906 8429 3109 9040 4564 6832 3669 9067 6379
 3953 4289 5015 42 2079 8303 1350 5230 3310 4436 8988 8445 1288 1230 1422
 6594 979 3261 2390 7979 5708 1447 7789 672 7702 2634 5730]
[1029 3451 8156 1455 2573 9059 4056 2842 8005 4142 7800 6689 8204 8708
 9306 3765 7769 6993 3626 3554 9366 7002 3973 6314 9095 5249 2189 9071
 2476 569 5382 930 3103 4104 7526 1833 7109 890 2181 476 8949 3535 9157
 9251 9791 635 3955 2106 6547 2798 2245 4842 6474 3282 9916 2741 5510 5589
 5592 9636 5189 2311 4462 6248 7583 2182 5610 6132 1930 6715 6491 6801
 4106 1557 4148 1846 9114 5840 4796 7971 3940 2202 1662 4217 6752 4394
 1124 8054 5546 4907 2688 9969 1852 8275 9263 6294 3706 6733 4719 6807]
[3451 5148 8156 1455 4056 2842 8005 4142 6689 8204 8708 3626 3554 7002
 3973 6314 5249 2476 3829 3103 2181 3535 3608 9251 4187 3282 8070 5510
 9636 8717 6801 4756 5270 5840 3342 7998 3655 7971 3484 4028 3519 4217
 4394 2820 9913 8054 6294 2884 6561 1312 2841 3187 413 3081 1650 5167 9237
 4031 1586 4564 1822 5583 3988 6356 5241 2878 2359 6809 907 6832 3265 3416
 5484 213 3953 4336 948 1043 4817 7895 851 3479 3429 7509 6452 7398 779
 2772 4138 1861 4643 5964 4742 9904 5720 7959 127 7867 875 2159]
[1029 3451 5148 1455 2573 4056 2842 5482 4142 7800 6689 8204 8708 3765
 7769 6993 3554 7002 3973 7855 9095 5249 2189 2476 5382 3829 3103 7948
 7526 1833 2181 3608 9791 635 2106 6547 2798 8324 4187 8070 5510 5589 5592
 9636 4462 5718 6248 2900 1051 9719 6801 2979 4167 5270 5840 3342 4796
 7998 3481 4028 3519 6752 4394 2820 5825 5546 9856 2688 5393 9795 4542
 2279 1852 6168 9662 9298 2997 6994 670 1312 1388 4018 2841 6293 192 697
 3081 1957 8962 255 6037 699 2359 6809 4251 8960 3983 3269 9149 3577]
[6331 9237 4071 1234 3609 255 5710 1822 6356 2878 5575 3132 9706 2973 3269
 3451 5148 8156 1455 2573 9059 2842 5482 8005 66 7800 6689 8204 8708 3765
 6993 9366 7002 6065 3973 6314 7855 9095 2189 9071 569 5382 9449 3829 6797
 930 7948 7526 1833 7109 890 2181 476 8949 3535 9157 1339 7196 3608 9251
 4711 9791 635 3955 9991 7376 9916 2741 8070 5510 5189 2311 5251 8717 7583
 2900 9719 6801 2979 5121 1280 4148 1846 4756 9114 5197 406 5270 4152 5840
 3342 3655 7971 3481 3484 5762 4217 6752 2820 7638]
[3451 5148 2573 4056 2842 66 8204 8708 9306 3765 7769 6993 3626 7002 6314
 9095 5249 2189 9071 2476 569 930 3103 7948 7526 7109 8949 3535 9157 3608
 9791 635 3955 2106 6547 2798 8324 4842 6474 4187 7376 8070 5510 5589 2311
 5251 8717 3322 4462 1051 6132 9313 2979 5121 1846 5197 9342 5840 7998
 3481 1662 3519 5762 150 6752 6679 8658 6006 6649 3370 6591 5546 7821 5188
 9969 5393 4542 9165 7945 1524 7103 4355 6168 3471 8633 9298 2997 8718
 6994 320 529 5037 9348 6363 7602 2588 9276 4539 8429 3484]
[1029 5148 1455 9059 4056 2842 5482 8005 66 7800 6689 8204 8708 3765 7769
 3626 9366 7002 3973 6314 7855 9095 2189 9071 2476 569 5382 9449 930 3103
 4104 7948 7526 7109 2181 8949 9157 3608 9251 9791 2798 8324 9991 5510
 8801 2900 6132 5568 1846 3481 4028 4784 7587 4217 6752 4526 6679 6006
 6591 7821 4907 2279 1852 1524 6168 6067 5918 7267 3471 4751 4486 665 7510
 2997 7442 1251 320 8591 7625 2503 2021 5967 3311 607 8429 2841 6331 6596
 2331 4905 6809 6832 9349 9661 2467 2016 1927 9179 9692 2219]
[1029 5148 8156 1455 9059 2842 8005 8204 8708 3765 7769 6993 9366 7002
 6065 6314 9095 5249 569 5382 930 3103 7948 890 2181 476 8949 9157 3608
 635 9991 3282 8070 2455 5189 8801 8717 4462 6248 7583 2182 2900 1051 6132
 963 1280 1846 5197 4152 9342 4796 9235 4526 6679 3809 7638 6006 5546 5188
 7976 2279 3706 7510 7985 7625 9146 3436 6906 2841 697 6025 8317 2860 5710
 6957 2252 5575 6809 907 6832 8960 3669 6990 3277 5113 7646 213 8969 7664
 2079 3429 7509 3532 6452 2755 2521 608 7024 2615 6270]
[1029 8204 9741 8208 17 8720 9237 6168 8728 6170 3103 4129 546 2595 3109
 4142 8754 5685 7225 4157 66 3658 1098 9804 6230 2138 623 3187 2688 9375
 9896 3760 6832 3765 8891 6331 1736 9928 2256 724 3284 8406 2261 6360 6362
 1243 6881 4326 2279 5885 2817 5382 5904 5393 3859 2841 2842 8486 6953
 2352 4404 6970 8515 8022 2906 7002 870 7022 9071 9075 6003 4471 8059 893
 6526 8580 3983 3988 7062 5531 3487 930 6052 1957 2477 7613 7103 6596 7109
 1483 8156 3038 1504 8672 1527 8001 4707 7366 4394 1557]
[1029 5148 8156 1455 2573 4056 2842 5482 8005 4142 66 6689 8204 9306 3765
 7769 6993 3626 3554 9366 7002 6065 3973 9095 5249 9071 569 5382 9449 6797
 4104 7526 7109 2181 476 8949 3535 1254 1339 7196 4711 9791 2162 635 2106
 8324 9991 6474 4187 2741 5592 2455 8717 4462 6248 2182 1051 6715 5966
 6491 9313 6801 2979 5121 963 1557 4148 1846 406 5270 9342 5840 3655 7971
 3481 8454 4028 150 6752 4394 2820 9846 8658 8054 5774 4907 5188 2279 1852
 7103 1394 2136 4922 9263 3471 4973 8196 7818 5727 2063]
[6994 2021 2814 9348 2588 4539 2841 1243 1957 1586 4564 5820 1822 8377
 6927 3983 9706 3038 9750 3416 6990 9067 8969 1509 1043 6008 9438 6760
 7013 558 5786 6452 956 3779 2920 2521 2817 623 8486 6488 2280 4823 1029
 3451 5148 8156 1455 2573 9059 4056 8005 4142 66 8204 8708 9306 3765 7769
 9366 7002 3973 7855 9095 5249 2189 9071 569 5382 9449 3829 6797 930 3103
 7948 7526 1833 7109 890 2181 476 3535 1339 3608 4711 635 6547 2245 8324
 4842 3282 5510 5189 2311 5251 8801 4462 5718 9859 1930 6715]
[1249 7024 7962 1130 342 9227 7445 8384 5285 3116 7243 9487 3774 1277 2903
 5634 268 8688 4092 7761 8465 6230 7167 7980 8086 6286 8903 8048 5943 4646
 3760 3019 2906 9358 3451 5148 8156 1455 2573 4056 8005 4142 7800 6689
 8204 8708 9306 3765 7769 6993 3554 7002 6065 3973 6314 7855 9095 5249
 2189 9071 2476 569 6797 930 4104 1833 7109 2181 9157 9251 9791 635 3955
 2106 4842 9991 3282 8070 5510 5592 2455 9636 5189 5251 8801 8717 5718
 1051 5610 6801 2979 5568 4106 1557 4148 9114 5197 406 4152 9342]
[3451 5148 8156 1455 5482 4142 8204 3765 7769 6993 3554 9366 7002 6065
 9095 5249 9071 2476 569 5382 9449 4104 890 2181 476 3535 3608 9251 4711
 9791 9991 6474 3282 5589 5592 9636 5251 8801 8717 3322 4462 7583 1051
 5966 9313 6801 1557 1280 4148 1846 4756 4152 3940 8454 5762 4394 2820
 1671 6679 5188 9969 4542 1852 661 1185 7103 4355 9928 6067 4486 7510 7595
 7985 9298 8718 6994 529 7625 2503 607 8476 2588 4564 976 1822 6037 8727
 9443 6809 9149 3669 3416 4418 9067 3198 7314 6299 2086 9438 5925]
[1029 3451 5148 8156 1455 2573 9059 4056 2842 5482 66 7800 8204 8708 9306
 3765 7769 6993 9366 7002 6065 7855 9095 5249 9071 2476 5382 3829 6797 930
 4104 1833 2181 476 9157 1339 4711 2162 635 3804 9991 3282 9916 2741 5589
 9636 5189 2311 4462 7583 2900 1051 5610 5966 6491 6801 963 1557 4148 1846
 4756 9114 5197 406 3342 7998 3655 7971 3484 5762 9235 6752 4526 3809 8658
 8610 5546 5188 5128 5393 9165 6168 6067 5918 4922 7442 2588 9237 6596 976
 7551 9425 6832 3038 2973 9149 6990 4658 3365 3674]
[1029 3451 5148 8156 1455 2573 9059 4056 2842 5482 8005 66 7800 6689 8204
 9306 3765 3626 6314 9095 5249 2189 9071 5382 9449 3829 6797 3103 4104
 7526 476 8949 7196 3608 9251 4711 2162 635 3955 6547 2245 9991 6474 4187
 8070 5510 5589 5592 9636 5251 6248 7583 1051 5610 1930 6715 6801 4106 963
 4148 1846 9114 5270 9342 5840 4500 3342 7971 2202 1662 4784 150 9235 2820
 1671 5546 5774 2688 5188 2279 3534 6168 4922 4751 51 8334 3706 8826 9662
 7985 9298 320 8591 3436 4018 6293 413 4817 6760 9053]
[8156 1455 2573 4056 5482 66 7800 8204 8708 9306 3765 7769 3626 7002 6065
 6314 7855 9095 2189 569 9449 3829 6797 930 3103 7948 1833 7109 2181 8949
 3535 7196 3608 9251 2162 3955 2798 8324 4842 9991 6474 3282 2741 5510
 9636 4462 7583 1051 6132 1930 9313 6801 1557 4148 1846 4756 406 4152 9342
 5840 4500 3342 4028 4784 4217 9235 6752 2820 7821 2688 9969 5393 9165
 7945 7103 6168 5918 8334 7510 6994 7625 2503 9348 4539 192 413 3081 1650
 1974 547 3704 1695 8485 5634 6163 9087 4138 4960 4092 9480]
[4394 3809 6006 8054 9795 2279 6294 320 1621 1388 536 1207 3774 8041 7981
 2617 3747 2008 2671 547 1695 2903 5634 268 6799 6163 8688 6230 8640 2219
 4742 1158 4763 127 2580 5685 565 5192 2906 4878 2817 623 8406 9614 6488
 1029 3451 5148 8156 1455 2573 9059 4056 2842 5482 8005 7800 6689 8204
 8708 9306 3765 7769 6993 3626 3554 7855 9095 5249 2189 9071 2476 569 5382
 3829 6797 930 7526 2181 8949 9157 7196 3608 3955 2798 4187 9636 5189 8717
 6248 1051 9859 9719 4167 5840 4500 3342 4796 7998 7971]
[8204 3765 7002 6314 2476 6797 3103 2181 8949 3535 1254 3608 9791 2245
 4842 8070 5510 5592 5189 3322 6248 2900 6168 7267 6994 8591 7625 5207
 3311 1388 3187 697 3081 7551 9075 2359 4251 6832 2973 3277 3953 6404 7895
 4569 7665 1622 6475 7721 793 2381 9247 9238 2429 9582 6163 5518 8678 8593
 4662 1370 4000 6762 5943 5685 6504 6488 9804 8754 4947 1074 335 6383 2609
 5681 9409 3515 1775 7807 7462 4790 9106 1578 826 678 8401 3033 2819 8780
 1832 3013 990 4032 9837 4360 4097 592 2862 1175 7403 741]
[1029 3451 8156 2573 2842 4142 66 7800 8204 9306 7769 3626 9366 7002 6065
 6314 9095 5249 2189 2476 569 5382 930 3103 1833 476 8949 9157 9251 4711
 9791 2162 635 3955 2106 2245 8324 9991 6474 4187 3282 7376 9916 8070 5510
 2455 9636 5189 5251 8717 6248 7583 1051 2979 1557 1280 4756 4784 150 9235
 6752 4394 3809 6997 1124 4433 2652 5561 9856 5188 7103 8275 8334 3706
 8591 3311 3109 6832 4674 7589 3983 1336 2236 4418 5304 3953 2150 4289
 2695 9455 42 6407 1910 2079 7323 3181 7509 956 2521 7786]
[1029 3451 8156 2573 4056 2842 5482 4142 8204 8708 9306 3765 7769 9366
 6065 3973 9095 2189 569 9449 3829 6797 930 3103 4104 7948 1833 2181 476
 8949 9157 7196 3608 9251 9791 635 2106 2798 8324 3804 9991 3282 7376 9916
 2741 8070 5510 5592 2455 9636 5189 5251 8801 8717 3322 4462 5718 6248
 2182 2900 1051 9859 6801 5568 963 5270 4500 3342 4796 6679 8054 5561 1852
 9928 8334 877 7595 2997 8591 5037 2884 2503 3311 3436 8814 2841 6331 697
 1922 1957 3609 1586 976 5820 6721 7026 5241 699 5575 2872]
[1029 3451 5148 8156 2573 4056 2842 5482 8005 4142 7800 6689 8204 3765
 7002 6314 7855 9095 2189 2476 5382 3829 6797 930 3103 7109 2181 476 8949
 3535 9157 1254 1339 7196 3608 4711 2162 3955 2106 6547 2798 9991 6474
 3282 9916 2741 8070 5510 9636 5189 5251 8801 2900 5966 6801 2979 963 1557
 1280 406 5840 7998 3484 8454 5774 5188 5128 2279 1524 7103 9928 6168 7267
 3706 8826 8633 7510 877 9298 8718 320 2884 8705 7557 4422 2841 3187 697
 1650 1822 3988 4251 8960 2236 9750 8259 6709 3805 2241 2999]
[3451 5148 8156 1455 2573 9059 4056 66 8708 9306 7769 6993 3626 9366 7002
 6065 3973 6314 7855 9095 2189 5382 9449 3829 6797 930 7948 1833 7109 890
 2181 1254 1339 7196 3608 4711 9791 2162 2106 2245 8324 4842 9991 9916
 2741 8070 5589 2455 9636 5189 5251 8717 3322 5718 2182 9859 6132 1930
 5966 9719 2979 5121 1280 1846 5197 406 5270 5840 3342 7971 3940 3481 3484
 1662 4028 7587 4217 9235 4394 4526 1671 1855 4019 2331 3988 4251 6832
 3132 1336 3953 4639 7664 3639 5015 2191 7013 1587 9143 4084 2869]
