Fault List:
73
94
93
90
43
87
91
67
87
94
95
89
94
88
77
68
68
73
65
88
96
94
94
81
87
60
67
90
96
93
FDR List:
0.5140845070422535
0.6619718309859155
0.6549295774647887
0.6338028169014085
0.3028169014084507
0.6126760563380281
0.6408450704225352
0.47183098591549294
0.6126760563380281
0.6619718309859155
0.6690140845070423
0.6267605633802817
0.6619718309859155
0.6197183098591549
0.5422535211267606
0.4788732394366197
0.4788732394366197
0.5140845070422535
0.45774647887323944
0.6197183098591549
0.676056338028169
0.6619718309859155
0.6619718309859155
0.5704225352112676
0.6126760563380281
0.4225352112676056
0.47183098591549294
0.6338028169014085
0.676056338028169
0.6549295774647887
Time List:
368.192156791687
338.8636291027069
349.27001690864563
311.70695400238037
338.33755803108215
328.74738097190857
351.1455898284912
362.1808068752289
387.08008885383606
346.7801721096039
352.71656703948975
348.3490250110626
360.44773411750793
375.7334620952606
347.67430806159973
373.42444586753845
344.8221287727356
340.519492149353
317.78803610801697
355.6259949207306
352.8199498653412
350.9505829811096
348.39128708839417
348.5749418735504
350.13551473617554
342.96123123168945
343.6855731010437
341.1883592605591
349.6673562526703
327.46723318099976
Subset List:
[9362 6807 6475 9512 9684 2438 4605 1166 8038 3456 6868 2733 3401 1892
 3332 2343 9148 1561 5257 9724 3575 9673 6531 6416 4629 8878 5634 7112 268
 9022 7441 7905 1970 9179 9032 7565 379 3572 6230 8287 2595 1028 2089 9957
 9023 4272 7980 870 2224 7303 3487 6286 5720 6593 6300 9949 6733 7823 1399
 9307 3019 3045 2690 4381 8825 2589 9358 499 4237 2817 623 279 7182 9614
 8486 9477 6566 4859 2298 2489 8972 2078 6730 7095 7720 3613 8371 2529
 7137 3617 1107 6881 9198 7890 5341 6874 9598 8059 6774 1632 7654 5088
 2477 9743 6023 4420 5530 6433 2942 1955 5210 3338 2256 6280 6258 2316
 4051 9402 4160 1543 3832 3228 7068 2651 3129 4693 5527 7880 6705 6879
 6493 2856 2516 6775 3705 8595 1669 1180 7394 6656 7129 980 4485 9031 470
 8356 1485 2310 6165 8792 1761 6894 9321 5638 3749 2946 9782 3979 8187
 3151 3580 9841 7765 5758 1171 1707 3124 1619 390 8991 6150 1134 1202 2322
 7804 8780 4303 8636 2405 6489 9137 1237 1862 7431 3562 7987 1554 6811
 4560 3030 8767 8506 1036 3053 9167 752 1570 4653 2206 6350 9164 3520 9136
 3835 8023 7954 7902 9808 4347 232 385 592 9982 1144 2862 6419 3505 5132
 4967 5711 5449 6501 8581 6176 7403 7384 9029 8248 1571 5940 1106 9464
 6060 1591 2723 5246 7295 6490 5680 1658 3786 5857 4034 2808 6480 3666
 7356 3559 4163 8078 766 3423 8364 1711 8155 6946 231 8185 2513 4474 4115
 2879 8805 7166 3061 8072 6543 8839 1029 3451 5148 8156 1455 2573 9059
 4056 2842 5482 8005 4142 7800 6689 8204 8708 9306 3765 7769 6993 3626
 3554 9366 7002 6065 3973 6314 5249 2189 9071 2476 569 5382 9449 3829 6797
 930 3103 4104 7948 1833 2181 476 8949 3535 9157 1254 1339 7196 3608 9251
 4711 2162 635 3955 2106 6547 2798 2245 8324 4842 3804 9991 6474 4187 3282
 7376 2741 8070 5510 5589 5592 2455 9636 5189 2311 5251 8801 4462 5718
 6248 7583 2900 1051 9859 5610 6132 1930 6715 5966 9719 6491 6801 2979
 5568 5121 963 1280 4148 1846 9114 4167 406 5270 9342 5840 4500 3342 4796
 3655 7971 3940 2202 3484 1662 8454 4028 3519 5762 4217 9235 6752 4394
 2820 4526 6679 7638 8658 6997 6006 8610 4433 2652 8054 5561 3370 6591
 8141 5546 5774 9856 4907 5188 9969 5128 5393 9795 4542 7976 7945 2279
 1852 661 7103 4355 2136 6067 5918 8275 7267 9263 3471 5173 4486 1826 665
 8826 7510 9298 7952 6942 2997 8718 320 529 1621 8591 5037 1251 2884 670
 7625 9146 2503 7746 2814 9348 5207 2347 1174 3311 8968 8476 7602 1312
 4100 5719 3436 1388 4539 4018 9033 6906 8429 2841 3109 192 3081 6025 1527
 3609 1586 4564 5820 5710 7551 893 6927 2331 3988 4905 7026 6356 2878 2252
 9075 699 2705 2359 6809 4674 7589]
[4100 4104 4106 8204 29 8227 2086 4142 51 4148 4152 2106 66 8259 4167 8275
 6230 2136 4187 6242 6245 2150 6248 2161 4217 8317 8323 8324 2181 2189
 8334 4237 6293 150 6294 2198 2202 4251 6299 162 6314 2219 172 8377 6331
 2236 4289 2245 2252 6356 213 6363 2279 6375 6379 2284 4336 6384 6387 255
 6400 6404 2311 6407 8465 2331 8476 283 4389 4394 2352 6452 2359 4418 4422
 6474 2381 8534 4449 4462 8558 4469 2425 379 8580 389 2440 6539 2444 8591
 6547 4500 404 2455 6558 8610 419 2467 2476 4526 2478 8633 4539 6591 6596
 8646 8649 8658 4564 4569 4570 6636 2551 2554 8708 2573 8717 8718 529 6679
 8727 2588 4639 6689 2593 2595 548 8748 4658 6709 6710 569 6715 8764 6721
 577 6728 6737 607 6752 8801 4705 8806 4711 8814 4726 8825 8826 2685 2690
 4742 2695 6797 4751 6801 2705 4756 661 4758 665 2713 670 8866 8878 6832
 689 4789 697 2755 4817 8916 2772 6868 724 2779 4839 4842 8939 2798 4852
 8949 6906 2814 8962 2820 8968 4878 6927 2841 2842 6942 2860 6957 6959
 9017 4922 6971 6969 2878 9023 2884 9033 6990 9040 6993 6994 2899 2900
 6997 7002 4956 4960 9059 4965 2918 9067 877 9075 4981 2940 893 9091 9095
 2953 907 7057 5015 2973 5023 930 2979 931 5028 5030 2986 5037 948 2997
 9146 9148 9149 963 9157 5066 971 9165 976 9171 9177 9180 3038 7134 5090
 5113 9211 7167 5121 3074 1029 5133 9235 1043 9237 1051 5148 7196 3103
 9247 9251 3109 9263 5167 5173 7221 7225 9276 3132 5188 5189 5197 7249
 9298 5207 7262 9313 7265 7267 1124 3181 3187 5241 3198 5249 9348 3205
 9350 3209 7307 7314 9362 9366 1185 7346 5304 5310 3265 3269 9416 3277
 7376 9425 3282 1234 1243 9443 1253 1254 7398 9449 3311 9455 1277 3327
 1280 3332 5382 3342 7442 9499 1312 3365 3370 1336 9537 3401 9548 7510
 3416 5470 7520 7526 5482 1388 5484 9582 1394 3451 7551 7557 5510 3471
 5531 3484 7581 3487 7584 7587 9636 3491 7589 3497 1450 7595 1455 7602
 5561 1469 9662 3519 9666 5575 3528 3532 5583 7638 5592 5597 7646 1502
 3554 5604 5605 1509 5610 9706 7664 7665 1524 1527 9719 5634 3588 5648
 1557 9750 3606 5654 7707 7711 5673 1586 1587 5685 3639 3649 9795 3655
 1621 5718 5719 7769 5734 1650 9846 7800 3706 1662 9856 5762 9859 1671
 7818 7821 5774 7822 5786 1695 1699 7845 7855 3765 9913 5825 1731 1732
 7884 9934 3804 9969 3829 3833 3839 9989 9991 7945 7948 5918 1822 1826
 1833 5929 1836 7985 1841 1846 7992 1852 7998 1855 8004 8005 1863 5966
 8035 3940 8041 3953 3955 6003 8054 6008 1922 3973 8070 6025 1930 3983
 6037 1957 6065 4018 6067 4019 1974 4031 8137 8141 6094 4056 2008 8156
 2019 2020 2021 6117 4071 8178 6132 7872 5087]
[1029 3451 5148 8156 1455 2573 9059 4056 2842 5482 8005 4142 66 7800 6689
 8204 8708 9306 7769 6993 3626 3554 9366 7002 6065 3973 6314 7855 9095
 5249 2189 9071 2476 5382 9449 3829 6797 930 3103 4104 1833 7109 890 2181
 476 8949 3535 9157 1254 1339 7196 3608 9251 4711 9791 2162 635 3955 2106
 6547 2245 4842 3804 9991 7376 9916 2741 8070 5592 2455 9636 5251 8801
 8717 3322 4462 2182 1051 9859 5610 6132 5966 9719 6491 6801 2979 5568
 4106 963 1557 1280 4148 1846 4756 9114 4167 5197 406 5270 9342 5840 4500
 3342 4796 7998 3655 7971 3940 2202 3481 3484 8454 4028 4784 3519 7587
 5762 4217 150 6752 4394 2820 4526 9846 1671 6679 3809 9913 7638 8658 6997
 1124 6006 8610 4433 2652 8054 6649 5561 3370 6591 8141 5825 4839 5546
 5774 9856 4907 2688 5188 9969 5393 9795 4542 7976 9165 7945 2279 7884
 3534 1852 661 7103 4355 9928 2136 6168 6067 5918 4922 8275 7267 9263 6294
 4751 51 5173 4486 1826 3706 665 8826 8633 7510 877 9662 7595 9050 7985
 9298 7952 6942 8718 6994 7442 320 1621 1251 2503 2021 7746 2814 9348 7557
 3311 607 6363 8968 4422 8476 6561 4100 8814 2588 9276 1388 4539 4018 8429
 2841 2398 6293 3109 1243 6331 192 3081 9040 6025 2444 1527 9237 1957 4071
 6596 1234 8317 8962 255 1586 976 4019 7551 6037 9443 9075 699 2359 907
 6832 8960 9632 3132 2440 3038 1336 2236 9160 5484 9350 4658 5113 3606
 7262 2953 419 213 7314 4639 5605 1509 2086 7382 5023 9499 6400 9303 4956
 6008 8939 4509 6959 4569 9809 2695 2191 9064 7013 3479 3167 155 5974 7393
 4153 3209 3741 1699 3568 9876 6452 8916 3779 2521 6384 5464 1249 5107
 2772 5993 2615 5927 7134 8784 8049 8569 7721 5740 9684 4605 4917 7544
 3456 6868 5012 9248 2671 3332 9517 6788 3301 5349 6117 7751 9148 7752
 9724 9765 3575 9673 4629 8878 9989 9247 1695 9238 9567 2903 2467 5634
 9022 2016 6799 6163 7584 7905 8688 8728 4960 4092 1954 7761 6971 4643
 8465 9179 9692 9032 7565 379 3572 8893 5939 8287 5964 8640 2219 3754 7822
 762 4746 4789 8593 9539 7282 6106 6375 8748 4272 7980 4373 2224 6140 1825
 7190 9904 8774 3487 8903 4763 5943 6733 1065 4665 3578 5520 6654 332 2580
 5685 7225 1399 6504 7867 8649 3019 3045 724 315 7581 7346 8999 6201 2352
 7033 577 6302 572 1335 2817 623 5399 2298 9547 6402 1747 6274 8754 6730
 43 4275 2828 4652 7095 8022 8629 1235 9981 9337 3386 3284 531 8758 4719
 1107 6658 7974 5378 9198 659 9954 6129 229 7941 2698 9005 6447 9598 8283
 5952 4568 7654 7983 3866 67 8197 1449 5816 6023 1236 8433 5442 8723 4802
 1074 5601 8417 5763 1483 5210 7916 2850 7321 2611 6381 6970 2104 3326
 9368 9841 380]
[1029 3451 5148 8156 2573 9059 4056 2842 5482 8005 4142 66 7800 6689 8204
 8708 3765 7769 6993 3626 3554 9366 7002 6065 3973 6314 7855 9095 2189
 2476 569 5382 9449 3829 6797 930 3103 4104 7948 7526 1833 7109 890 2181
 476 8949 3535 9157 1254 1339 3608 9251 9791 2162 635 3955 2106 6547 2798
 2245 8324 4842 3804 9991 4187 3282 7376 9916 2741 8070 5510 5589 5592
 2455 9636 5189 2311 5251 8801 8717 3322 4462 5718 6248 7583 2182 2900
 1051 9859 5610 6132 1930 6715 5966 9719 6491 9313 6801 2979 5568 4106
 5121 963 1557 1280 4148 1846 4756 9114 4167 5197 406 4152 9342 5840 4500
 3342 4796 3655 7971 3940 2202 3481 8454 4028 4784 3519 7587 4217 9235
 6752 4394 4526 6679 3809 7638 8658 1124 6006 8610 4433 2652 8054 6649
 3370 6591 8141 5774 9856 2688 9969 5128 5393 9795 7976 7945 2279 7884
 3534 1852 1185 4355 9928 2136 6168 9263 6294 4751 5173 3706 8633 7510
 9662 29 7985 9298 7952 1621 2884 670 7625 9146 2503 9348 5207 1174 3311
 607 6363 8968 4422 8476 6561 7602 4100 3436 2918 8814 2588 9276 1388 4539
 4018 9033 6906 2841 2398 1243 6331 3187 2444 1922 9237 1957 4071 4031
 8317 8962 4564 976 2860 1855 7551 8377 6721 893 3988 7026 9443 699 2705
 6809 4251 4674 7589 8960 9706 5531 2973 3669 3416 7249 5484 9350 9067
 3365 4639 5605 6299 7664 1509 4336 948 6400 9211 2020 9809 6760 6 5974
 3224 4153 2991 7323 558 7049 5786 3181 3720 6464 3568 9876 956 2755 2920
 5566 5597 9349 1249 7307 7398 5107 7024 2367 5993 9094 5742 3258 9797
 8039 7288 342 9227 689 7445 1066 8196 3938 3987 5172 1058 3165 2419 1493
 526 6710 9645 7555 4764 7210 3614 2123 9215 6745 3281 2629 4726 474 7070
 9351 6485 4299 6164 7665 2008 6807 6475 7544 1166 3456 2713 5012 2733
 9061 3332 9517 793 9724 3575 8425 9673 6531 547 2381 8878 3540 3356 1695
 8485 9661 2467 5284 7112 9022 9582 2507 6163 7047 7584 3967 3270 8688
 1861 1450 2124 4092 1954 7761 4411 2701 5939 8287 5964 8640 3754 4789
 8593 910 9539 7282 4662 9957 6003 5852 1370 4373 2224 921 3453 3487 6286
 8048 5720 6444 1945 6762 9329 4665 7823 8353 5520 4646 332 4088 5685 4192
 7867 3019 724 2906 7581 9171 4878 7346 7105 2589 9358 8999 5028 815 6837
 2817 623 5399 279 1842 5129 9804 4859 9028 2280 8161 8972 6274 8754 2078
 1218 5259 4275 2828 4652 7906 3974 1438 8022 8208 2138 151 9337 3284 2529
 1107 344 3047 968 8557 9954 7890 6874 6129 229 9005 8065 4131 5952 4568
 5123 7983 2477 8197 1449 1050 4437 6023 4420 6020 8433 8347 7078 3533
 1462 1483 5210 5746 8582 3139 9326 8704 9431 3504 4156 1567 5730 3364
 8356 6603 5846 4398 3186 76]
[1029 3451 5148 8156 1455 2573 9059 4056 2842 5482 8005 4142 66 6689 8204
 8708 9306 3765 7769 6993 3554 9366 7002 6065 3973 6314 7855 9095 2189
 9071 2476 569 5382 9449 3829 930 3103 4104 7948 2507 2417 4138 7905 8688
 1970 2124 4092 3026 8465 2701 9179 7845 9032 7565 379 8287 2595 7875 8645
 3578 1458 4646 6654 4192 5192 8825 2589 4237 577 2817 2280 2489 2078 43
 9954 229 9598 1606 4404 7078 8417 9225 6970 9999 6569 4782 2540 1177 6325
 5365 3598 480 2590 8611 1376 713 1224 6938 8808 5220 8567 4535 6108 1890
 7343 4549 359 801 8069 1356 4058 2639 9784 8834 1559 6420 9729 4213 6826
 4686 7842 4080 7791 3001 4194 3008 7464 2266 997 363 3466 5317 7599 737
 7222 3104 25 103 2375 9580 2065 2421 1743 3663 2636 2508 9880 1293 9571
 9297 4692 7779 6339 98 4098 2909 9930 4079 3058 5392 5925 6764 8122 9731
 2168 4632 7511 5826 9634 4292 1653 284 8530 9396 3709 307 3701 571 7548
 1080 1097 3980 5805 18 8365 6912 1926 5451 1010 3755 5704 6891 618 8926
 6982 5048 1555 9129 9615 5871 3813 3991 8520 6130 8410 5106 1975 9411
 7909 1002 1319 9670 3894 5595 3744 1477 4875 4209 8661 9511 3399 6180
 9937 8363 6035 5540 3115 5603 6707 3378 9106 4078 8130 7085 8685 8356
 6263 2877 108 9392 2310 8816 3148 7291 8995 5676 7486 9321 1985 1805 6010
 9205 580 3641 3151 678 7422 6192 1713 7765 8401 1437 3361 1707 6508 1689
 4578 6489 1114 3250 8403 4835 6498 3732 6267 1179 4560 3006 962 6315 7090
 7064 5660 7973 2206 5751 2043 5033 6438 2132 8023 7954 5348 7235 303 385
 592 8680 2339 8544 4967 5893 5359 5384 9752 772 4234 6819 6176 8975 847
 4026 9419 138 8981 904 1430 5321 4906 1170 3593 6506 3248 3863 9872 3622
 1133 8996 730 9553 6890 7152 231 6361 2513 1633 8909 8604 8426 5543 2786
 2821 8839 7704 2080 2056 6843 3677 5180 3576 1953 1472 4554 8691 4888
 6134 8843 7657 556 165 2716 884 190 4369 6170 369 8257 9081 9309 5892
 8335 1143 3300 207 542 3158 7496 5142 7670 5234 9772 6036 5574 5417 4029
 8352 5330 6046 8779 3541 8998 4493 6128 4244 1426 2744 5500 7547 4523
 1839 7197 9163 5335 2533 591 7993 8479 7929 2514 1211 6324 5328 7946 7092
 9014 9568 4089 2240 4236 7856 8934 6457 3404 6166 5902 4442 2523 2864
 9556 5528 3357 7392 254 3790 8103 7783 3222 7320 5858 5523 6839 4357 7528
 9038 3675 5191 3254 5712 7051 3412 1302 3287 6769 1037 443 4536 2402 8473
 9756 2612 4284 1694 3600 4313 6793 2394 291 4158 8451 7731 9162 175 9388
 8947 298 9557 5089 9245 9246 5305 9760 7408 6256 328 8596 1013 1774 693
 802 5506 6880 2771 9079 3085 583 2672 5402 5688 6174 8778]
[4100 4106 8204 4111 8208 8210 6168 2078 42 4140 4142 8239 4148 4152 6201
 2106 4157 66 4167 2124 8275 2136 4187 6245 2150 6248 127 8324 2189 8334
 6286 6293 6294 2202 4251 6299 6300 6302 6314 2224 4275 8371 6331 192 4289
 2245 6356 213 8406 6363 2279 6375 8425 2280 6379 8429 4336 255 4355 8454
 2311 8462 8465 2331 2343 4394 2347 6452 315 6464 4418 8515 4422 4433 8534
 6488 6491 2398 6504 4462 2417 2425 8580 4486 8591 8593 404 406 2455 410
 413 4509 419 2467 2476 4526 8633 2489 4542 6591 8640 6593 6596 8645 2503
 2507 8658 4564 6614 4570 2551 6649 4605 8705 6658 8708 2573 8717 8718
 4624 531 4629 6679 8727 2588 6685 4639 6689 4652 558 4658 8754 6709 565
 8758 569 8762 6715 572 6721 4674 584 6730 6733 6737 607 6752 8801 4711
 6762 8814 8825 2688 2695 4744 6797 4751 6801 4756 661 665 670 8866 8878
 4784 2741 6837 697 4796 8903 6881 4839 4842 4845 2798 4859 2814 2817 8968
 4878 2842 6942 4905 6953 4907 2860 6957 9004 6959 9017 4922 2878 9023
 2884 9033 9040 6993 6994 2900 6997 7002 9050 4956 2906 9059 9061 870 9064
 9067 877 9071 7026 9075 890 893 9095 7047 7049 910 5012 7062 5015 921
 9114 930 2979 937 5037 2991 2997 7095 9146 956 9149 7103 963 7109 9157
 3019 9165 976 3026 9177 985 7137 5090 994 3045 5121 1029 5128 3081 5129
 5133 9235 9237 1051 5148 7196 3103 9247 3109 1065 9263 5167 5173 7221
 7225 9276 5188 5189 5192 5197 7249 5207 9306 3167 9313 7265 7267 1124
 5228 9329 3187 5241 5249 5251 9348 9350 3209 5257 5259 1165 9358 9362
 9366 7323 3230 1185 3258 3265 1218 3270 9416 3277 9425 3282 1243 9438
 7393 1249 9443 3301 1254 7398 9449 9455 3322 1280 5382 9480 3342 5393
 1312 9512 3370 9517 1336 3386 1339 9548 7510 5470 7518 3429 5482 3436
 1388 5484 5488 1399 7544 3451 7551 3456 7557 5510 9614 3471 3476 3479
 3481 5531 3484 9632 7584 7587 9636 3491 7589 5546 7595 1450 1455 7602
 5566 7625 9675 3532 3535 5583 5589 7638 5592 3554 5605 5610 3568 1524
 3572 1527 9719 9724 5648 1557 9750 3608 3609 7721 3626 1586 1587 5689
 9791 7746 3655 7752 9804 5710 7761 1621 5720 7769 5734 1650 9846 7800
 3706 1662 9856 1671 3720 7821 5774 3741 7855 3760 3765 9913 7867 9916
 5820 1732 7883 7884 9934 5839 5840 1747 3804 3805 5852 9949 7906 9969
 9972 3829 9991 7945 7948 7952 7962 5918 1822 7971 7976 1833 7980 7985
 1841 1842 1846 5943 1852 7998 1855 8005 8009 5964 5966 5974 8049 3955
 6003 6006 8054 3967 1922 3970 3973 6025 1930 3983 3988 6037 8086 4000
 1954 1957 6065 4018 6067 4019 8116 1974 4028 4031 8137 2006 4056 2008
 6106 8156 6112 2020 2021 4071 6132 4088 3300]
[1029 3451 5148 8156 1455 2573 9059 4056 2842 5482 4142 66 7800 6689 8204
 8708 9306 3765 7769 6993 3626 3554 7002 3973 6314 7855 9095 5249 2189
 2476 9449 6797 930 3103 4104 7948 7526 1833 7109 2181 476 8949 3535 9157
 1254 1339 7196 3608 9251 4711 9791 635 3955 2106 6547 2798 2245 8324 4842
 9991 6474 4187 3282 7376 9916 2741 8070 5510 5589 5592 9636 5189 2311
 5251 8801 3322 4462 5718 6248 7583 2182 1051 9859 5610 6132 1930 9719
 6491 9313 2979 5568 4106 963 1557 1280 4148 1846 4756 9114 5270 4152 9342
 3342 7998 3655 3940 2202 3481 3484 1662 4028 4784 3519 7587 5762 4217
 9235 6752 4394 2820 9846 1671 3809 9913 7638 8658 6997 6006 8610 4433
 2652 8054 6649 5561 3370 6591 8141 4839 5546 5774 4907 2688 5188 9969
 5393 9795 4542 7976 2279 7884 3534 1852 661 1185 1524 7103 1394 4355 9928
 6168 5918 4922 8275 7267 9263 3471 4751 51 5173 4486 8334 1826 3706 665
 877 9662 7595 9050 7985 9298 7952 6363 8968 4422 5133 5719 2918 2588 9276
 2841 2398 6293 1243 6331 3187 192 697 413 9040 6025 2444 1527 1922 6596
 1234 3491 3609 8962 1586 4564 2860 5710 6957 1855 1822 6721 9548 5583
 3988 7026 9443 5241 8646 2878 9075 699 2705 8960 3132 3915 9706 5531 2973
 1336 2236 3269 9149 3669 8558 283 4418 3277 9972 9350 9067 3833 1841 9945
 3365 3606 9177 7262 2953 1731 419 3953 8969 2150 3198 4639 5605 4289 6299
 7664 2551 4336 6242 6728 9017 4817 9211 6008 8939 7895 4509 7525 6760
 2191 9064 851 3479 5648 9455 155 6171 42 9143 6 6407 5974 3224 2071 4153
 8762 5839 2079 3741 558 6387 8866 172 7049 3429 9876 7509 8916 956 3779
 2755 5566 5597 6384 2281 9349 162 7307 5310 779 8004 2772 2302 608 7411
 1611 7024 5993 8116 5742 5927 3258 8009 7288 342 9227 7177 2196 2351 1066
 9868 7362 5285 8592 711 3116 7520 9963 2721 4769 9865 4973 9933 3441 8436
 141 9502 6094 1469 2872 7545 1585 8227 5977 7707 5108 8300 8323 5070 3774
 1684 860 1487 3643 286 4084 5899 5136 2617 526 7555 3614 4758 6745 2629
 4916 8784 7851 7070 389 9351 6270 8877 2986 4579 9325 1253 6558 6846 435
 5929 6368 6164 3294 9709 2522 1848 3747 4389 2008 3458 1026 8128 6475
 9512 5740 7711 7544 9536 937 2713 4082 584 2733 2671 793 5349 2343 9148
 7752 9765 8425 3230 6531 547 8878 2823 3356 9567 2903 6511 268 2500 9022
 9087 2417 4138 7047 7905 8688 8728 933 2124 4092 3026 7761 6969 4643 4411
 2701 8893 5939 8534 2595 7822 762 4746 4789 7282 6106 5852 5090 4272 8086
 4373 6140 560 3453 8774 3487 8048 8515 6593 4649 5943 9329 3553 7959 8353
 6654 332 5685 1399 4192 7867 565 5488 2906 7581 2589 2352 7598]
[2050 2052 8197 4104 8204 4111 4113 8210 6163 8214 27 4131 2089 43 4140
 8235 4142 6201 4157 66 4170 6225 84 6230 2138 6240 2144 2155 8304 8313
 127 6274 6280 8330 2189 6286 2193 6297 2202 8347 6300 166 6314 2219 4268
 4272 8371 8375 4282 187 4284 2238 6335 2256 6357 2262 6360 6362 2266 8417
 2276 2280 8425 2288 8433 2296 6395 6405 8454 4357 268 8462 6416 8466 4373
 4381 6431 8479 8486 4394 6444 4398 4404 333 8534 6488 344 6491 349 2408
 363 8557 373 379 385 2442 6547 4512 8612 4517 6566 2476 2477 8629 2487
 4535 6583 444 8640 6593 2500 2507 4568 2520 2529 6630 8683 6638 8688 499
 511 6658 6659 8708 2573 8717 4624 6682 2590 6689 4643 2595 4646 4649 2603
 8748 560 2611 565 4662 8757 4664 4666 4671 577 581 8774 2631 583 2659
 4708 6758 6761 2670 2674 6788 4744 2696 4746 6797 2703 658 659 6810 4763
 6820 676 2729 687 2737 4789 6837 8888 8889 2746 8893 4798 6854 2764 2765
 2769 6869 6874 8934 745 2795 2796 4844 2798 8947 6900 8949 6904 4859 6910
 2817 4865 8964 4872 2827 2828 2839 4892 801 6952 6953 4910 2864 6964 2869
 6969 6970 9024 2882 9028 2885 9032 6986 9038 6993 850 4947 2900 4950 7002
 2906 7007 4960 865 9059 4965 870 4969 7022 883 890 7042 4997 9095 2954
 910 7059 2965 9114 5019 7069 930 7080 5041 9139 7105 962 9157 7112 968
 3026 9171 3031 7130 9179 7133 7137 5090 3042 3045 9191 7144 9198 1008
 9210 3067 7167 1024 5123 1029 9229 1049 1050 5148 3103 9247 9251 9260
 5168 1076 3133 3138 9285 5192 9289 7244 1103 5201 9306 9307 5210 7270
 9319 3188 1143 9342 3199 1152 5249 1158 5259 9366 5272 7344 5297 5305
 7354 9418 5327 7378 3284 5341 5345 3298 1254 9449 7405 7406 1270 5366
 3322 7421 5378 5382 1286 3342 3343 5390 7441 1302 5408 5412 5417 5435
 5442 9547 9556 9557 9560 5466 1374 7526 5482 7535 7539 3451 5504 1409
 1410 9604 9610 5518 9614 5520 9622 5528 3484 3485 5534 7583 7585 1442
 9636 1449 3499 1452 5549 1455 1458 3506 5554 1462 7606 9654 7611 9661
 7613 1471 9663 3522 9672 3529 1483 3535 3540 5589 3545 3553 5601 7662
 3571 7670 9719 3578 1534 9729 5633 9743 3617 1573 3626 5683 5689 1597
 5700 9799 3658 9804 9805 9806 7761 5718 5720 7769 7770 7773 1638 9833
 5745 9845 7800 5755 9861 3721 7822 3737 3739 9886 7855 3765 5816 7867
 9919 7875 9930 5840 1747 5852 7905 9954 9953 7911 7915 3829 3831 7929
 9981 3842 9991 3851 7948 5904 7959 1817 3866 7971 3876 1836 1846 3895
 5952 8005 3911 1883 8031 1887 1888 1890 3940 3955 6003 8061 3965 8065
 3973 8070 1927 3974 6030 8086 8093 6046 3999 4000 1961 6065 4024 4029
 4056 4058 8156 2025 4077 6129 9649]
[1029 3451 5148 8156 1455 2573 4056 2842 5482 8005 8708 9306 3765 7769
 6993 3626 3554 9366 7002 6065 3973 7855 9095 5249 2189 2476 569 5382 9449
 3829 6797 930 3103 4104 7948 7526 1833 7109 890 2181 476 8949 3535 9157
 1254 1339 7196 3608 9251 4711 9791 635 3955 2106 6547 2798 2245 3804 9991
 6474 4187 3282 7376 9916 2741 8070 5510 5589 5592 2455 9636 5189 2311
 5251 7985 9298 6942 2997 8718 320 529 1621 8591 5037 2884 670 8705 7625
 2503 2021 9348 1174 3311 607 6363 4422 8476 5470 6561 7602 4100 5719 3436
 2918 8814 2588 4539 9033 6906 2841 2398 6331 3187 192 697 3081 1650 2444
 1527 5167 9237 4071 6596 1234 8317 3609 8962 931 255 1586 4564 976 5820
 5710 1855 7551 8377 6037 6721 9425 5583 893 2331 3988 7026 9443 8646 7265
 2878 9075 699 798 5575 6809 4251 907 6832 4674 8960 3983 3132 2382 2440
 5531 3038 2973 1336 9750 3269 9149 8558 3416 8929 156 7249 8259 6990 3277
 4981 404 6709 3805 9067 3833 1841 4658 9945 8137 5113 3606 9177 7262 7646
 213 6379 3953 2150 3198 7314 1502 5605 4289 7664 2551 4336 948 1043 5023
 3639 6400 7188 4817 8939 4509 7525 6959 4569 2191 9064 7013 3479 1197 42
 6407 1910 3209 558 8866 7049 956 5566 5597 6384 2284 5107 779 2772 1611
 5980 2367 5993 2615 5927 8009 7288 342 9227 2351 1066 7362 5285 711 2685
 9963 4769 8693 8341 4973 3441 8436 9502 3839 4705 2967 2593 3987 3774
 1058 4127 5125 286 4739 526 7555 7210 4758 3939 4726 4916 7851 9351 6270
 2485 4579 9325 1253 405 6485 435 5100 6584 4490 4047 4893 3294 7777 6159
 1848 6539 8178 2838 9852 6664 6478 2008 1968 1622 1026 6807 9512 8049
 7721 9736 5740 9684 2438 9934 9536 8038 3456 6868 5012 9248 2671 1892
 6788 3301 6117 1152 2343 9148 1561 3230 547 6416 8878 2823 9989 9247 9238
 2903 2467 6511 2429 5284 268 9022 2016 6799 9582 6163 1927 2417 6434 7047
 7584 2006 3067 8688 1970 8728 4960 1450 2124 4092 1954 6969 7845 379 3572
 8534 5964 8640 4742 2595 7822 5518 8678 4789 8593 7875 910 9539 7282 1028
 2089 9957 6106 8645 410 6375 1596 7030 5852 5090 8748 2901 9023 4272 1158
 870 8086 1370 2224 6140 7303 1825 7190 921 560 9904 8774 8048 2848 6593
 4763 7568 6762 6300 9949 1065 4665 3578 7959 8353 4646 6654 9180 2580
 5685 7225 6504 8512 7867 4471 9307 3760 3019 5488 3045 3327 724 315 4451
 2589 815 2352 499 572 5399 1842 7182 8406 6488 6335 5129 9804 9028 8972
 6274 994 4823 5259 43 7720 5469 151 7130 531 8210 7137 1107 3047 8557
 8536 7004 5341 5904 8283 5123 6223 7654 7983 2477 1050 4420 7078 3496
 1462 3708 1471 8417 2839 5435 6381 3658 967 1942 4037 3803]
[4100 4106 8208 6164 21 6168 8227 40 2089 4140 4142 51 4148 6201 2106 66
 2124 4173 8275 6230 2136 4187 8287 4192 6248 2162 4217 8317 8324 2181
 2182 4237 2189 6293 150 151 2198 8347 6300 8353 6314 2219 4272 4275 6331
 188 2236 2245 213 2279 2280 2281 8429 4336 4350 4355 2311 2312 268 8465
 6434 2343 4394 2347 2352 2359 8512 320 325 6474 2381 4433 339 2391 344
 6491 8557 4462 8558 6511 4469 8568 379 2429 8580 2444 8591 8593 6547 404
 2455 410 6561 6566 425 2476 4526 4539 6591 8640 6593 6596 2500 2503 2507
 4564 476 8678 6649 8705 8708 8709 2573 8717 526 529 531 6679 8727 8728
 2588 6689 6691 547 4646 4649 8748 560 6710 4665 569 572 6721 4674 6730
 6737 607 8801 4708 4711 6760 6762 8814 4719 8826 635 2685 4742 4744 4746
 651 6797 2701 4751 6801 661 665 4763 670 8869 6832 2741 697 4798 2755
 8903 713 4842 8949 2814 2817 8962 2820 8968 2828 4878 2841 6938 793 6942
 798 8997 8999 9004 6959 4922 6971 9022 4930 2884 9033 6993 6994 2900 6997
 2901 4948 7002 9050 4960 9059 4965 2918 9061 870 9067 9071 7026 9075 890
 9095 7047 909 7062 2967 2973 930 2979 931 5037 5041 2997 7095 9146 9148
 7103 7105 963 7109 9157 3019 971 9165 9177 987 9180 5088 5090 7167 1025
 5121 1028 1029 5128 3081 9227 5133 9235 7188 9237 1051 5148 3103 9248
 9247 3109 1065 9263 5168 1074 5173 7221 3140 5189 5188 1098 9292 9298
 1107 5207 9303 9306 3167 7267 5228 9325 5231 9329 3187 1142 5241 9338
 1152 5249 5251 9348 1158 7303 7307 1166 3215 9362 3220 9366 1174 1185
 5285 5297 9402 1218 3277 7376 3282 1234 1243 5341 1249 9441 1251 5349
 9446 9449 3322 1277 1280 5393 7442 7441 1312 5416 9517 1336 5435 1339
 5442 3401 7510 7517 5470 9567 1374 7525 7526 5482 3441 1399 3453 9598
 3456 9604 7557 5510 9614 3471 7568 3476 7583 3491 9636 3496 1449 5546
 7602 5561 9662 5568 7625 3533 3534 9679 3535 3540 9685 5589 5592 5601
 3554 1509 1524 9719 3578 5637 9743 3606 3608 3609 9765 3626 7724 1586
 5683 1587 5685 3639 5689 1596 9791 9795 5707 7761 3669 5718 5719 5720
 7769 5734 9846 7800 3706 9856 9859 9863 7818 7821 5774 7823 3739 3747
 7845 3754 7855 3765 5816 9913 7875 1732 7884 7890 1747 7895 5849 5852
 3804 7906 1763 9957 1768 7915 3829 9981 9991 7943 7945 7948 7952 7959
 1817 3866 5918 1826 7976 3881 1833 7980 1836 7983 5943 1848 1855 8005
 1863 5966 5967 8022 8048 3953 8049 6003 6006 8054 1910 8065 3970 3973
 8070 1930 8086 1945 4000 1954 1955 1957 6065 4018 6067 1974 4025 4031
 8141 2006 4056 6106 8156 6112 2021 6119 4071 6132 4088 6140 3810 9283
 6404 8136 7785 331 4493 6779 6204 2558]
[1029 3451 5148 8156 1455 2573 9059 4056 2842 5482 8005 4142 66 7800 6689
 8204 8708 9306 3765 7769 6993 3626 3554 9366 7002 6065 3973 6314 7855
 9095 5249 2189 9071 2476 569 5382 9449 3829 6797 930 3103 7948 7526 1833
 7109 890 2181 476 8949 3535 9157 1339 7196 3608 9251 4711 9791 2162 635
 3955 2106 6547 2798 2245 8324 4842 3804 9991 6474 4187 3282 7376 9916
 2741 8070 5510 5589 5592 2455 9636 5189 2311 5251 8801 8717 3322 4462
 5718 6248 7583 2182 2900 1051 9859 5610 6132 1930 6715 5966 9719 6491
 6801 5568 4106 5121 963 1557 1280 4148 1846 9114 4167 5197 406 5270 4152
 9342 5840 4500 3342 4796 7971 3940 2202 3481 3484 1662 8454 4028 4784
 7587 4217 150 9235 6752 4394 2820 4526 9846 6679 3809 7638 6997 6649 5561
 3370 8141 5825 4839 5546 7821 4907 2688 5393 4542 7945 7884 3534 1185
 7103 4355 9928 2136 6168 6067 8275 7267 9263 6294 51 4486 8334 3706 665
 8826 8633 7510 877 29 9050 9298 7952 320 1621 5037 1251 2884 670 8705
 7625 9146 2503 2021 9348 2347 1174 5967 3311 6363 8968 1312 4100 5719
 3436 2918 8814 2588 9276 1388 4539 8429 2841 2398 6293 3109 6331 3187 192
 9040 1650 6025 2444 9237 1957 4031 1234 8962 931 255 4564 976 5820 2860
 6957 1855 4019 1822 7551 8377 6037 6721 9425 8727 6927 3988 6356 9443
 5241 7265 2252 699 798 5575 2705 6809 4251 907 6832 7589 8960 9632 3132
 2440 5531 3038 1336 2236 3269 9149 3669 8558 3416 156 4418 7249 6990 3277
 5484 4981 6709 9350 9067 3833 1841 4658 9945 8137 5113 5304 3606 9177
 7262 7646 2953 1731 419 213 6379 3953 2150 7314 4639 5605 4289 6299 1509
 948 2086 6404 5734 9499 6728 9017 6400 9303 4817 5015 9211 6008 9438 8939
 7895 4509 7525 4569 9809 2695 2191 7013 5266 2278 5648 3167 155 42 6 3224
 2071 4153 8762 5839 3209 3741 2991 4570 172 7049 3429 3181 3720 6464 3568
 7509 3532 6452 8916 956 3779 2755 536 5566 5597 9534 2521 6384 2281 1249
 4930 7307 7518 6618 3205 5310 5107 2478 779 8004 2772 2323 608 7411 1611
 9441 2367 5993 9416 9094 8116 2615 1863 7801 5742 6564 5927 9797 8039
 7288 342 548 9227 689 7177 4389 3789 4469 3588 9362 1026 6737 6475 9512
 5740 7711 1166 909 6868 3401 3332 6685 6788 793 4271 9724 3575 8425 9673
 4629 3540 9989 9247 1695 1593 9238 2429 5284 7112 9582 2507 4138 2006
 8728 1450 3026 8465 2701 5939 5518 8678 4746 4789 2198 4662 5090 2901
 7980 870 3453 8515 4763 5943 6733 4948 7823 3578 8353 9604 1458 127 6654
 8512 7867 4471 9307 565 8649 5488 315 4878 7346 8825 2589 9358 6904 8999
 5228 6837 6953 623 1842 8375 9477 6335 5623 4111 2298 6402 8161 3476 994
 1149]
[1029 3451 5148 8156 1455 2573 9059 4056 2842 5482 8005 4142 66 6689 8204
 8708 9306 3765 7769 6993 3554 7002 6065 3973 6314 7855 9095 5249 9071
 2476 569 5382 9449 3829 6797 930 3103 4104 7948 7526 1833 2181 476 8949
 9157 1254 7196 3608 9251 4711 9791 2162 635 3955 2106 2798 2245 3804 9991
 4187 3282 7376 9916 2741 8070 5510 5592 2455 9636 5189 2311 5251 8801
 8717 3322 4462 5718 6248 2182 2900 1051 9859 5610 6132 1930 6715 6491
 9313 6801 2979 5568 5121 963 1557 1280 1846 4756 9114 4167 5197 5270 4152
 9342 5840 4500 3342 7998 3655 2202 3481 3484 1662 8454 4028 4784 3519
 7587 6752 4394 2820 4526 1671 9913 7638 8658 6997 8610 2652 8054 5561
 8141 5825 5546 5774 7821 4907 2688 5188 9969 5128 9795 4542 9165 7945
 7884 1852 661 1185 7103 4355 9928 2136 6067 4922 8275 3471 6294 4751 51
 5173 8334 1826 665 8826 8633 877 9662 29 7985 9298 6942 8718 7442 320
 8591 5037 2884 670 7625 9146 2503 2021 7746 2814 9348 5207 7557 2347 5967
 3311 6363 4422 5470 7602 1312 4100 5133 5719 2918 2588 9276 1388 4539
 4018 9033 8429 2398 3109 1243 6331 3187 192 697 413 9040 1650 2444 1922
 9237 1957 4071 4031 1234 3491 8317 3609 8962 931 255 1586 4564 976 2860
 5710 6957 1855 7551 8377 6037 6721 9425 9548 5583 893 8727 6927 2331 4905
 6356 9443 5241 8646 7265 2252 9075 699 5575 2705 7221 4251 907 6832 4674
 7589 3132 2382 3915 9706 5531 3038 2973 1336 2236 9750 3269 9149 3669
 3265 283 3416 8929 156 7249 8259 5484 4981 9972 404 9350 9067 3833 1841
 9945 8137 5113 5304 9177 7262 2953 1731 419 213 6379 3497 8969 2150 7314
 1502 5605 4289 2551 4336 948 2086 1043 5023 3639 5734 6728 6400 9303 4956
 4817 4509 7525 2425 2191 587 3167 6171 6 6407 5839 2079 3741 558 5786
 7509 8916 5566 6384 162 7518 6618 2284 5107 779 2772 2302 5980 2367 5993
 9416 9094 8116 7801 1130 6564 9797 8009 9227 7445 2351 5047 3074 2685 339
 9933 3441 8436 1469 8471 3325 2872 5066 4810 1207 5429 971 8300 475 7243
 7992 5172 7798 2779 5391 1487 1810 1265 2019 4250 3165 8041 7863 1763
 6231 2939 2082 2617 5981 7210 2123 9091 6745 3939 3281 2629 4726 8784
 9351 8877 595 4579 987 1253 6558 435 5929 6584 4299 4047 3861 1848 6539
 1710 1334 2838 6626 3649 4469 3588 3315 6478 1917 1968 6737 6475 9512
 8569 5740 4605 4917 9536 8038 3456 4082 584 5012 4140 3401 1943 3301 1642
 6117 2737 2343 5257 8425 6416 2381 3704 9247 1695 1593 8485 5634 7112
 2500 2016 4138 3067 8688 1861 8728 2124 1954 6969 4411 8465 379 3572 8893
 5939 6230 3754 762 5518 2198 1028 6003 410 8748 9023 4272 921 3487 8048
 5720 1555]
[4100 4104 4106 8204 6164 6168 2079 2086 4140 4142 4148 4152 2106 66 6230
 2136 4187 8287 2150 6248 2162 4217 8317 6270 8324 2182 2189 8334 2191
 2196 6293 150 6294 2202 4251 156 155 4250 8353 6314 172 4271 8377 6331
 2236 192 4289 2245 6356 2279 2281 8425 8429 6387 2302 6404 8454 2311 6407
 268 4373 8471 283 8476 4394 2347 6444 2351 6452 2359 320 4422 6474 6475
 332 2382 4433 339 6491 2398 4462 8558 379 4486 6539 2444 8591 8592 8593
 6547 4500 404 406 413 4509 6561 2476 4526 2478 6584 8633 4539 4542 6591
 8640 6596 2503 2507 8658 2521 6618 4579 6636 2551 8708 2573 8717 8718 529
 2580 4629 6679 8728 6685 4639 6689 2593 6691 4649 558 4662 2615 569 6715
 6716 6721 4674 2629 8774 6733 2652 607 6752 8801 4705 4711 6760 6762 8814
 635 2688 4739 6797 2701 4751 6801 2705 4756 665 6809 4763 4764 8866 2733
 4784 6832 2737 2741 697 4796 6846 8903 6868 4839 4842 2798 8949 6906 2814
 8960 8962 2820 2823 8968 8969 779 2841 6942 798 6957 4922 9023 4930 2884
 9032 9033 9040 6993 6994 2899 2900 6997 2901 2903 4948 7002 9050 9059
 9061 2918 870 9064 2920 9071 7024 9075 890 2939 2940 893 9087 9095 7049
 909 7059 5015 921 9114 2973 930 2979 931 2986 5037 5041 2997 5047 9146
 956 9148 7103 963 7109 9157 7112 9165 976 9177 987 9179 9180 3038 7134
 5090 5100 5107 5113 5121 3081 9227 5133 5136 9235 7188 9237 7190 1051
 5148 7196 3103 9247 3109 1065 1066 9263 5173 7221 5188 5189 7243 9292
 5197 9298 5207 9306 9313 7265 7267 3181 9329 7282 3187 7288 3198 1152
 5249 5251 9348 3205 9351 1160 7307 5266 1174 7323 3230 1185 5285 1197
 9416 3282 1234 1243 9438 7393 1249 9443 9441 1253 1254 9449 7411 3322
 1277 1280 5382 3342 9487 5393 7442 7445 9502 3365 9512 3370 9517 1336
 1339 9536 9548 1359 7509 7510 5470 9567 3429 7526 5482 3436 1388 5484
 7535 3441 1394 3451 7551 3458 9604 7557 5510 5518 3471 3481 5531 3484
 7583 3487 7587 9636 7589 7595 7602 1458 1460 5561 9662 5566 5568 5575
 3528 7625 3534 3535 5589 7638 5592 5597 1502 3554 5605 5610 9706 9709
 3568 1524 1527 1557 3608 3609 1561 3626 1586 5685 9791 7746 3655 7752
 5710 9809 1621 5718 5719 3669 7769 1626 1622 5734 5740 1650 9846 7800
 3706 1662 9856 5762 9859 1671 7821 7823 5786 1699 7851 7855 3765 9916
 5820 3774 1731 9928 9934 5840 7895 3804 3805 5852 9949 3809 1777 3829
 1784 3833 9991 7948 1810 7962 5918 1822 1826 7971 7976 1833 7985 1846
 7992 1852 7998 1855 8005 8009 3915 5966 5967 5977 3938 8035 3940 8038
 5993 3953 6006 8054 6008 1922 3973 8070 1930 3988 6037 8086 6065 8116
 4028 4031 4056 2016 2020 6132 4092 8464 6116]
[42 3181 6464 1699 3568 9876 3532 6452 956 2755 536 5597 9534 6384 2281
 5464 9349 1249 162 2284 779 2302 608 7411 7024 2367 5993 7962 9094 1130
 5742 6564 8039 7288 548 2196 6691 9868 5285 8592 7134 3241 3074 711 3116
 2685 3528 9963 9666 2721 339 5336 4973 9933 3441 141 6094 1469 8806 9292
 4810 4705 1207 8196 1585 8227 5108 3938 8300 8323 7992 9935 3987 5172
 7798 3774 2498 1058 1487 1265 7591 5125 2161 3643 286 8716 9537 2419 1285
 6710 9645 4764 7210 3614 1277 9215 474 8784 1053 9351 8470 2312 595 987
 1253 6485 6716 5929 6368 6584 4047 7665 3294 7777 6159 9709 2522 1710
 3747 1334 7660 8178 2838 3789 6664 1917 2008 1622 2190 5740 9684 8239
 4605 4917 7544 9536 937 3456 6868 4082 5012 2671 1892 9517 3301 793 2343
 9724 8425 547 6416 8878 3704 3540 9247 9238 9567 2467 6225 7112 2500 2016
 9582 2507 6163 9087 6434 7905 1970 1450 933 4092 6969 4643 4411 8465 9179
 9032 6230 3754 7167 1029 3451 5148 8156 1455 2573 9059 4056 2842 5482
 8005 4142 66 7800 6689 8204 8708 9306 3765 7769 6993 3626 3554 9366 7002
 6065 3973 6314 7855 9095 5249 2189 9071 2476 569 5382 9449 6797 930 4104
 7948 7526 7109 890 2181 476 8949 3535 1254 1339 7196 3608 9251 4711 9791
 2162 635 3955 6547 2798 2245 8324 4842 3804 9991 6474 4187 3282 7376 9916
 2741 8070 5510 5589 5592 2455 9636 5189 2311 5251 3322 4462 5718 6248
 7583 2182 2900 1051 9859 5610 6132 1930 6715 5966 9719 6491 9313 6801
 2979 5568 4106 963 1557 1280 4148 1846 4756 9114 5197 406 4152 9342 5840
 4500 3342 7998 3655 7971 3940 3481 1662 8454 4028 3519 7587 5762 150 6752
 4394 2820 9846 1671 6679 3809 7638 8658 6997 1124 6006 4433 8054 6649
 5561 6591 5546 5774 9856 7821 4907 2688 5188 9969 5128 5393 4542 7976
 7945 2279 7884 3534 1852 661 1185 1524 7103 1394 4355 9928 2136 6168 6067
 5918 8275 7267 3471 4751 51 5173 4486 3706 665 7510 877 9662 29 7595 9050
 7985 9298 7952 6942 8718 7442 320 529 1621 5037 1251 2884 670 8705 2503
 2021 7746 2814 9348 7557 1174 5967 3311 607 6363 8968 4422 8476 5470 7602
 4100 5133 5719 3436 8814 2588 4539 4018 9033 6906 8429 2841 2398 6293
 3109 1243 6331 3187 192 697 413 3081 1650 2444 1527 5167 1922 1957 4071
 6596 4031 3491 931 255 1586 4564 5820 5710 6957 1855 4019 1822 7551 6037
 6721 9425 9548 5583 893 8727 6927 2331 3988 4905 7026 6356 9443 5241 8646
 2878 9075 699 798 5575 2705 7221 2359 6809 4251 6832 8960 2382 3915 2440
 3038 2973 1336 2236 9750 3269 9149 3669 8558 3265 283 8929 4418 7249 8259
 3277 5484 9972 404 6709 9350 9067 1841 4658 3365 8137 5113 7646]
[9536 6868 584 5012 9248 4140 9517 1642 793 7752 2823 9247 1695 9238 9567
 8485 9661 6225 5284 7112 2500 9022 6163 2417 1450 4092 7761 9179 9692
 7845 9032 379 5939 4742 2595 7822 7167 7875 910 7282 2089 6106 8748 1158
 8086 6140 9904 6444 8515 9949 6733 4948 7137 5530 5442 9919 6077 2527
 4998 7916 2850 586 8950 6970 8235 7069 663 9089 8313 6395 1942 6205 1496
 9496 457 6526 5063 4143 546 57 8399 9127 1217 4847 21 1343 9204 9027 9446
 6646 4108 7839 7370 1177 7228 8330 5101 8061 5474 4041 5606 5365 9338
 1768 2491 8888 4932 7561 7864 7495 1224 3937 289 5231 7533 6581 673 4777
 4160 8787 7343 6850 8168 3671 1287 6287 9784 7615 9055 8538 9729 5438
 1879 1588 1721 3919 6007 6746 8051 9985 1241 5282 9117 341 1844 2375 9580
 2065 5745 2421 373 3663 6996 1495 9781 5183 4692 3794 5014 7994 6220 8914
 9379 2909 1847 7991 8626 2732 95 5356 5653 4924 3326 7432 8850 8617 3383
 9086 5828 634 9529 8153 9183 3753 222 3946 6818 4393 6358 2968 4595 4597
 8419 263 8895 1645 3180 3635 1364 4298 3371 135 6437 4136 594 7066 4530
 6083 5525 6429 7483 758 6642 8453 2634 3163 1180 1544 5887 5638 6066 1570
 4407 2761 2095 3242 1354 449 3966 542 7496 8924 4910 1426 2744 80 6431
 845 9417 1024 4876 5640 7197 9163 1215 2342 4533 1120 7946 5678 5784 2288
 1961 2240 899 7856 8934 6457 2061 5602 2155 4036 9444 4812 1893 3899 2915
 3404 4398 8467 1470 7478 8464 712 8136 4442 4517 3644 735 2523 3851 2780
 1597 5201 7392 2696 7406 8907 7171 254 185 2995 1112 3952 9988 6440 1187
 5630 278 5863 6181 9433 4666 5252 8951 9038 3675 1637 8719 5712 1029 3451
 5148 8156 1455 2573 9059 2842 5482 4142 66 6689 9306 3765 7769 6993 3626
 3554 9366 7002 6065 3973 6314 9095 5249 2189 9071 2476 5382 3829 6797 930
 4104 7948 7526 1833 7109 2181 476 8949 3535 9157 1254 1339 3608 9251 4711
 9791 635 3955 2106 6547 2798 2245 8324 4842 3804 9991 6474 3282 7376 9916
 2741 8070 5510 5589 5592 2455 9636 5189 2311 5251 8717 3322 4462 5718
 6248 7583 2182 2900 1051 9859 5610 6132 1930 6715 9719 6491 9313 6801
 2979 5568 5121 963 1557 4148 1846 4756 9114 4167 5197 406 5270 4152 9342
 5840 4500 3342 7998 3655 3940 2202 3481 3484 1662 8454 4028 3519 7587
 5762 4217 9235 6752 4394 2820 4526 9846 1671 6679 3809 9913 7638 8658
 6997 1124 4433 8054 6649 5561 3370 6591 9856 7821 2688 5188 9969 5128
 9795 4542 7976 9165 7945 2279 7884 1852 661 1185 7103 4355 9928 6168 5918
 8275 7267 9263 3471 4751 4486 1826 3706 8826 7510 9662 29 9050 7985 9298
 7952 2997 8718 6994 320 8591 5037 2884 670 9146 2021 7557 6363]
[1029 3451 5148 8156 1455 2573 9059 4056 2842 5482 8005 4142 66 7800 6689
 8204 8708 9306 3765 7769 6993 3626 3554 9366 7002 6065 3973 6314 7855
 9095 5249 2189 9071 2476 569 5382 9449 3829 6797 930 3103 4104 7948 7526
 1833 7109 890 2181 476 8949 3535 9157 1254 1339 7196 3608 9251 4711 9791
 2162 635 3955 2106 6547 2798 2245 8324 4842 3804 9991 6474 4187 3282 7376
 9916 2741 8070 5510 5589 5592 2455 9636 5189 2311 5251 8801 8717 3322
 4462 5718 6248 7583 2182 2900 1051 9859 6132 1930 6715 5966 9719 9313
 6801 2979 5568 4106 5121 963 1557 4148 1846 4756 9114 4167 5197 406 4152
 9342 4500 29 6832 5786 1699 6452 8916 3779 9534 6384 7398 3205 5107 2772
 4021 1611 7024 5980 5993 2615 1863 6416 2381 8878 3704 2823 3356 9238
 9661 2467 5634 6511 2429 5284 268 6163 9087 7905 3067 1861 4960 933 4092
 1954 7761 7845 7565 379 3572 6230 8534 8640 7822 762 5518 8678 4746 910
 9539 4662 6003 7030 5852 5090 2901 8086 1370 4373 1825 560 4000 9904 3487
 4649 9329 4665 7823 3553 127 332 2580 6504 8512 7867 9307 8649 724 7346
 4381 2589 9358 2352 7033 6837 4237 3970 6302 2817 9602 623 6488 4845 4859
 1747 9028 5442 4404 3533 1064 4998 2839 5435 3338 7916 7790 2850 6381
 3140 3881 8950 5746 5504 6970 6820 1098 8466 511 4024 3488 9999 4231 2869
 4224 4169 6258 6575 6569 6332 7022 4037 457 6147 2752 4143 5672 1674 5053
 8399 3499 9897 5968 6234 6377 21 9204 8307 6667 2435 2840 561 7228 5101
 2316 2832 5606 8709 3598 9338 3298 2590 8888 7820 107 2603 8808 7335 4160
 2062 3671 801 1949 7615 8538 1559 4686 4184 5587 9024 9308 1140 6559 3674
 3001 4248 5414 3725 997 3466 5397 2802 4668 3959 6620 103 9701 2508 7779
 5445 6542 6220 7975 2956 5135 7073 433 5622 4327 2791 7256 894 5299 6238
 1121 9057 3464 2608 3542 9731 1539 2977 7610 1213 1759 3763 5667 6655
 3640 6574 3930 4189 512 6041 5716 6633 4201 9519 2665 788 4709 7142 8963
 1398 3445 2955 6301 3097 2609 3525 9249 6378 6619 7788 8639 7294 4864
 2014 4361 7148 9283 4961 942 2881 5229 5171 1260 1189 1935 4450 6617 3219
 9615 3756 1488 3894 1498 8077 5891 1793 9376 8130 8685 6396 5819 5582
 1707 1532 7431 6315 947 4407 3520 1278 8020 3579 7150 1175 5846 1414 3242
 7457 2481 6052 5152 2716 2933 5453 190 5733 7550 3698 3859 9377 4219 9016
 7748 7772 4811 8013 3086 6810 314 3166 3359 2392 9854 5011 4129 1263 5408
 7496 38 6738 7471 5574 5768 5417 5330 6046 3541 4278 745 5309 9486 9401
 9817 2744 4113 8190 9417 1697 1024 3206 8045 8479 1120 1211 8304 5390
 9833 6986 4036 1893 7234 436 1478 712 4517 735 1597 2696 7406 8811]
[1029 3451 8156 1455 4056 2842 5482 8005 66 7800 6689 8204 8708 9306 3765
 7769 6993 3626 3554 9366 7002 6065 3973 6314 5249 2189 9071 2476 5382
 9449 6797 3103 4104 7948 7526 1833 7109 890 2181 476 8949 3535 9157 1254
 7196 3608 9251 2162 635 3955 2106 6547 2798 2245 8324 4842 3804 9991 6474
 4187 3282 7376 2741 8070 5510 5589 5592 2455 9636 5189 5251 8801 8717
 3322 5718 6248 7583 2182 2900 1051 9859 5610 6132 6715 9719 9313 6801
 5568 5121 963 1557 1280 1846 4756 9114 4167 5197 406 5270 4152 9342 5840
 4500 3342 4796 7998 7971 2202 3481 1662 8454 4028 4784 5762 4217 9235
 6752 4394 2820 4526 9846 6679 3809 9913 7638 8658 1124 8610 4433 2652
 8054 6649 5561 3370 8141 5825 4839 5546 5774 9856 7821 4907 2688 5188
 9969 5128 5393 9795 4542 7976 9165 2279 7884 3534 1852 1524 1394 7905
 2006 8688 1970 8728 4960 2124 4092 3026 1954 6969 4643 8465 2701 9179
 9692 7845 9032 379 3572 5939 6230 8287 5964 8640 4742 2595 7822 762 7167
 5518 8678 4746 4789 910 2198 1028 9957 6003 2408 8645 7030 5090 9023 1158
 8086 1370 1825 921 4000 9904 3453 8774 3487 6286 8903 5720 2848 7059 4763
 1945 7568 6762 6300 5943 9329 1374 9949 1065 4948 8353 5520 5685 1399
 4471 8649 3019 5488 3739 3327 5192 2906 7581 9171 2690 7346 8825 2589
 9358 5028 6837 6953 572 8375 9614 4845 6566 8906 9804 8161 8972 2078 4947
 994 4823 43 4275 3179 823 985 8371 8758 9675 3047 40 968 9954 8059 5952
 4568 4172 3866 4420 6020 5530 4404 5601 6433 2942 1955 5435 3338 7916
 3140 8950 3488 1964 9375 7345 6297 3133 9127 7405 7839 6325 2316 2832 27
 9705 7561 9930 7426 2968 1059 2315 9669 8484 1173 6540 7714 7639 9652
 5865 1020 8094 1225 353 6887 4351 1646 1631 8954 7873 8189 1480 470 3979
 2543 2819 4069 2322 4303 8218 2405 9997 472 4835 3013 6911 3006 2497 1081
 7661 9837 2486 6350 9164 2132 934 3835 4550 5348 9726 4347 385 8680 1144
 1727 2095 5384 8581 4676 5102 6998 6235 2399 2743 4026 9273 9262 4619
 8904 8064 3990 5940 981 1106 5321 1170 2945 879 3856 3863 8223 3679 2863
 1730 2607 1630 8996 3666 8606 3559 8824 588 7250 9594 913 3094 2028 2879
 8092 8180 9589 6543 7386 7825 6603 4926 9460 7960 9739 1595 8917 895 8326
 4554 7912 4059 1041 9491 8843 7457 165 8392 597 8870 5302 9377 7479 4219
 4520 2261 5832 189 3300 3624 1406 2461 38 6738 7670 9772 6036 5417 6046
 8779 6717 9825 2267 8998 4997 2744 9417 4523 5640 7197 7543 1215 7104 591
 687 2514 1211 3098 6324 7254 7092 8964 2005 9014 9410 5784 1961 2240 4236
 5174 2155 5279 1095 4812 1893 3899 6391 4442 5291 9581 3851 2780 2864
 1597 7344 254]
[1029 3451 5148 8156 1455 2573 4056 2842 5482 8005 4142 66 7800 8204 8708
 9306 3765 3554 9366 7002 6065 3973 7855 9095 5249 2189 9071 2476 569 5382
 9449 3829 6797 930 3103 4104 7526 1833 890 2181 476 8949 1254 7196 3608
 4711 9791 635 3955 2106 6547 2798 4842 3804 9991 6474 4187 3282 9916 2741
 5510 2455 9636 2311 5251 8801 4462 5718 7583 2182 2900 1051 9859 5610
 1930 5966 6491 5568 4148 4756 9114 9342 3655 3484 3519 4394 4526 3809
 9913 4433 2652 8054 5825 5774 9856 4907 5393 2279 1852 661 6168 1922 9237
 1974 4031 1234 3609 976 5820 5710 4019 8377 6037 6721 6927 8646 7265 2252
 699 5575 2705 7221 9673 5041 4629 1732 2381 3704 3356 1695 1593 9238 9567
 2903 9661 6511 5284 7112 9582 6163 1927 2417 6434 4138 7584 3067 1970
 8728 4960 933 2124 3026 1954 7565 379 5939 6230 8287 5964 8640 2219 2595
 7822 762 8678 8593 7875 910 7282 4662 2089 8645 410 1596 7030 5090 2901
 4272 8086 1370 2224 6140 1825 921 560 4000 3487 6286 8903 5720 2848 6444
 8515 4763 1945 6300 5943 9329 1374 9949 6733 1065 3553 9604 5520 127 6654
 9180 332 5685 7225 4192 6504 7867 4471 9307 8580 565 8649 3760 3019 5488
 6112 3045 3327 5192 6119 315 2906 7581 9171 2690 7346 7105 4744 2589 9358
 8999 2352 7033 5228 4237 577 4826 6953 3970 6302 572 1335 8111 2817 7883
 5168 5399 279 1842 8375 7182 9614 6488 4845 6566 6335 5129 4111 4173 9804
 4859 4157 2280 8972 3476 2078 6730 4947 994 1218 5259 43 4275 2828 5689
 4652 7906 7095 8208 2138 9981 151 8381 3284 7130 3613 531 8758 2529 8210
 3617 7062 9675 6658 6881 3047 3101 7974 40 1744 7890 5341 6874 3138 229
 444 8065 7679 5904 6774 3767 5952 1632 6223 7983 3195 3866 1449 8725 6023
 1236 1606 4420 5530 7078 1074 3496 3708 9919 6433 1385 8417 1064 2942
 2527 4998 5763 1817 1483 5435 2965 2256 2850 2611 586 9225 6682 3881 9218
 5746 5504 352 6360 6970 9896 6820 2951 1098 8466 4664 5297 9060 9622 8313
 7571 2104 5186 187 4079 5181 9922 6669 12 1131 1712 1358 3463 9057 8355
 170 7348 702 8742 357 4274 3668 4247 887 5512 7879 1490 9150 3094 9583
 231 6359 7367 4474 1633 7159 8805 9576 3285 7166 513 8909 1240 9677 7397
 3577 8180 8072 2786 9589 8839 8241 9646 7825 6603 7093 1569 8212 2134
 7297 9739 2395 6521 2253 3420 2056 4759 6843 5027 7534 7311 895 3692 6321
 1472 7912 4888 6425 5846 1414 326 7657 4273 4476 7550 3859 449 375 5785
 7479 8422 4520 2261 7298 9081 1568 6810 7566 3359 1263 9591 3158 7508
 2461 6036 6973 5309 6128 9886 7685 1426 4113 3824 1697 1024 5640 7543
 5335 687 7929 852 8390 2240 5174 1401 9833 6986 2155 4073]
[1029 3451 5148 8156 1455 2573 9059 4056 8005 4142 66 7800 6689 8204 8708
 3765 3626 9366 6065 7855 5249 2189 2476 569 9449 3829 6797 930 4104 7948
 7526 1833 7109 2181 8949 3535 9157 1254 1339 7196 3608 9251 4711 9791 635
 3955 2798 4842 3804 9991 6474 3282 7376 9916 2741 8070 5510 5589 5592
 2455 9636 5189 2311 5251 8801 8717 4462 6248 7583 2900 1051 5610 1930
 5966 6491 2979 963 1557 1280 1846 4756 5197 5270 3342 4796 7998 3655 7971
 3940 3481 3484 1662 4028 3519 5762 9235 6752 4394 4526 9913 8658 6006
 8610 8054 5561 3370 6591 9856 5583 893 8727 6927 2331 3988 4905 6356 4649
 9329 6733 9604 9180 4192 4471 3019 3327 315 4451 7346 4381 4744 9358 815
 5228 9685 4965 1335 2817 9602 623 8462 6402 2280 8972 6274 8754 3476 43
 3179 5689 8208 1165 425 7130 531 6658 3047 7974 3842 939 9198 40 1744
 9954 5707 5341 6874 444 9005 8065 9598 8059 5904 4131 9191 6774 8283 5952
 4484 4568 1632 4172 5123 3866 4798 2477 8197 1449 6240 8725 5816 9260
 1236 4420 8347 5442 7078 3496 1462 3708 8417 6077 2942 247 1955 1817 1483
 2839 5435 2965 2256 3681 4160 2266 1495 9930 2397 1377 7853 5512 3900
 2303 4701 9862 2289 7472 5701 8845 7639 9381 6873 9883 9430 459 4233 794
 4359 9687 5664 3490 4060 8097 1456 5296 6943 3173 4628 1420 2160 8796
 6095 3978 8986 9755 1088 39 5833 3149 3878 5385 6496 5048 1092 5608 7982
 3637 9409 5989 9929 7909 7300 3703 2621 6179 9670 3894 4904 5910 3092
 7807 1393 1793 2066 6282 160 5822 6656 4485 6263 9392 8008 8995 8143 5676
 1985 1805 3749 9205 2119 6373 8187 6781 6481 1324 5758 3033 1689 2322
 1114 472 3562 6498 6911 4174 6315 6326 4653 2486 6350 4760 77 2132 5915
 3835 7455 4097 9747 2693 7006 1479 1999 9029 3409 8411 5861 9361 171 8975
 1795 8099 1290 904 981 1106 5321 4732 4563 2945 7011 6506 2723 5246 8279
 3248 9175 5857 2214 1730 5103 2808 4750 8996 2411 8606 7356 4488 6890
 1375 913 4911 6549 231 6359 7159 4341 513 2888 1240 5543 9677 3577 9589
 7704 1569 6587 7722 8229 2056 4759 6843 7351 5027 1595 3127 1953 3692
 8765 6903 4554 7102 7787 3029 7912 2333 4888 6425 9907 83 7657 5542 4273
 5959 5152 2933 3902 7550 1155 3698 8870 5302 3859 4520 593 8257 8720 2261
 3966 7523 2126 6590 9741 4525 4326 3086 3359 4045 2392 3624 9591 7508
 8924 5868 5417 940 4029 3541 4130 9401 2744 6431 3824 7547 1697 4523 3206
 5640 4282 7197 5335 7104 9135 7929 852 1120 3728 6324 5328 8390 8964 9014
 9568 6698 2262 8934 6144 1401 9833 2155 1095 4812 3031 519 8467 6166 5902
 8136 4912 3644 9676 8612 735 4636 5433 2523 2864 1597 5201 5367 708 7406
 5238]
[1029 3451 5148 8156 1455 2573 9059 4056 2842 5482 8005 4142 66 7800 6689
 8204 8708 9306 3765 7769 6993 3626 3554 9366 7002 6065 3973 6314 7855
 9095 5249 2189 9071 2476 569 5382 9449 6797 930 3103 4104 7526 1833 7109
 890 2181 476 8949 3535 1254 1339 7196 3608 9251 4711 9791 2162 635 3955
 2106 6547 2245 8324 4842 9991 6474 4187 3282 7376 2741 8070 5510 5589
 9636 5189 2311 5251 8717 3322 4462 5718 6248 7583 2182 2900 1051 9859
 5610 6132 1930 6715 5966 9719 6491 2979 5568 4106 5121 963 1557 1280 4148
 1846 4756 9114 4167 5197 406 4152 9342 4500 3342 4796 7998 3655 7971 3940
 3481 3484 1662 8454 4028 4784 3519 7587 5762 4217 150 9235 6752 4394 2820
 4526 9846 6679 3809 9913 7638 8658 1124 8610 4433 2652 8054 6649 5561
 6591 5825 4839 5546 5774 9856 7821 4907 2688 5188 9969 5128 5393 9795
 4542 7976 9165 7945 2279 7884 3534 1852 661 1185 1524 7103 1394 4355 9928
 2136 6168 6067 5918 4922 8275 7267 9263 3471 6294 4751 51 5173 4486 8334
 1826 3706 665 8826 8633 7510 877 9662 29 7595 7985 9298 7952 6942 8718
 6994 7442 320 529 1621 8591 5037 2884 670 9146 2503 7746 2814 9348 5207
 7557 2347 1174 5967 607 6363 8968 4422 8476 5470 6561 7602 1312 4100 5133
 5719 3436 2918 8814 2588 9276 1388 4539 4018 9033 6906 8429 2841 2398
 6293 1243 6331 3187 192 697 413 9040 1650 6025 2444 1527 5167 1922 9237
 1957 4071 6596 4031 1234 3491 8317 8962 931 1586 4564 976 5820 2860 5710
 6957 7551 8377 6037 6721 9425 5583 893 8727 6927 2331 3988 6356 9443 8646
 2878 2252 9075 5575 2705 7221 2359 6809 4251 907 6832 4674 7589 8960 3983
 9632 3132 2382 9706 2440 5531 2973 9750 3269 9149 8558 283 3416 156 6990
 3277 4981 404 6709 9350 9067 1841 8137 5113 3606 9177 7646 2953 1731 213
 6379 3953 3497 8969 2150 3198 7314 4639 5605 4289 7664 2551 6242 6404
 1043 5023 3639 9499 6728 9017 9303 7188 4956 4817 9211 6008 2020 8939
 5030 7895 4509 6959 4569 6760 2695 9064 851 7013 3479 1587 3167 1197 42 6
 7049 5786 3181 9876 7509 6452 2920 536 2521 2281 5464 9349 4930 162 7518
 2478 1611 2367 9416 9094 7801 1130 5742 6564 5927 3258 9797 8039 7288 548
 7177 7445 9329 3553 7959 9180 7225 6504 7867 565 8649 5192 7581 4451 2352
 499 6953 6302 8111 5168 8375 7182 6488 4859 8972 6274 4823 1218 43 7906
 7007 1165 425 151 985 8371 8758 7062 6614 6881 5378 7244 6874 229 444
 9005 9598 5904 9191 5952 4568 7654 4798 4507 1449 6240 1050 6023 1606
 8347 4404 3533 4802 3708 9919 1064 2527 2659 1817 2839 5435 5210 2256
 7790 2850 6381 9225 4042 5746 352 6360 6970 6280 1572 6820 3658 6859]
[1029 3451 5148 8156 1455 2573 9059 5482 8005 4142 66 7800 6689 8204 8708
 3765 6993 3626 3554 7002 6065 3973 6314 7855 9095 5249 2189 9071 2476 569
 5382 9449 3829 6797 930 3103 4104 7948 7526 1833 7109 890 2181 476 8949
 9157 1339 7196 3608 9251 4711 9791 2162 635 3955 2106 6547 2245 8324 4842
 3804 9991 6474 4187 3282 7376 9916 2741 8070 5510 5589 5592 2455 5189
 2311 5251 8801 8717 3322 4462 5718 7583 2182 2900 1051 9859 5610 6132
 1930 6715 5966 9719 6491 9313 6801 2979 5121 1557 1280 4148 4756 9114
 4167 5197 406 4152 4500 3342 4796 7998 3655 3940 2202 3481 3484 1662 8454
 4028 4784 3519 7587 5762 4217 150 9235 6752 4394 2820 4526 9846 6679 7638
 8658 6997 1124 6006 8610 4433 2652 8054 5561 3370 6591 8141 5825 4839
 5546 5774 7821 4907 2688 5188 9969 5128 5393 9795 9165 7945 2279 7884
 3534 1852 661 1185 1524 1394 4355 9928 6168 6067 5918 7267 9263 6294 4751
 51 5173 4486 8334 1826 3706 665 8826 8633 877 9662 29 7595 9050 9298 6942
 2997 8718 7442 320 529 1621 8591 5037 1251 670 8705 7625 9146 2503 2021
 7746 2814 9348 5207 7557 2347 1174 5967 3311 607 8968 4422 8476 6561 7602
 5133 5719 2918 8814 2588 1388 4539 4018 9033 6906 2841 2398 6293 3109
 1243 6331 3187 697 413 3081 9040 1650 6025 2444 1527 5167 1922 9237 1957
 4071 1974 4031 1234 3491 3609 8962 931 1586 4564 976 5820 2860 5710 1855
 4019 8377 6721 9425 9548 5583 893 6927 2331 3988 7026 5241 8646 7265 2878
 2252 9075 798 2705 7221 6809 4251 907 6832 7589 8960 3983 9632 3132 2382
 3915 9706 2440 5531 3038 2973 1336 2236 9750 9149 3669 3265 5484 4981
 9972 3833 4658 8137 1731 213 3953 3497 2150 7664 2551 948 7382 6404 5734
 9499 9017 8939 6959 3479 587 8762 1910 5839 8866 3429 5786 3720 6464 9876
 7509 956 5597 2521 2281 4930 2478 779 8004 2772 608 7411 1611 9441 2367
 9416 8116 2615 1863 7801 5927 8039 8009 342 2196 2940 5285 3074 3116 9963
 8341 9292 4705 2967 2593 475 7243 7992 7798 1460 2779 5391 4127 7591 1493
 526 1285 6710 7210 6745 3939 474 8784 7851 389 1253 6485 6716 7665 4893
 3220 7777 3861 1848 6539 3747 1334 7660 4025 2838 6626 9852 4389 6664
 2299 3458 1026 6737 8128 6807 2190 7721 9736 9684 2438 4605 8038 2713
 7751 7752 5257 547 6416 3704 9989 9247 1695 8485 5634 5284 2016 1927 9087
 3967 7905 2006 933 4092 3026 1954 6971 2701 9179 5939 8287 5964 2219 3754
 762 7167 4746 910 6375 2901 4272 7980 1158 2224 1825 9904 8774 7059 4763
 9949 1065 4665 8353 5520 6654 1399 4192 5488 6112 3327 5192 724 2906 7581
 2690 4381 8999 5028 5604 6837 4237 4965 3970 6302 2905 5554 5301]
[1029 3451 5148 8156 1455 2573 9059 4056 2842 5482 8005 4142 66 7800 6689
 8204 8708 9306 3765 7769 6993 3626 3554 9366 7002 6065 3973 6314 7855
 9095 5249 2189 9071 2476 569 9449 3829 930 3103 4104 7948 7526 1833 7109
 890 2181 476 8949 3535 9157 1254 1339 7196 3608 9251 4711 9791 2162 635
 3955 2106 6547 2798 2245 8324 4842 3804 9991 6474 3282 7376 9916 2741
 8070 5510 5589 5592 2455 9636 5189 2311 5251 8801 8717 3322 4462 5718
 6248 7583 2182 2900 1051 9859 5610 6132 6715 5966 9719 6491 9313 6801
 2979 5568 4106 5121 963 1557 1280 4148 1846 4756 9114 4167 5197 406 5270
 4152 9342 5840 4500 3342 4796 7998 3655 7971 3940 2202 3481 3484 1662
 8454 4028 4784 3519 7587 5762 4217 150 9235 6752 4394 2820 4526 9846 6679
 3809 9913 7638 8658 6997 1124 6006 8610 4433 2652 8054 6649 5561 3370
 6591 8141 5825 4839 5546 5774 9856 7821 4907 2688 5188 9969 5128 5393
 9795 4542 7976 9165 7945 2279 7884 3534 1852 661 1185 1524 7103 9928 2136
 6168 6067 4922 8275 7267 9263 3471 6294 51 5173 4486 8334 1826 3706 8826
 8633 7510 877 29 7595 9050 7985 9298 7952 6942 2997 8718 6994 7442 320
 529 1621 8591 5037 1251 2884 670 8705 7625 9146 2503 2021 7746 2814 9348
 5207 7557 2347 1174 3311 607 6363 4422 5470 6561 7602 1312 4100 5133 8814
 9276 1388 4539 4018 9033 6906 8429 2841 2398 6331 3187 192 413 3081 9040
 2444 5167 1922 1957 4071 1974 6596 4031 1234 3491 8317 3609 8962 931 255
 1586 4564 976 2860 5710 6957 4019 1822 7551 8377 6037 6721 9425 9548 893
 8727 6927 2331 4905 6356 5241 7265 2878 2252 699 798 2705 7221 2359 4251
 907 7589 8960 3983 2382 3915 9706 2236 9750 3265 3416 3277 5484 3805 3833
 4658 3365 5113 5304 3606 9177 7262 7646 2953 419 213 8969 2150 3198 7314
 1502 4639 5605 6299 7664 4336 2086 7382 6242 6404 1043 5023 3639 5734
 9017 6400 9303 4956 4817 5015 9211 6008 9438 8939 5030 4509 7525 6959
 4569 2425 9809 6760 2695 2191 851 7013 2278 5648 7801 6564 548 9868 5285
 7134 711 9963 3774 7591 7863 4084 4449 9152 9645 3614 9091 474 6270 8877
 2554 595 987 435 6716 7665 3220 9709 3861 8764 3747 6626 4469 1917 9362
 2008 3458 6737 7057 7721 7711 9934 7544 937 3456 1836 5012 3301 1642 4271
 7535 9724 8425 547 4629 1732 3540 9567 9661 5634 2417 7047 2006 3026 7761
 6971 2701 2219 4742 7167 8678 4746 4789 2198 9539 2089 9957 6106 5852
 5090 2901 4272 1370 4373 7190 560 4000 9904 3487 6286 8903 8048 8515 6593
 6762 1374 9949 1065 4948 7823 9604 4646 9180 2580 1399 6504 565 8649 3327
 7581 4451 2690 9358 2352 5604 4965 7883 7182 8486 6488 4845 5623 4173
 7296]
[1029 3451 5148 8156 1455 2573 9059 4056 2842 4142 66 7800 6689 8204 8708
 9306 7769 3626 9366 7002 6065 3973 6314 7855 9095 5249 9071 2476 569 5382
 3829 6797 930 3103 4104 7948 7109 890 2181 476 8949 3535 9157 1254 1339
 7196 3608 4711 9791 2162 635 3955 2106 6547 2798 2245 8324 4842 3804 9991
 6474 4187 3282 9916 8070 5510 5589 5592 2455 9636 5189 2311 5251 8801
 8717 3322 5718 6248 7583 2182 2900 1051 9859 5610 6132 1930 6715 5966
 9719 6491 9313 6801 2979 5568 4106 5121 963 1557 1280 4148 1846 4756 9114
 4167 406 5270 4152 9342 5840 4500 4796 3655 7971 2202 3481 3484 1662 8454
 3519 5762 4217 6752 4394 2820 4526 9846 1671 6679 9913 8658 6006 8610
 4433 2652 6649 5561 3370 6591 5825 4839 5546 9856 7821 4907 2688 5188
 5128 7976 7945 7884 3534 661 1185 1524 7103 9928 6168 6067 5918 8275 7267
 9263 6294 4751 5173 4486 8334 1826 665 8826 7510 877 29 7595 9050 7985
 9298 2997 8718 6994 7442 320 529 1621 8591 5037 670 7625 2503 2021 7746
 9348 7557 2347 1174 5967 3311 607 6363 8968 5470 6561 4100 5133 2918 2588
 9276 1388 4018 9033 6906 2841 2398 6293 3109 1243 6331 192 413 3081 1650
 6025 1527 5167 9237 1957 4071 1974 6596 4031 1234 3491 8962 4564 976 5820
 2860 5710 6957 1855 4019 7551 9425 9548 8727 6927 3988 4905 6356 9443
 8646 7265 2878 2252 9075 699 798 5575 2705 7221 6809 4251 907 6832 4674
 7589 8960 3983 9632 3132 2382 3915 9706 2440 5531 3038 2973 1336 2236
 9750 3269 3669 8558 3265 283 3416 8929 156 4418 8259 6990 3277 5484 4981
 9972 404 6709 3805 9350 9067 1841 9945 3365 8137 5113 5304 3606 7262 7646
 419 6379 3953 3497 8969 2150 3198 7314 1502 4639 5605 4289 6299 7664 1509
 2551 948 7382 6242 1043 5023 3639 5734 9499 9017 9303 7188 4956 5015 9211
 6008 2020 8939 5030 7895 4509 7525 6959 4569 2425 9809 6760 3479 2278 587
 9455 3167 1197 6171 5974 7393 2071 4153 3209 2079 172 3429 6245 5786 1699
 3568 9876 7509 3532 6452 8916 956 2755 2920 5566 5597 9534 2521 6384 2281
 5464 1249 7518 7398 2478 8004 2772 4021 7411 5993 9416 9094 2615 1863
 1130 6564 5927 9797 8039 7288 9227 689 7177 7445 8384 2940 1066 9868 7134
 3116 7520 2685 9666 2721 4852 3458 1622 1026 6737 7057 9512 8049 7721
 7711 4605 7544 1166 8038 2713 909 2671 9061 3332 3301 1642 7943 793 6117
 2737 2343 541 9724 9765 9673 3230 547 5041 4629 1732 2823 3356 9989 1695
 1593 9567 2903 268 2016 1927 2417 6434 4138 3967 3270 7905 2006 3067 8688
 1861 4092 1954 7761 6969 4643 8465 9179 7845 7565 3572 8893 6230 8534
 3754 762 7167 5518 4746 4789 8593 7875 2198 9539 4662 9957 2408 4299]
[1029 3451 5148 8156 1455 2573 9059 4056 2842 5482 8005 4142 66 7800 6689
 8204 8708 9306 3765 7769 6993 3626 3554 9366 7002 6065 3973 6314 7855
 9095 5249 2189 9071 2476 569 5382 9449 3829 6797 930 3103 4104 7948 7526
 1833 7109 890 2181 476 8949 3535 9157 1254 1339 7196 3608 9251 4711 9791
 2162 635 3955 2106 6547 2798 2245 8324 4842 3804 9991 6474 4187 3282 7376
 9916 2741 8070 5510 5589 5592 9636 5189 2311 5251 8717 3322 4462 5718
 6248 1051 5610 6132 6715 5966 6801 2979 5568 4106 1557 4167 4152 5840
 2202 6752 6679 7638 1124 5825 5546 5188 5393 4542 7103 4355 8275 3471 665
 9662 7985 7952 320 529 2814 8476 7602 3081 1957 6596 5710 6957 1855 1822
 8377 8727 9443 2252 6832 4674 7589 8960 9632 5531 3038 9350 4658 3365
 9177 419 3198 4639 2551 6242 6728 6959 5266 1587 6 6407 4153 5839 172
 3720 1699 7509 6384 5310 2772 608 5980 2367 5993 9416 7801 5742 8039 9227
 7177 2940 6691 9868 5285 8592 7134 3074 2685 339 6636 8693 8341 5336 3441
 3325 8806 2872 4705 8196 1585 971 8227 5977 7707 8323 3987 4250 7863 1493
 526 7555 1277 9091 6745 6846 6584 7777 2522 4025 3315 1917 1026 6737 6475
 7721 5740 4917 3456 5012 4140 3301 2343 7535 9724 9765 9673 1695 2500
 9087 2006 3067 1970 4960 2124 7761 2701 9692 9032 8893 5939 6230 8287
 8640 2219 2595 8593 910 9539 2089 410 6375 8748 7980 870 8086 2224 1825
 7190 3453 8903 5720 6762 6300 4649 5943 9949 7823 3578 5520 9180 7225
 4192 7867 3019 5488 3327 5192 724 2906 9171 4451 2690 6904 6837 577 3970
 6302 572 1335 9480 2817 9602 623 5399 9477 6566 8462 6335 5623 5129 2280
 8972 6274 8754 4947 43 4652 7095 4624 8629 8208 7720 5469 1235 151 3284
 8758 1107 7062 6614 5378 659 9954 8536 5707 6874 6129 7941 9005 8059 5904
 4568 1632 4172 7983 3866 8197 1449 6240 5530 5442 4404 8723 3533 1074
 3496 1471 6758 1064 2659 4998 1955 1483 5435 166 967 3673 4102 4095 4777
 1890 3918 7343 2757 2062 8664 6428 801 9524 1482 2999 5095 1879 4686 4184
 1261 1588 5221 9308 3919 908 6559 6676 2806 3444 3008 2022 7464 363 3466
 5317 341 3104 1004 2661 2065 1743 6996 2636 9781 9690 452 7779 460 6339
 5126 5687 7994 4052 8474 2320 7930 7899 9379 9757 9230 9619 7991 8598
 7319 8626 4380 2849 3832 5046 3447 2791 48 7426 8689 5356 392 5653 5946
 6700 2085 902 3228 7189 3734 5596 5741 5383 1446 2035 6367 4002 6018 508
 751 739 1853 741 7713 6703 9173 8027 358 3729 8963 1935 4450 1578 3266
 4760 5456 3400 5246 6843 8900 852 3685 4848 4313 5019 7524 2851 7202 8346
 6139 2886 3975 2797 1510 6954 1419 3016 2682 8734 6541 6198 6473 4752]
[1029 3451 5148 8156 1455 2573 9059 4056 2842 5482 4142 66 7800 6689 8204
 9306 3765 7769 6993 3626 3554 9366 7002 6065 3973 6314 7855 9095 5249
 2189 9071 2476 569 5382 9449 3829 6797 930 3103 4104 7948 7526 1833 7109
 2181 8949 3535 9157 1254 7196 3608 9251 4711 2162 2106 6547 2798 8324
 4842 3804 9991 4187 3282 7376 9916 2741 8070 5510 5589 5592 2455 9636
 5189 2311 5251 8801 8717 3322 4462 6248 7583 2182 2900 1051 9859 5610
 6132 6715 5966 9719 6491 6801 2979 5568 4106 5121 963 1557 1280 4148 1846
 4756 9114 4167 5197 406 5270 4152 9342 4500 3342 4796 7998 3655 7971 2202
 3481 8454 4028 3519 7587 5762 4217 150 9235 4394 4526 9846 6679 3809 8658
 6997 1124 6006 8610 2652 8054 6649 5561 6591 8141 5825 5546 5774 9856
 7821 5188 9969 5128 9795 4542 7976 9165 7945 2279 7884 3534 1852 661 1524
 1394 9928 6168 6067 8275 7267 9263 6294 4751 5173 8334 3706 665 8633 7510
 9662 7595 9050 7985 9298 7952 6942 8718 7442 320 529 1621 8591 5037 1251
 2884 670 8705 7625 9146 2503 2021 7746 9348 5207 2347 1174 3311 607 6363
 8968 8476 6561 4100 5133 3436 2918 8814 9276 4539 4018 9033 6906 2841
 6293 3109 1243 6331 192 697 413 3081 9040 1650 1527 5167 9237 6596 3491
 3609 8962 255 4564 2860 5710 4019 8377 6037 5583 893 4905 6356 7265 2252
 9075 699 7221 6809 4251 6832 7589 8960 9632 3915 3038 2973 3269 9149 3669
 8558 3265 3416 6990 3277 9972 6709 3805 9350 9945 3606 9177 7262 7646
 2953 3198 7314 4639 5605 7664 2551 4336 7382 6242 3639 9499 6728 6400
 4817 5015 6008 9438 2020 6959 2425 9809 6760 2191 5266 587 9455 6 5974
 7393 2071 8762 5839 3209 2079 3741 7323 6387 6245 5786 1699 9876 7509
 3779 536 5597 162 2284 5107 2478 779 7024 9797 548 9227 2351 1066 5285
 5047 7134 2685 9963 9666 4769 3441 141 9502 6094 1469 1207 7707 1487 1265
 7863 8035 4084 1763 9537 526 7210 7914 6270 8470 2986 1233 987 5100 6716
 4047 6159 2522 3861 3747 4025 4389 4469 5654 9362 2008 1968 4852 7057
 2190 7544 2713 2733 9248 3332 9517 6685 3301 1642 4271 2737 2343 7752 541
 9724 3575 3230 4629 2381 1695 5634 6511 5284 9582 9087 6434 7905 8688
 4960 1450 6971 4411 379 4746 4789 8593 1028 2089 6003 410 5852 1158 1370
 4373 4000 3487 5720 2848 6593 4763 6762 9949 6733 7959 5520 8649 3019
 5192 4878 4744 9358 5028 7033 6837 3970 2817 623 5168 8406 1747 2489 4652
 3974 8022 151 3386 8371 8210 7137 46 6129 8065 5904 5952 4484 1632 5123
 3195 4507 8725 4437 9260 1236 1606 8433 5442 3708 3388 2659 1817 5210
 7321 2611 8950 6360 407 3658 663 1098 8466 4024 3488 8313 9375 4231 6395
 1005 3673 4601]
[1029 3451 5148 8156 1455 2573 9059 4056 2842 8005 66 7800 8204 8708 9306
 3765 3973 6314 7855 9095 5249 569 5382 9449 3829 6797 3103 2181 8949 7196
 3608 9791 2162 635 2245 3804 4187 9916 8070 5510 5589 5592 9636 8717 7583
 1051 9859 5610 5966 2979 5568 4106 5121 1557 1280 1846 5197 5270 4152
 4500 3342 7998 7971 3940 2202 9263 3167 9143 6407 6245 3181 6464 7509
 2920 5566 6384 7518 5980 342 7445 2351 1066 3241 8306 3116 9963 6636 3325
 2872 971 7707 5108 5497 7243 8323 7818 7798 3774 9539 4662 1028 2089 9957
 2408 6106 8645 6375 2901 7980 870 4373 2224 7303 9904 3487 6286 6593 5943
 1374 4665 4948 3553 3578 127 332 6504 7867 9307 3019 724 315 2906 7581
 9171 4381 8999 5028 2352 7033 499 6953 2817 623 5399 1842 8375 8406 9614
 8486 9477 6566 6335 4111 4859 2298 9547 4157 8972 6274 2078 4947 2828
 5689 3974 1438 7007 8022 8629 823 3386 985 7130 8371 531 8758 7137 3617
 6614 6881 7974 3842 939 40 968 8557 7890 9005 4131 4484 5123 67 2477 6240
 6023 9260 4420 8723 7078 3496 1462 8417 1064 2527 247 5210 2965 2256 6682
 9218 5504 6360 9896 966 6280 6820 2746 663 1098 79 2674 7101 9560 8031
 9999 581 8672 4224 4169 1504 1942 4037 5177 585 4872 6205 6085 2015 5395
 8399 8618 4416 9158 7859 4012 3080 8397 7370 1177 8330 2316 4041 2670
 2139 3807 3239 4095 8888 7561 107 8297 8121 713 4638 1643 7495 2479 2065
 452 7256 3875 8414 5275 8033 2293 7401 7052 8624 5586 602 9505 4262 7165
 5577 8548 1108 2480 1655 7299 3293 2475 9584 7119 3259 9776 1944 2127
 5411 9244 2151 2287 5535 1204 6121 4963 8194 105 1373 3411 5016 7575 7404
 7181 4252 5874 1238 5691 7716 2658 4146 3102 8631 3882 8082 3877 4937
 8777 1150 654 9792 8342 1115 2379 8965 1292 8744 9696 6579 9727 3384 1698
 1014 1135 6635 3949 3705 6871 6925 8175 6063 7819 8139 3142 6644 7689
 9007 4078 8856 6798 826 1171 5339 9167 7973 3835 3105 1148 5600 2868 6592
 9982 8970 5102 8046 3409 7655 9550 1430 3990 1571 8953 9115 4529 4120
 4563 2723 8279 1658 9216 5194 4750 4894 3841 3559 34 4163 8824 9553 7250
 6890 8803 1864 221 60 7159 9576 8990 1240 7397 6202 6603 6917 6587 1310
 5027 3677 5180 5542 1354 556 6052 4476 6170 5785 2769 7496 9772 7685 2744
 8572 5640 7543 1215 7104 687 8045 4487 7929 8262 1211 6324 5328 7770 7254
 5784 2288 899 2614 7856 6144 5174 2061 6772 5390 9833 5602 2155 700 5279
 9444 1095 9770 1893 7213 8461 8599 6391 7684 3857 2154 1090 6166 7478
 8464 2976 5291 4912 4517 3644 8612 735 4636 5433 2523 3851 2780 2864 4865
 7270 5367 6805 5528 3345 9830 3357 6854 5731 2696 7406 5412 9700]
[3451 5148 8156 1455 2573 9059 4056 2842 5482 8005 4142 66 7800 6689 8204
 8708 9306 7769 6993 9366 6065 3973 6314 7855 9095 5249 9071 2476 5382
 9449 930 3103 4104 7526 1833 7109 890 476 8949 3535 1254 1339 3608 4711
 9791 2106 2798 8324 4842 3804 9991 6474 9916 2741 8070 5589 5592 2455
 5189 5251 8801 8717 3322 4462 5718 6248 7583 2900 1051 2986 987 6558 6485
 6584 6164 7665 6159 9709 3861 8764 3747 3789 6478 1917 9362 1026 8128
 7057 9684 8239 1166 909 5012 2733 2671 9061 1943 793 5349 6117 2737 2343
 7751 7752 5257 4629 1695 9567 2903 6511 2429 2016 1927 7584 4960 7845
 7565 379 8287 4742 4789 8593 7875 910 2408 5852 5090 8748 870 8086 6140
 7190 4000 8774 6444 8515 4763 1945 7568 1374 3578 9180 5685 4192 6504
 7867 9307 565 3760 3045 9171 7105 8825 2352 499 4237 577 6953 1335 623
 5168 8486 8462 5129 4111 2298 9547 6730 994 43 3179 7906 7095 8022 1165
 7720 5469 1235 531 7505 5119 8758 8210 1107 6881 3047 5378 8557 9954 7004
 5707 7890 6874 6129 2698 9005 6447 8065 9598 5904 4131 9191 6774 3767
 4568 1632 4172 5123 7654 5088 3866 4507 67 2477 1449 9743 8725 1050 5816
 1606 8433 4404 8723 3533 4802 1074 3708 5601 6758 4998 1955 1817 1483
 2839 5435 2965 2256 7790 2850 2611 6381 586 3140 4042 8950 5746 5504 352
 6360 407 6280 1572 6820 7069 166 2746 663 79 7915 5297 9375 7643 8672
 8582 9496 4143 5672 57 8251 9364 8360 3087 6608 5867 9158 7370 7228 3807
 7736 2491 2209 8034 9210 8808 738 3693 5220 4825 2062 2794 6428 359 2639
 3895 4184 4424 1745 7222 1004 6463 6076 6211 5919 5473 9379 4836 2849
 6422 6671 8564 3174 1792 8379 3139 2223 12 3463 8742 9731 703 2201 5021
 4417 684 8885 2874 3916 1608 58 2539 9134 467 5206 6190 9746 8894 5229
 1555 6643 2353 6130 7909 3197 4438 620 3744 2859 2890 2066 8555 7780 6165
 6396 9321 7966 3667 7422 1324 8531 7765 6066 8991 6508 4841 4303 4165
 8403 5823 3006 3350 7064 9837 4407 3520 3105 4097 4815 5810 385 9982 831
 3505 5711 5384 2254 6501 7006 1175 6492 1479 8046 3409 847 611 2096 4026
 5456 8248 2549 9058 5940 5321 4149 4906 9115 1924 5176 7366 2945 7011
 9681 6735 9718 3863 8223 1730 4034 9216 1630 8860 4921 11 2070 6482 8078
 9594 7600 8015 913 1864 8155 3582 5098 2513 4175 4115 7166 756 8990 8426
 2888 1240 6603 62 4278 582 9066 9426 9988 5872 4376 4268 3042 514 3287
 790 8117 1183 2612 4284 4783 106 8244 676 9388 9285 298 7408 5753 2054
 1013 365 943 8853 4712 9642 7835 658 7607 5362 5688 4975 5477 5677 4971
 2157 1794 7967 9121 3200 9223 4075 743 6851 1198 4287 479 7091 8798 4526]
[1029 3451 5148 8156 1455 2573 9059 4056 2842 5482 4142 66 7800 6689 8204
 8708 3765 7769 3626 3554 9366 6065 3973 6314 9095 5249 2189 9071 2476 569
 5382 9449 3829 6797 3103 4104 7948 7526 7109 2181 476 8949 3535 9157 1254
 1339 7196 3608 9251 4711 9791 2162 635 3955 2106 6547 2798 2245 8324 4842
 3804 9991 6474 4187 3282 7376 9916 2741 8070 5510 5589 5592 2455 9636
 5189 2311 5251 8801 8717 3322 4462 5718 6248 7583 2182 2900 1051 5610
 6132 6715 5966 9719 6491 6801 2979 5568 4106 5121 963 1557 1280 4148 1846
 4756 9114 5197 5270 4152 9342 5840 4500 3342 4796 7998 3655 7971 3940
 2202 3481 3484 8454 4784 7587 4217 150 9235 6752 4394 2820 4526 9846 1671
 6679 3809 9913 8658 6997 1124 6006 8610 2652 8054 6649 3370 6591 8141
 4839 5774 9856 4907 2688 5188 9969 5393 9795 4542 7976 9165 7884 3534
 1852 1185 1524 7103 1394 4355 9928 6168 6067 4922 8275 9263 3471 6294
 4751 51 5173 4486 8334 3706 665 8826 8633 7510 877 9662 7595 9050 7985
 9298 2997 8718 6994 7442 320 529 8591 1251 2884 670 8705 7625 9146 2503
 2021 7746 2814 9348 5207 7557 2347 1174 5967 3311 607 6363 8968 4422 8476
 6561 7602 1312 4100 5133 3436 2918 8814 2588 1388 4539 4018 6906 6293
 1243 6331 3187 192 1650 6025 1527 5167 1922 9237 1974 6596 4031 1234 3609
 8962 931 255 1586 4564 976 5710 1822 7551 8377 6037 9425 9548 5583 8727
 3988 7026 6356 9443 5241 8646 7265 2878 2252 699 798 7221 2359 6809 6832
 7589 8960 3983 3132 2382 3915 9706 3038 2973 3269 8558 3265 3416 8929 156
 4418 6990 3277 3805 3833 1841 4658 3365 8137 9177 7262 7646 419 3953 3198
 7314 1502 6299 7664 2551 948 6242 5734 9499 9017 7188 4956 9211 2020 5030
 7895 7525 4569 9809 6760 9064 3479 5266 5648 3167 42 9143 6 6407 2071
 4153 1910 5839 2991 7323 4570 558 8866 3429 5786 3181 3720 9876 7509 3532
 956 9534 6384 4930 162 7307 7518 5310 5107 2302 2323 4021 9441 5993 7962
 7801 5742 8009 689 8384 2196 6691 7545 971 8227 5977 7798 1460 2498 2779
 1058 1487 1810 7591 5125 2161 7863 1626 5136 2082 4739 2617 9645 4764
 1277 9091 474 7851 7070 1053 389 8877 1233 987 9325 6928 6846 6716 6368
 6164 4047 6159 8178 2299 3315 7057 2190 8569 9934 1166 8038 3456 909 6868
 2671 9061 3401 1892 1943 6685 6788 3301 7943 2737 1152 9148 7752 3575
 3230 3356 9989 9567 9661 5634 6511 6225 7112 9022 9582 7584 3270 7441
 7905 1861 1954 4411 2701 7845 7565 8640 2219 5518 8678 910 4662 2089 6003
 8645 410 5852 7980 1158 8086 1370 7190 9904 3453 8048 2848 8515 6593 2057
 4763 5943 1374 332 5028 43 3613 9005 1471 5601 1064 9693 5026 9127 1920]
[1029 3451 5148 8156 1455 2573 9059 4056 2842 5482 8005 4142 66 7800 6689
 8204 8708 9306 3765 7769 6993 3626 9366 7002 6065 3973 6314 7855 9095
 5249 2189 9071 2476 569 5382 9449 6797 930 3103 4104 1833 7109 890 2181
 476 8949 3535 1254 1339 7196 3608 4711 9791 2162 635 3955 2106 6547 2798
 2245 8324 3804 6474 7376 9916 2741 8070 5510 5589 5592 2455 9636 5189
 2311 5251 8801 8717 3322 4462 5718 6248 7583 2182 1051 9859 5610 6132
 1930 5966 9719 6491 9313 6801 2979 5568 4106 5121 963 1557 4148 1846 4756
 9114 4167 5197 406 5270 4152 9342 5840 4500 3342 3655 7971 2202 3484 4028
 3519 7587 5762 4217 150 9235 6752 2820 4526 9846 1671 6679 3809 7638 8658
 1124 6006 4433 6649 5561 6591 4839 5546 5774 9856 7821 2688 5188 5393
 4542 7976 9165 7884 1852 1185 7103 1394 4355 9928 2136 6168 6067 8275
 3471 4751 51 8334 3706 665 8633 7510 877 9662 29 9298 7952 6942 2997 8718
 6994 320 529 8591 2884 7625 9146 2503 7746 9348 5207 7557 2347 1174 5967
 3311 607 6363 4422 8476 5470 6561 1312 4100 5719 3436 2918 2588 9276 1388
 4539 4018 9033 8429 2841 2398 3109 1243 6331 3187 192 413 3081 9040 2444
 1527 9237 1957 4071 1974 6596 4031 1234 3491 8317 3609 931 1586 4564 976
 5820 5710 6957 9149 3669 8558 283 3416 9160 4418 7249 6709 3805 9067 3833
 1841 9945 3365 2953 419 213 3953 8969 2150 3198 6299 7664 2551 4336 948
 6404 5023 3639 5734 9017 7188 4956 2020 5030 7895 4509 2425 6760 2191
 7013 3479 2278 9455 155 9143 6 3224 1910 3209 2079 3741 7323 6387 7049
 3429 5786 3720 1699 3568 8916 3779 2281 1249 7398 5107 2478 2302 9441
 9416 2615 1863 7801 6564 3258 8039 2196 6691 5285 7134 3528 339 9865 5336
 3441 8436 8471 8806 2872 5066 9292 4810 8196 1585 971 2593 7818 9487 9935
 3987 5172 7798 3774 2498 2097 860 1487 1810 7591 8041 8035 6231 9537 2419
 4739 526 3106 9645 7555 4764 2123 1784 9215 4726 474 8784 7851 9351 8470
 14 595 2485 987 405 6485 6846 5100 6368 4047 7777 2522 1848 7660 3588
 5654 2008 3458 1622 8049 5740 7711 2438 9934 9536 2713 4082 1836 5012
 2671 1892 3332 1943 6788 7943 4271 2343 7751 1561 9765 547 6416 1732 9989
 9247 1695 9238 9567 6511 6799 9582 2417 7047 3270 7441 8688 4092 6971
 6969 4411 7565 5939 8287 4742 7822 7167 8678 4746 4789 910 2198 2089 6003
 8645 5090 8748 2901 7980 2224 1825 560 5720 8515 6593 1945 6762 4649 1374
 9949 6733 4665 4948 7823 3553 9604 5520 127 9180 4088 5685 7225 1399 7867
 565 8649 3045 724 2906 4451 6904 6953 3970 623 5168 279 1842 8486 9477
 8906 5129 4111 9804 9547 6402 4157 43 2828 5689 7007 8629 7037]
[1029 3451 5148 8156 1455 2573 9059 4056 2842 5482 8005 4142 66 7800 6689
 8204 8708 3765 7769 6993 3626 3554 9366 7002 6065 3973 6314 7855 9095
 5249 2189 9071 2476 569 5382 9449 3829 6797 930 3103 4104 7948 7526 1833
 890 2181 476 8949 3535 9157 1254 1339 3608 4711 2162 635 3955 2106 6547
 2798 2245 8324 4842 3804 9991 6474 4187 3282 7376 9916 2741 8070 5589
 5592 2455 9636 5189 2311 5251 8717 4462 6248 7583 2182 2900 1051 9859
 5610 6132 5966 9719 6491 9313 6801 2979 5568 4106 5121 1557 4148 1846
 4756 9114 4167 5197 406 5270 4152 9342 5840 4796 7971 3940 3484 4784 5762
 4217 150 9235 6752 4394 2820 4526 1671 6679 3809 9913 7638 6997 1124 8610
 8054 5561 6591 8141 5825 5546 9856 7821 4907 5188 5393 9795 2279 1524
 7103 9928 2136 5918 8275 3471 4486 3706 665 9662 9050 9298 7952 8718 6994
 7442 320 529 1621 8591 5037 2884 670 7625 9146 2503 7746 2814 9348 1174
 3311 607 6363 8968 4422 5470 6561 1312 4100 5133 3436 2918 9276 1388 4539
 4018 9033 3109 3187 697 3081 2444 1922 1974 6596 3491 3609 8962 931 1586
 4564 6957 4019 1822 7551 9425 893 3988 7026 2878 699 798 5575 2705 7221
 2359 6809 4251 6832 4674 7589 3983 9632 2382 2973 1336 9750 9149 8558
 9160 8929 4418 7249 8259 9972 3805 9350 9067 1841 9945 3365 5113 5304
 2953 213 6379 3953 3497 4289 4336 7382 6404 5734 9499 6728 9017 6400 7188
 5015 6008 8939 7895 4509 7525 2191 7013 3167 1197 6171 1910 558 6387 172
 5786 3181 3720 1699 3568 7509 6452 956 3779 2920 5566 2521 2615 8009 8384
 6691 9487 5100 1848 4469 6807 9684 7544 1166 937 3456 2713 909 6868 1836
 5012 2733 9248 2671 4140 1892 6685 4271 2737 7751 9148 5257 9724 3575
 8425 5041 4629 8878 2823 3540 3356 1695 8485 2903 9661 2467 5634 6511
 2500 6163 2417 2006 3067 8728 4960 4092 3026 1954 7761 6971 4643 2701
 9179 9692 379 3572 8893 5939 6230 8287 8640 2219 4742 3754 762 7167 8678
 4789 8593 7875 910 2198 9539 2089 6003 6375 1596 8748 7980 1158 4373 7190
 921 4000 3453 8774 3487 2848 6444 8515 6593 4763 1945 7568 6762 9949 1065
 4948 3553 3578 9604 1458 9180 4088 2580 5685 7225 1399 4192 6504 5488
 3739 724 6119 9358 6904 8999 2352 499 6302 623 9614 9477 8462 4859 2298
 4157 9028 2280 8972 6274 6730 5689 4652 7906 3974 7095 4624 425 823 985
 7137 3617 1107 344 6658 3047 1744 46 6874 8059 6774 4568 4172 5123 7654
 7983 5088 67 1449 4437 6023 9260 4420 6020 8723 1074 6433 1385 8417 6077
 2942 2965 7916 966 7069 967 2746 8024 511 8683 4664 7101 8313 9375 5492
 4231 8958 8568 4920 5231 359 9389 6138 8790 4753 9141 3263 7283 3991 1757
 6758]
