Fault List:
68
60
76
68
76
67
66
69
70
70
72
70
75
59
69
67
70
67
72
72
72
76
55
71
72
72
68
40
70
68
FDR List:
0.4788732394366197
0.4225352112676056
0.5352112676056338
0.4788732394366197
0.5352112676056338
0.47183098591549294
0.4647887323943662
0.4859154929577465
0.49295774647887325
0.49295774647887325
0.5070422535211268
0.49295774647887325
0.528169014084507
0.4154929577464789
0.4859154929577465
0.47183098591549294
0.49295774647887325
0.47183098591549294
0.5070422535211268
0.5070422535211268
0.5070422535211268
0.5352112676056338
0.3873239436619718
0.5
0.5070422535211268
0.5070422535211268
0.4788732394366197
0.28169014084507044
0.49295774647887325
0.4788732394366197
Time List:
203.92156505584717
194.23914504051208
202.1280801296234
181.87577509880066
187.47582936286926
196.7772080898285
176.74387884140015
197.86846709251404
184.35053181648254
193.73194336891174
200.69577813148499
182.21722102165222
191.1029829978943
200.65459203720093
193.2874071598053
193.18931770324707
184.73721289634705
210.27841305732727
194.50516486167908
163.50734496116638
175.6198980808258
188.55226492881775
196.34808683395386
180.3143789768219
191.2593789100647
191.73244214057922
185.58693313598633
184.6751868724823
184.34873795509338
185.870707988739
Subset List:
[1029 3451 5148 8156 1455 2573 9059 4056 2842 5482 8005 4142 66 7800 6689
 8204 8708 9306 3765 7769 6993 3626 3554 9366 7002 6065 3973 6314 7855
 9095 5249 9071 2476 569 5382 9449 3829 6797 930 3103 4104 7948 7526 1833
 7109 890 2181 8949 3535 9157 1339 7196 3608 4711 9791 2162 635 3955 2106
 6547 2798 4842 3804 9991 6474 4187 3282 7376 2741 8070 5592 2455 9636
 5189 2311 5251 8717 3322 4462 5718 6248 7583 2182 2900 1051 9859 5610
 6132 1930 6715 5966 9313 2979 5568 4106 5121 963 1557 4148 1846 4756 9114
 4167 5197 5270 4152 9342 5840 4500 7998 3655 7971 3940 2202 3484 1662
 8454 4028 4784 3519 7587 5762 4217 150 9235 6752 2820 4526 1671 6679 3809
 8658 6997 6006 8610 4433 8054 5561 3370 6591 8141 5825 4839 5546 5774
 9856 4907 5188 5128 5393 9795 9165 7945 2279 7884 1852 661 1185 1524 7103
 4355 9928 6168 6067 8275 7267 6294 4751 5173 4486 8334 7510 877 7595 9050
 7985 7952 6942 2997 6994 7442 320 529 5037 1251 2884 8705 7625 2021 2814
 9348 5207 7557 2347 1174 5967 3311 6363 8968 4422 8476 7602 4100 3436
 8814 1388 4539 6293 3109 6331 192 9040 1650 6025 2444 1527 1922 9237 1957
 6596 4031 1234 3491 3609 255 1586 2860 6957 4019 1822 6037 6721 5583 893
 9443 5241 8646 7265 9075 699 6809 4251 907 9632 3132 9706 2440 6299 7664
 948 7382 5023 5734 9211 2020 8939 7525 2425 9809 6760 2695 2191 5266 1587
 587 5648 3167 155 5974 4570 558 3720 3568 5566 5597 9534 6384 2281 5464
 1249 5107 2772 7024 2615 1863 1130 3258 9797 1066 1777 711 3116 7520 7974
 997 7853 5756 4109 6972 3506]
[1029 3451 5148 8156 1455 2573 9059 4056 2842 5482 8005 4142 66 8708 9306
 3765 7769 6993 3626 3554 9366 7002 6065 3973 6314 9095 5249 2189 9071
 2476 569 5382 9449 3829 6797 930 3103 4104 7526 1833 7109 890 2181 476
 8949 3535 1254 1339 7196 3608 9251 4711 9791 2162 635 3955 2106 6547 2798
 2245 8324 3804 9991 6474 4187 3282 7376 9916 2741 8070 5510 5589 9636
 5189 2311 5251 8801 8717 3322 4462 5718 7583 2182 1051 9859 5610 6715
 5966 9719 9313 6801 2979 4106 5121 963 1280 4148 1846 4756 9114 5197 406
 5270 9342 5840 4500 3342 4796 7998 7971 2202 3484 1662 8454 4784 3519
 4394 2820 4526 3809 1124 6006 4433 2425 7024 1469 7660 6475 7721 4082
 9248 4271 2343 9148 5257 9765 9673 3230 547 6416 3704 3356 1593 8485 2903
 2467 5284 268 9022 2016 9582 4138 3967 3067 933 4092 7845 7565 6230 5964
 8640 2219 2198 1028 870 6286 4646 3327 7105 4965 2817 5399 8406 3179 7720
 5119 968 5904 5123 8725 7078 6758 8417 5210 9218 352 6360 2746 663 79
 4024 9863 8313 9999 9375 581 6085 2015 5672 57 7613 5018 8487 9127 6149
 4416 6869 4985 9210 5683 2356 8787 6850 6428 9690 9880 6875 3794 5014
 2320 5025 1396 7741 7258 9601 3071 6833 4896 3262 1294 7766 2076 8205
 9505 2289 803 2677 2378 9885 726 3642 7713 6963 9715 9975 3399 3266 1114
 3250 472 9107 7431 3562 7987 7248 3017 3006 962 9150 4032 8767 9837 1127
 7572 4360 5033 9164 8740 110 7455 7235 4347 1772 592 9982 2761 5364 1727
 917 2862 2095 772 1958 4913 6794 1722 7156 8046 8543 6677 9550 9058 6060
 1 7011 6506 8279 3863 2863 4783]
[3451 5148 8156 1455 2573 9059 4056 2842 5482 8005 4142 66 6689 8204 8708
 3765 7769 3626 3554 9366 6065 3973 6314 7855 2189 9071 2476 569 5382 9449
 3829 6797 930 3103 7948 7526 7109 890 2181 476 9157 1254 1339 3608 9251
 4711 9791 2162 635 3955 2106 6547 2798 2245 8324 4842 3804 9991 6474 4187
 3282 7376 9916 2741 5510 5589 5592 9636 5189 2311 5251 8717 3322 4462
 6248 7583 2182 2900 1051 9859 5610 6132 6715 5966 6491 9313 6801 2979
 5568 4106 963 1557 1280 4148 1846 4756 9114 5197 406 4152 9342 5840 4500
 4796 3655 7971 3940 2202 3481 3484 1662 3519 5762 4217 150 9235 6752 4394
 2820 1671 6679 7638 6997 1124 2652 6649 5561 6591 8141 5825 4839 5546
 9856 7821 4907 2688 5188 9795 2279 3534 1852 661 1185 1524 1394 4922 8275
 9263 3471 6294 51 5173 8334 1826 8633 7510 9050 2997 320 529 8591 5037
 670 8705 7625 9146 2503 2021 7746 2814 9348 5967 607 6363 5470 6561 7602
 1312 4100 3436 2918 2588 9276 1388 4539 9033 6906 8429 2398 3109 6331 192
 697 1650 1527 9237 1957 1974 4031 3491 8317 255 1586 976 5820 5710 6957
 6037 6721 9425 5583 893 6927 2331 3988 6832 4674 9632 3132 2382 3915 9706
 3038 3269 3669 8558 3265 9160 8259 6709 3805 9067 3365 8137 5304 7262
 7646 1731 419 6379 3953 8969 7314 5605 7664 4336 2086 6404 1043 5023 3639
 7895 3568 8806 9292 4705 7545 8196 5429 1585 8323 7818 9487 5172 5070
 2779 5391 1810 2894 2899 5125 4250 2161 7863 4084 1763 6231 4449 2419
 2617 526 5981 1285 7555 4764 7210 6745 8784 389 9351 2312 2554 2485 405
 6485 6846 5100 6716 6368 5803]
[1029 3451 5148 8156 1455 2573 9059 4056 2842 5482 8005 4142 66 8204 8708
 3765 7769 6993 3626 3554 9366 7002 6065 3973 6314 7855 9095 5249 2189
 9071 569 5382 9449 3829 6797 930 3103 4104 7948 7526 1833 7109 890 2181
 476 8949 3535 9157 1254 1339 7196 3608 9251 4711 9791 2162 635 3955 2106
 6547 2798 2245 8324 4842 3804 9991 4187 3282 9916 2741 8070 5589 5592
 2455 9636 5189 2311 5251 8801 8717 3322 4462 5718 6248 7583 2900 9859
 5610 6132 1930 6715 5966 9719 6491 9313 6801 2979 5568 4106 5121 963 1557
 4148 4756 9114 4167 5197 406 5270 4152 9342 5840 3342 4796 7998 3655 7971
 3940 3481 3484 1662 8454 4028 3519 7587 5762 4217 4394 2820 4526 1671
 6679 3809 9913 7638 6997 2279 7884 3534 1852 1185 1524 1394 9928 2136
 6168 6067 5918 4922 7267 9263 3471 6294 4751 51 4486 1826 665 8826 8633
 877 9662 29 7595 9050 7952 2997 8718 6994 7442 320 2884 8705 7625 2503
 7746 2814 9348 5207 1174 3311 607 8968 8476 5470 1312 5133 5719 3436 8814
 4539 4018 9033 6906 2841 3109 1243 6331 3187 192 697 3081 1527 5167 1922
 9237 1957 4071 1974 4031 3491 3609 8962 255 1586 4564 5710 6957 1822 8377
 6037 9425 5583 893 2331 7026 9443 5241 8646 2878 9075 7221 2359 6809 4251
 907 6832 7589 9632 5531 3038 2973 1336 2236 3269 9149 3669 3265 283 3416
 9160 156 4418 7249 6990 5605 9499 5310 8009 5012 2903 1927 7905 2124 1954
 379 8534 7167 8678 4746 2089 9957 6106 7980 1370 1825 6733 4948 3578 1458
 9180 332 1399 9307 3739 2906 7581 9171 1842 1236 1074 1471 9919 6758 1817
 1483 5435 5210 2965 6060]
[1026 5634 3588 1029 8708 4100 9736 4104 4106 8204 2573 7182 8717 9237
 4629 1557 3608 6679 1051 5148 2589 2079 9248 6689 3106 3103 9251 4646
 2089 3626 4140 8748 558 5167 4142 4148 5685 6710 565 4152 2617 1593 4665
 6201 2106 6715 9791 7746 66 5189 7751 3655 2124 6733 1622 6230 5718 7769
 4187 2652 6752 8801 9313 1124 5734 4711 6760 6248 5228 3181 2162 9846
 4217 3706 635 1662 1152 5249 5762 5251 9348 9349 2181 7303 8324 9859 4746
 1671 9868 4237 6286 2189 6801 2705 9876 4756 9366 5270 3224 2713 2202 155
 150 6293 6302 3754 6314 6140 2733 9904 4784 7346 3765 2741 8375 9913 7867
 9916 4796 192 7362 8903 5839 7376 5840 1234 3282 6868 724 8406 5852 3809
 1251 3301 7398 1254 9449 4842 2798 3311 1777 3829 8949 6904 3322 6400
 2817 1280 9719 8960 9989 5382 2823 9991 2311 8454 7945 4878 3342 2838
 1312 7971 2343 6953 1833 4394 9517 6959 1842 1846 7992 1336 7998 9023
 2884 8005 9032 6474 6475 2381 5966 6993 4433 4948 2900 6997 2903 2906
 7002 6491 2398 9567 9059 1892 7525 2918 4965 2920 2408 5482 7526 3436
 3940 9071 2417 7026 3955 1910 6006 7544 6008 5497 3451 8054 1917 3458
 3973 8070 7047 9095 5510 1930 7557 909 5518 9614 5520 7059 4500 3988 406
 5015 2967 1945 2455 9114 3481 4509 3484 2973 7584 9632 930 2467 9636 2979
 7587 1450 2476 5037 8111 1455 6065 2997 4028 4031 5568 3519 6591 7103
 6596 9157 2503 3528 3535 8658 4564 9685 5589 7638 2008 4569 2521 6618
 9180 5597 8156 4056 6112 476 4579 2020 3045 6119 5592 4071 5610 3568 8688
 6132 1527 6649 3578 3067 4092 6654 7167 1363 6478 6383]
[1029 3451 5148 8156 1455 2573 4056 2842 5482 8005 4142 66 7800 6689 8204
 8708 9306 3765 7769 6993 3626 3554 9366 7002 6065 3973 6314 7855 9095
 5249 2189 9071 2476 569 5382 9449 3829 6797 930 3103 4104 7948 7526 1833
 7109 890 2181 476 8949 3535 1254 1339 7196 3608 9251 4711 9791 2162 3955
 2106 2798 8324 3804 6474 4187 3282 9916 2741 8070 5510 5589 2455 9636
 5189 2311 5251 8801 8717 4462 6248 7583 2182 2900 1051 9859 5610 1930
 6715 9719 6491 6801 2979 5568 5121 963 1557 1280 4148 1846 4756 9114 4167
 5197 406 5270 4152 4500 3342 4796 7998 7971 3940 2202 3481 3484 8454 4028
 4784 3519 7587 5762 150 6752 4394 2820 4526 9846 1671 6679 9913 8658 6997
 1124 8610 4433 2652 8054 5561 3370 5825 9856 7821 4907 2688 5393 9795
 4542 9165 7945 2279 7884 661 7103 9928 6168 6067 5918 4486 665 7595 8718
 1621 5037 2884 9146 7557 1174 3311 4422 7602 5133 5719 8814 6906 2398
 3081 9040 1650 1527 5167 9237 1957 4071 3491 8317 3609 931 255 1586 4564
 976 5820 1822 6037 893 3988 4905 5241 8646 7265 2878 2252 699 798 6809
 907 6832 4674 8960 3983 3132 2440 3269 156 4418 4981 3805 9067 1841 5304
 9177 7262 2953 419 213 2150 5605 7664 4336 7382 6404 1043 3639 9303 4817
 5015 8939 7895 7525 6760 2191 7013 3167 42 7393 4153 8762 5839 2079 2991
 558 6387 172 7049 5786 3181 1699 3568 3779 2920 5566 5597 2521 162 5310
 779 2302 7024 5980 9441 7962 7801 5927 3258 7288 7177 2196 1066 5047 1777
 711 6636 9865 4973 2872 8196 1585 5108 7818 9935 1058 1487 7591 4250 8716
 2082 9537 2419 1493 7628]
[1029 3451 5148 8156 1455 2573 9059 4056 2842 5482 8005 4142 66 7800 6689
 8204 9306 3765 7769 3626 3554 9366 7002 6065 3973 6314 7855 9095 5249
 2476 569 5382 9449 3829 930 3103 4104 7948 7109 2181 476 8949 3535 9157
 1254 1339 7196 3608 9251 4711 9791 2162 635 2106 6547 2798 8324 4842 3804
 9991 6474 4187 3282 7376 9916 8070 5510 5589 5592 2455 9636 5189 2311
 5251 8801 8717 3322 4462 5718 1051 9859 5610 6132 6715 9719 6491 6801
 5568 4106 5121 963 4148 1846 4756 9114 4167 406 5270 4152 9342 5840 4500
 3342 7998 3655 7971 3940 2202 3481 3484 1662 4028 7587 6752 4526 6679
 3809 9913 7638 8658 6997 1124 6006 8610 8054 6649 5561 3370 6591 8141
 4839 5546 9856 7821 2688 5188 9969 5393 4542 7976 9165 7945 2279 1852 661
 1524 7103 1394 6168 6067 5918 7267 9263 4486 8334 665 8633 7510 877 29
 7595 9050 7985 9298 7952 8718 320 1621 5037 2884 670 8705 7625 9146 2814
 9348 7557 1174 3311 607 6363 8968 8476 5470 1312 5133 3436 2918 9276 1388
 4539 6906 8429 2841 3109 6331 3187 697 3081 9040 1650 1527 5167 1957 4071
 1974 6596 3491 8962 931 976 5820 6957 1855 4019 6037 6721 893 2331 3988
 6356 9443 5241 2878 7221 2359 6809 907 6832 8960 3983 9632 3915 9706 2440
 2973 1336 9750 9149 3669 283 3416 3277 5484 4981 3365 8137 5304 7262 7646
 8969 2150 4639 7664 2551 7382 9499 6400 4956 5015 7895 7525 9809 7013
 5266 5648 9143 4153 3741 2991 8866 172 3181 9876 6452 2920 9534 2521 6384
 2281 2772 1611 5980 2367 7962 5742 5927 7288 9227 8384 5047 7134 3528
 5673 7571 8260 4348 3261 9321 6299]
[1026 5634 8708 1029 4100 1028 9227 8204 2573 8717 14 5136 1043 531 9237
 3606 3608 8728 1051 5148 7196 29 3103 4639 6689 3614 6691 8227 3617 7720
 7721 1066 2089 5172 7221 4662 2615 5685 569 4665 7225 565 9791 66 7746
 5189 9797 2629 5192 2123 9804 6733 5710 7244 5707 8275 5718 5207 5720
 7769 9306 1747 7262 607 8801 6248 6762 8300 8814 623 2162 7798 8826 3708
 8317 5249 6274 9859 9348 2181 8323 4746 9868 2189 6797 4751 8334 6801
 2191 2190 6286 661 9366 6293 2198 665 6809 5786 4763 3739 8347 1695 1185
 4769 674 8353 6314 1197 8878 7855 689 3765 2741 7867 8893 6846 8384 4289
 7875 8903 9928 9416 4810 8906 7884 7376 4817 3282 3281 6356 8916 7382
 7895 5336 724 4826 1243 3804 6363 9438 2779 9443 3301 1254 2279 6375 9449
 4842 2280 3311 1265 7411 9972 3829 8949 3839 6402 5382 9991 2311 7945
 8969 5899 8462 6416 7445 7959 5399 2841 2842 4381 1822 2848 7974 2343
 2347 9004 7981 7985 1841 5939 6452 8406 1334 5943 2872 9023 320 9539 8005
 9033 5964 2900 6485 8534 4948 3416 5977 7002 6491 2906 7004 4960 3429 870
 4965 9064 2920 5482 5993 1388 2408 9071 7024 3441 1394 7535 2417 6003
 1910 1399 6008 5497 3451 379 8059 9087 1922 9602 9604 3973 8070 9095 5510
 9094 7047 8580 2444 6023 910 3471 8591 7057 8593 6037 8086 4509 413 3487
 7584 6561 4000 7581 9636 4511 5030 6566 7078 3497 1450 1455 8111 6065
 4018 948 1974 9143 9146 9149 9662 7103 4031 8640 7105 7109 9157 9160 9673
 3534 976 4564 5589 2006 4056 5592 2521 474 8156 3038 3553 3554 5605 5610
 9358 9709 7664 3578 3067 4092 6324]
[1029 3451 5148 8156 4056 2842 5482 8005 4142 66 7800 9306 7769 6993 3626
 3554 9366 6065 3973 6314 7855 9095 5249 2476 569 9449 3829 6797 930 3103
 4104 7948 1833 890 2181 476 9157 1254 1339 3608 9251 4711 9791 2162 3955
 2106 2798 2245 8324 3804 9991 4187 3282 7376 2741 5510 5592 2455 9636
 5189 2311 4462 5718 7583 2900 1051 9859 5610 6132 9719 6801 2979 4106
 5121 963 1557 1280 4148 1846 4167 406 4152 5840 4500 3342 4796 7998 7971
 2202 3484 8454 3519 7587 5762 4217 9235 6752 4394 2820 9846 6679 7638
 8658 6006 8610 8054 5561 5188 5393 9795 4542 7976 7945 3534 1852 661 1185
 7103 4355 9928 6168 5918 9263 3471 4486 3706 7510 877 29 7595 9298 7952
 6942 2997 8718 7442 320 8591 2884 670 2503 2021 7746 2814 9348 5207 7557
 2347 1174 3311 607 6363 8968 4422 7602 1312 4100 5133 5719 2588 9276 1388
 4018 6906 2841 2398 6293 6331 3187 192 697 413 3081 1650 6025 6809 907
 7589 8960 3983 2382 9706 1336 2236 9750 3269 9149 156 6990 3277 4981 9067
 3953 2150 7314 5605 4336 6404 1043 5734 6400 6008 5030 7895 7525 9809
 6760 1587 587 155 9143 1910 7323 172 3429 6245 5786 7509 6452 9349 7307
 5310 2302 2323 6564 5927 5108 3588 5654 1917 2008 5740 9684 9536 3332
 1943 793 2343 9148 9673 3230 547 1732 2823 3540 9989 8485 2429 5284 268
 9022 6799 2507 2417 8688 1861 2124 4092 1954 7761 2701 9179 379 8287 8640
 2219 7822 4789 7875 2198 9539 6003 9023 4272 7980 8086 7303 1825 921 3487
 5720 2848 6593 2057 4649 6733 1065 3553 7959 6654 7225 4192 6504 8512
 3019 3045 3739 7581 4451 7253]
[1029 3451 5148 8156 1455 2573 9059 4056 2842 5482 8005 4142 66 7800 6689
 8204 8708 9306 3765 7769 3626 3554 9366 7002 6065 3973 6314 7855 9095
 5249 2189 9071 2476 569 5382 9449 3829 6797 930 3103 4104 7948 7526 1833
 7109 890 2181 476 8949 9157 1339 7196 3608 9251 4711 9791 635 3955 2245
 8324 4842 3804 9991 6474 4187 3282 7376 2741 8070 5510 5589 5592 2455
 9636 5189 2311 5251 8801 8717 3322 4462 5718 6248 7583 2182 2900 9859
 5610 6132 1930 5966 9719 6491 9313 6801 5568 4106 5121 1557 1846 5197 406
 5270 4152 5840 4500 3342 7998 3655 3940 2202 3484 1662 8454 7587 4217 150
 6752 4526 1671 3809 8658 6006 8054 6649 3370 5825 5546 2688 4542 7945
 2279 1852 7103 1394 6168 6067 7952 2997 6994 7442 320 1621 1251 7625 2021
 2814 9348 2347 3311 607 4422 5470 1312 4100 5719 2918 8814 2588 2398 6293
 3109 1243 697 1650 1957 4071 1974 6596 8317 3609 1586 5820 5710 6957 1822
 8377 6037 5583 6356 5241 8646 7265 2878 7221 6832 4674 3915 3038 2973
 1336 3277 5484 404 3833 1841 3365 5304 7262 3953 2150 4639 4289 7664 1509
 2551 7382 6242 6404 1043 4817 6008 9438 5030 7895 4509 7525 6959 9809
 7013 3479 9455 1197 5974 3224 2071 1910 3209 2079 2991 8866 172 6245 3181
 3720 7509 3532 7307 2478 779 8004 2772 2302 4021 7411 7024 2615 6564 3258
 9797 8039 7288 342 9227 689 7177 7445 2940 1777 3116 2685 9666 8341 5336
 3441 8436 9502 2872 5066 7545 8323 1460 5391 1058 2894 2161 8035 2939
 9152 9351 2986 4579 6846 6478 1622 6475 8239 1642 2737 8425 6416 1695
 3967 3067 7761 6971 8465 7167 910 8824]
[1029 3451 2573 9059 2842 5482 66 7800 8204 3765 7769 6993 3626 9366 7002
 6065 6314 5249 2189 9071 9449 6797 1833 7109 2181 476 8949 3535 9157 7196
 3608 9251 4711 9791 635 2245 4842 9991 2741 8070 5510 5589 2455 9636 5189
 2311 8717 3322 7583 5610 6132 6715 9313 6801 963 1557 4148 1846 4756 5197
 5270 9342 3342 7971 3481 1662 8454 4028 3519 7587 4217 9235 6752 2820
 6679 8610 2652 5561 4839 5546 5188 5393 7945 2279 7884 1852 661 1185 7103
 4355 9928 5918 7267 9263 3471 6294 3706 8633 7510 7595 7952 6942 8718 320
 8591 7625 2503 9348 1174 6363 6561 7602 1312 4100 5133 5719 3436 2588
 9276 4018 9033 3109 3187 192 1650 2444 5167 1922 9237 4071 6596 1234 3491
 8317 3609 1586 4564 976 2860 6957 1855 4019 1822 8377 9548 5583 2331 3988
 4905 9443 7265 7221 6809 907 6832 3983 9632 3915 9706 5531 3038 2973 3669
 3265 3416 9160 8929 7249 8259 6990 5484 4981 9972 9350 9067 3833 1841
 5113 5304 9177 7262 419 6379 3953 3198 7314 4639 4289 7664 4336 2086 1043
 5023 6400 7188 4956 5015 6008 2020 5030 7895 4509 7525 4569 2425 2695
 2191 7013 5266 2278 6 4153 2079 6387 3429 6245 475 3987 1058 4127 6231
 2419 4764 1784 6745 8784 14 2986 1253 6485 4490 8764 6539 3747 4389 3789
 1917 3458 6475 3456 909 9248 2671 3301 793 6117 1152 5257 1732 2381 3540
 9661 7584 7441 4960 7761 4643 9179 379 8893 6230 4742 8678 4789 7282 1596
 5090 3453 5720 6593 4763 6762 5943 4948 3553 9604 5520 4646 3045 7105
 4237 1842 8906 8462 43 2828 1235 1643 2308 9116 1513 8540 7848 6237 1636
 2461 6805 220 3292 6103]
[1029 3451 8156 1455 2573 9059 4056 2842 5482 8005 4142 66 6689 8204 8708
 9306 3765 7769 6993 3554 9366 7002 6065 6314 7855 9095 5249 2189 569 5382
 9449 3829 6797 930 3103 4104 7948 7526 1833 890 2181 476 8949 3535 1254
 1339 7196 3608 4711 9791 2162 635 3955 2106 6547 2245 8324 4842 9991 6474
 4187 3282 2741 8070 5589 2455 9636 8717 4462 6248 7583 2182 2900 1051
 9859 5610 6132 1930 6715 5966 9719 6491 6801 2979 5568 963 1557 1280 1846
 4756 9114 4167 5197 406 4152 4500 4796 3655 7971 3940 2202 3484 4028 3519
 7587 5762 4217 9235 6752 4394 2820 4526 9846 3809 9913 7638 8658 6006
 4433 2652 8054 5561 6591 5825 5546 5774 9856 4907 2688 5188 9969 5393
 7976 9165 2279 3534 1852 7103 9928 2136 6168 5918 7267 6294 8334 1826
 3706 665 8633 7510 9662 29 7595 9050 7985 7952 8718 320 8591 5037 1251
 2884 670 8705 7625 9146 7746 9348 8968 7602 4100 5719 3436 2918 9276 1388
 4539 4018 9033 6906 8429 6293 3109 1243 3187 1650 1527 5167 1922 9237
 4071 1234 8317 3609 8962 255 976 2860 1855 8377 6721 5583 3988 5241 8646
 7265 9075 798 6809 4251 907 7589 9632 3132 2440 5531 3038 9750 9149 3265
 283 8929 156 4418 9067 3833 1841 8137 5304 7646 419 213 3953 3497 8969
 2150 4639 5605 6299 4336 4956 5015 8939 6959 155 2071 4153 3209 8866 3532
 2755 9349 8004 2772 7024 4299 2671 4140 3332 6788 1642 793 2737 9148 4629
 2381 3540 9989 1695 8485 2467 5284 268 2016 6799 9582 2507 1927 7584 2006
 1450 3026 8465 9179 7845 7565 8893 6230 8287 7167 5518 4746 8593 8748
 7517 3434 4803 4439 5208 8545]
[5121 4100 1029 8708 5128 3081 4104 4106 8204 5133 8718 2573 9237 9750
 3606 3608 3609 1557 1051 2588 5148 7196 3103 6679 3109 42 3626 4142 9263
 51 1587 4148 4152 569 2106 6715 9276 3132 6721 5188 5189 3655 5197 5710
 7249 9298 8275 1621 3669 5718 7769 9306 4187 2652 7265 8801 7267 9313
 5734 6248 8814 3187 7800 5241 8826 3706 635 4217 1662 2688 9856 5762 9859
 9348 2181 2182 1671 3209 7821 8334 4751 2189 6797 7314 6801 4756 661 6294
 1174 9366 6809 5270 4251 155 2202 670 150 665 6314 7855 6832 4784 3765
 2741 697 5820 2236 4796 3265 4289 5825 3269 2245 9928 7884 2252 3277 5839
 7376 9425 1234 3282 6356 213 5840 7895 9945 1243 3804 9438 7393 3809 1251
 9443 1254 2279 9449 4842 2798 9969 9972 3829 8949 6906 2814 255 8960 6400
 8962 9719 1280 2820 5382 9991 8968 8969 2311 7948 3342 6927 7952 7442
 2841 2842 2331 8476 283 5918 6942 1312 1822 1826 798 3365 4905 4394 3370
 2860 6957 6959 2359 1336 4922 1339 1852 7998 1855 2884 8005 6474 3915
 2382 5967 5966 6993 6994 851 2900 6997 7510 4433 9050 7002 6491 5470 2398
 9059 5482 9067 877 8558 9071 4462 3953 1394 7026 3955 1910 8054 890 3451
 5774 893 7557 8070 5510 2440 6591 1930 3471 8591 3983 6547 3988 6037 404
 2455 4500 9114 5531 2973 5023 9632 7583 930 3491 931 1957 7589 2979 7587
 8610 7595 2476 5037 4526 1455 6065 6067 4019 1974 8633 9146 4539 4028
 9149 9662 4031 5568 3519 5561 963 6596 7109 8646 2503 5575 7625 9160 8137
 3534 3535 8658 4564 5589 4056 8156 476 3554 2020 2021 4071 7664 6132 1527
 8296 5804 750 9491 1588]
[1029 3451 2573 6993 3554 9366 7002 6314 9095 5249 2189 2476 5382 6797
 7109 890 2181 3535 1254 9791 2162 635 8324 9991 6474 7376 9916 8070 5510
 5589 5592 9636 5189 2311 5251 8801 8717 3322 5718 6248 2900 1051 9859
 5610 6132 1930 5966 9719 6491 9313 6801 2979 5121 963 1557 4148 1846 9114
 5197 406 5270 4152 9342 5840 4500 3342 7998 3655 7971 2202 3481 3484 1662
 8454 3519 7587 5762 150 9235 4394 4526 9846 6832 3983 3132 2382 3915 2440
 3038 2236 3269 9149 3669 283 8929 4418 8259 5484 4981 9972 404 3805 1841
 8137 5113 5304 9177 2953 213 3198 1502 2551 4336 6404 5023 3639 5734 7188
 9211 2079 7565 1158 6300 5943 3760 3019 3739 7581 7105 2589 2352 4237
 4965 1842 2298 9547 4157 9028 5259 4652 8629 3284 3613 7505 7974 9198 40
 968 9954 6874 9598 3767 5123 7983 3866 6023 1606 8347 8723 1074 1462 1471
 3388 8417 247 3881 7069 3658 8466 9375 4231 6575 9693 4872 8537 7345 2015
 5086 6748 8487 9380 2882 6234 9679 6667 2435 5455 3816 7228 2139 3598
 2491 7724 7820 107 713 6169 3937 9625 5231 3693 3647 4160 801 4058 6287
 1949 1559 7296 1377 7876 290 3402 5385 1002 1657 4130 1737 7168 2262 5390
 8325 5279 3031 3404 4398 6391 436 735 2523 2344 2864 4865 5201 5367 7344
 3345 5731 2696 254 582 7783 9426 6181 9433 7539 3675 8719 5712 6753 7771
 7098 9672 443 5368 4536 4170 1534 2765 8244 2233 2667 2494 3605 175 5850
 8775 6005 2579 5153 6863 5835 1774 1333 693 802 1484 8853 7835 4426 4352
 5366 9932 3066 6197 4580 8811 4892 5866 22 1442 216 5884 5677 3758 7621
 1794 7967 8478 8352]
[2593 9487 9935 5172 5125 2161 8716 2939 1029 3451 5148 8156 1455 2573
 9059 4056 2842 5482 4142 66 7800 6689 8204 8708 9306 3765 7769 6993 3626
 3554 9366 7002 6065 3973 6314 9095 5249 2189 9071 2476 5382 9449 3829
 6797 930 3103 7948 1833 890 2181 476 8949 3535 9157 1254 1339 7196 3608
 9251 4711 9791 2162 635 3955 6547 2798 2245 8324 4842 3804 9991 6474 4187
 3282 7376 9916 2741 8070 5510 5589 9636 5189 2311 5251 8801 8717 3322
 4462 5718 6248 2182 2900 9859 1930 6715 5966 9719 6491 9313 6801 2979
 5568 4106 5121 963 1280 4148 1846 9114 4167 5197 4152 9342 5840 4500 3342
 4796 7998 7971 3940 1662 8454 4028 5762 4217 150 9235 6752 2820 4526 9846
 1671 6679 3809 9913 8658 6997 1124 6006 2652 8054 6591 5825 9856 4907
 5128 5393 9795 7976 7945 2279 3534 7103 4355 9928 2136 6168 4922 8275
 7267 3471 51 5173 4486 3706 8826 877 9662 7595 9298 6942 2997 8718 7442
 320 529 1251 670 7625 9146 2503 7746 2814 9348 5207 7557 1174 5967 3311
 607 6363 8968 8476 5470 6561 7602 1312 4100 5133 2588 1388 4018 8429 2841
 6293 3109 1243 6331 3187 697 9040 1650 6025 2444 5167 1957 4071 1974 6596
 4031 1234 931 255 4564 976 5820 2860 5710 6957 7551 8377 6721 9548 5583
 893 8727 7026 6356 8646 7265 2878 9075 2359 4251 6832 7589 8960 3983 9632
 9706 6636 860 2019 9152 2123 6745 7914 1053 9351 8470 14 9325 405 4490
 9709 1334 7660 6626 4469 2299 2008 8128 8569 9684 7711 937 9248 6685 4271
 2343 7752 5257 9724 9765 9661 6225 7112 268 8728 933 4092 1954 6969 4643
 9179 379 3572 6230 8534 8640]
[1029 3451 5148 8156 1455 2573 4056 5482 8005 4142 66 7800 6689 8204 8708
 9306 7769 6993 3626 3554 9366 7002 6065 3973 6314 7855 9095 5249 2189
 9071 2476 569 5382 9449 3829 6797 930 3103 4104 7526 1833 476 8949 3535
 1339 3608 9251 4711 9791 635 3955 2106 6547 2245 4842 3804 9991 4187 3282
 9916 2741 8070 5510 5589 5592 9636 5189 2311 5251 8717 3322 4462 7583
 1051 6132 5966 9719 9313 6801 2979 5568 5121 963 1557 1280 1846 4756 9114
 4167 5197 406 5270 4152 5840 7998 3655 7971 3940 3484 8454 4028 4784 3519
 7587 5762 4217 6752 4394 4526 6679 9913 7638 8658 6997 6006 4433 2652
 8054 6649 5561 6591 8141 4839 5546 7821 9969 5128 9795 7976 2279 3534 661
 7103 1394 9928 5918 4922 3471 4486 665 7510 9662 29 7595 9298 7952 2997
 8718 6994 7442 320 8705 9146 7746 2814 5207 1174 3311 4100 2588 1388 4539
 6906 2841 2398 6293 3109 1243 6331 3187 192 697 3081 9040 1650 2444 9237
 4071 6596 1234 3491 8317 8962 255 1586 976 5820 2860 5710 1855 4019 1822
 7551 6721 893 9443 8646 7265 2878 699 4251 8960 3915 3038 9972 7262 419
 6379 7382 5023 4817 6008 2020 4569 7013 3479 5839 6245 1699 2755 2521
 7518 5107 2302 1863 5742 5927 8009 6691 9666 9502 8196 7818 1684 6231 526
 7210 2123 9091 9351 9325 1253 3789 8038 937 3456 5012 9248 3401 1892 9517
 3301 1642 793 2343 9148 7535 1561 9724 8425 9673 6531 547 6416 4629 2381
 8878 3704 2823 3356 9989 9247 1695 9238 8485 2903 2467 5634 2429 5284
 7112 268 9022 6799 9582 1927 9087 6434 4138 7047 7584 3967 3270 3067 8688
 1861 8728 1450 9469 1840]
[1029 3451 8156 1455 9059 4056 2842 8005 6689 8204 8708 9306 3765 7769
 6993 9366 6314 5249 2189 9071 2476 3829 6797 3103 4104 7526 1833 890 2181
 476 8949 3535 1254 3608 9251 4711 9791 2162 635 3955 2106 6547 2245 8324
 4842 3804 9991 6474 4187 3282 9916 2741 8070 5510 5589 5592 9636 5189
 8801 8717 3322 4462 5718 6248 2182 1051 5610 6132 1930 6715 5966 9719
 6491 6801 2979 5121 963 1557 1280 4148 1846 4756 9114 4167 5197 5270 9342
 5840 4500 3342 4796 7998 7971 3940 3481 3484 8454 3519 7587 5762 150 9235
 6752 4394 2820 4526 9846 1671 6679 7638 8658 6997 6006 4433 2652 8054
 6649 5561 3370 8141 4839 5546 5774 9856 9969 5393 7945 1852 1185 1524
 7103 9928 5918 4922 8275 7267 9263 3471 4751 51 5173 7510 29 2997 8718
 1621 8591 7625 2503 5207 2347 3311 8476 7602 3436 2588 1388 4018 9033
 3109 5167 4071 6596 3491 3609 8962 4564 5820 5710 1822 2331 3988 4905
 6356 9443 798 7221 2359 907 6832 7589 9632 3132 3915 5531 2973 1336 9160
 156 7249 3277 6709 5304 419 213 3198 1502 4289 9666 9865 8196 1585 5727
 1265 4250 8716 1493 4764 3281 3789 9362 4852 7057 2438 1166 2713 5012
 9765 3575 3356 9989 1695 9661 2429 7112 268 7905 3067 8688 1970 4960 1450
 6971 6969 8465 7845 379 5939 8534 2219 7822 910 9539 6106 8645 5090 2901
 7980 1158 8086 4373 560 4000 6286 8048 8515 5943 9949 6733 1065 4665 4948
 7823 3553 3578 9604 5520 6654 332 4088 7225 9004 8512 7867 8580 6112 3739
 6119 9358 577 3970 2817 9602 7182 8406 9477 8462 6335 4173 4859 9547 1747
 2280 8972 6274 1218 5259 43 9954 1537]
[1029 3451 5148 1455 9059 4056 2842 8005 4142 7800 6689 8204 8708 9306
 3765 7769 3626 9366 7002 6065 3973 9095 5249 2189 9071 2476 569 5382 9449
 3829 6797 930 3103 4104 7948 7526 7109 2181 476 8949 3535 9157 1254 7196
 3608 9251 9791 2162 635 3955 2106 2798 2245 8324 4842 9991 4187 3282 7376
 9916 2741 8070 5589 5592 2455 9636 5251 8717 4462 6248 7583 2182 1051
 9859 5610 6132 6715 5966 6491 9313 6801 2979 5568 963 1557 1846 9114 5197
 406 4152 9342 5840 4500 4796 7998 3655 7971 3484 1662 4028 4784 3519 7587
 150 9235 4394 2820 4526 9846 1671 6679 3809 7638 8658 6997 1124 2652 6649
 3370 6591 8141 5825 5546 4907 5188 5393 9795 2279 3534 1852 661 1185 1524
 1394 4355 9928 6168 6067 5918 4922 7267 9263 3471 6294 5173 8334 8826
 8633 7510 9050 7985 6942 2997 8718 320 1621 5037 1251 2884 670 8705 7625
 2021 2814 9348 1174 5967 3311 8968 8476 5470 1312 4100 5719 2918 8814
 9276 8429 2841 2398 6331 192 413 3081 1957 4071 4031 3491 8317 3609 931
 255 1586 976 5820 5710 1855 1822 7551 6037 6721 9425 893 2331 3988 7026
 9443 8646 7265 2878 2705 7221 2359 6809 907 6832 4674 9632 3132 2382 5531
 3038 1336 2236 3269 9149 3669 8558 3416 9160 156 4418 7249 6990 4981 404
 6709 3805 9067 3833 9945 8137 5113 3606 9177 7262 7646 2953 1731 6379
 3953 3198 4289 2551 4336 1043 9017 9064 6171 4140 3301 1642 7943 793 5349
 9148 1561 9673 3540 9989 1695 2903 5634 268 7584 3067 1970 2124 4092 3026
 6971 3572 8893 8287 8640 2219 762 4746 8593 9957 6106 6375 1596 7030 5852
 8086 1370 8774 1374 9175]
[1029 3451 5148 8156 1455 2573 9059 4056 2842 5482 4142 7800 6689 8204
 8708 9306 3765 7769 6993 3626 3554 9366 7002 6065 3973 6314 7855 9095
 5249 2189 9071 2476 569 5382 9449 3829 6797 930 3103 4104 7948 7109 890
 2181 476 8949 1339 3608 9251 4711 9791 3955 2106 6547 2798 2245 4842 9991
 6474 3282 7376 9916 2741 8070 5510 5592 9636 5189 2311 5251 8801 8717
 3322 5718 6248 7583 5610 6132 1930 6715 5966 6801 2979 5568 4106 5121
 1557 1280 4148 4167 5197 9342 5840 4500 3342 3655 7971 3940 2202 3481
 3484 1662 8454 4028 4784 150 6752 4394 2820 9846 8658 6997 6006 4433 2652
 8054 6649 5561 3370 4839 5546 9856 4907 2688 5188 5128 5393 9795 7976
 7945 3534 1852 1185 1394 4355 2136 6168 6067 5918 8275 7267 4751 5173
 8334 3706 665 8826 8633 7510 877 9662 29 9298 7952 6942 8718 6994 320 529
 1621 8591 670 8705 7625 9146 2503 2021 7746 2814 7557 2347 1174 3311 607
 6363 8968 4422 8476 6561 7602 4100 3436 8814 2588 9276 4539 9033 2398
 3109 192 697 413 3081 9040 1650 6025 1527 5167 9237 1957 4071 1974 1234
 3491 8317 3609 8962 931 976 2860 1855 1822 9548 8727 6356 9443 699 2705
 2359 6809 4251 6832 7589 8960 3983 9632 3132 9706 2440 3038 2236 9750
 8259 3833 5304 5734 2020 5030 6959 9143 2079 172 6464 7509 2920 3205 2367
 1863 548 9227 2351 7362 5285 5047 7134 1777 7520 9963 8436 9502 2872 5066
 1207 8196 1487 1265 286 4449 1493 4764 4758 7914 7851 8470 2312 1233 9325
 6558 405 3294 3747 7660 5654 2008 1026 9536 5012 1892 6788 4271 1152 7535
 3230 9567 8485 6799 6434 7584 5754 1359]
[5583 893 6927 3988 7026 9443 8646 7265 2878 9075 5575 2705 7221 2359 6809
 4251 6832 4674 7589 8960 3983 9632 3132 2382 3915 9706 2440 5531 3038
 2973 1336 2236 9750 3269 9149 3669 8558 3265 283 3416 156 8259 6990 3277
 9350 3833 1841 4658 9945 3365 5113 7646 2953 6379 3953 2150 3198 7314
 5605 4289 6299 7664 1509 948 2086 6242 5734 9499 6728 7188 9211 6008 9438
 7895 6959 2425 6760 2191 2278 5648 155 9143 7393 3209 7323 6387 8866 172
 7049 3429 5786 6464 1699 7509 6452 2920 5566 5597 1249 6094 2381 9567
 2903 6799 9582 6163 9087 2417 7584 7441 3067 933 2124 7761 6971 4643 4411
 8465 9179 7845 9032 6230 8287 1029 3451 5148 8156 1455 2573 9059 4056
 2842 5482 8005 4142 66 7800 6689 8204 9306 3765 7769 6993 3626 9366 7002
 6065 3973 6314 7855 9095 5249 2189 9071 2476 569 5382 9449 3829 930 3103
 4104 7948 7526 1833 7109 890 2181 476 8949 3535 9157 1254 1339 7196 3608
 9251 9791 2162 2106 6547 2798 2245 8324 4842 3804 9991 6474 3282 7376
 9916 2741 8070 5510 5592 2455 5189 2311 5251 8717 3322 5718 7583 2182
 1051 5610 6132 1930 5966 9719 6801 2979 5568 1557 1846 4167 5197 4152
 9342 5840 4500 4796 3655 7971 3940 3484 1662 4028 3519 7587 4217 6752
 4394 2820 4526 6679 3809 9913 7638 1124 6006 8610 2652 8054 5561 6591
 8141 5825 5546 5774 7821 4907 5188 9969 5128 5393 4542 9165 7945 2279
 7884 3534 1852 7103 1394 4355 2136 6168 6067 5918 4922 8275 9263 6294 51
 4486 8334 1826 665 7510 9662 29 7595 7952 6942 2997 7442 320 529 8591
 5037 1251 7625 2503 2814 9348 5207 7557 5967 607]
[1029 3451 5148 8156 1455 9059 4056 2842 5482 4142 66 7800 6689 3765 7769
 3626 3554 9366 7002 3973 6314 9095 5249 2189 2476 569 5382 3829 930 7948
 1833 7109 2181 3535 9157 1339 7196 3608 9251 9791 2162 635 3955 2245 8324
 4842 3804 9991 6474 4187 3282 7376 9916 2741 8070 5510 5589 5592 2455
 9636 8717 3322 5718 6248 7583 2900 1051 9859 5610 1930 6715 5966 9719
 6491 9313 2979 5568 4106 5121 1557 1280 4148 1846 4756 4167 5197 5270
 9342 5840 3342 4796 7998 3655 7971 3940 2202 3484 8454 4028 3519 7587
 5762 4217 6752 2820 9846 6679 9913 8658 6997 6006 8610 4433 6649 3370
 6591 5825 5546 5774 9856 7821 2688 5188 9969 4542 7976 9165 7945 2279
 3534 661 1524 9928 6067 5918 6294 5173 1826 3706 8633 877 9662 9298 7952
 6942 2997 8718 6994 7442 8591 2884 2021 2814 9348 7557 2347 1174 3311 607
 6363 8968 8476 6561 4100 3436 2918 2588 1388 4539 9033 6906 2841 1243 697
 6025 2444 9237 4071 1974 6596 1234 3491 8317 3609 931 255 1586 976 1855
 4019 6037 9425 9548 893 3988 7026 6356 2252 9075 6832 8960 2382 9706 3038
 2236 3269 3669 3265 3416 9160 8929 156 7249 5484 9972 9067 3833 4658 9945
 6434 7584 3270 2006 8728 4960 4092 1954 4411 2701 9179 9692 7845 7565
 3572 8893 6230 8287 4742 5518 8593 2089 8645 5852 8748 4272 7980 8086
 1825 5720 2848 6444 6593 4763 3578 7959 332 9004 1399 4192 5488 6112 3739
 5192 7105 8825 9358 6904 8999 6201 577 2817 623 8375 8486 9804 1747 2280
 8972 6274 3476 994 4275 5689 7906 7095 1438 7007 8022 8758 6614 3047 3101
 40 6874 6129 3138 444 4131 8283 8993]
[1029 5148 8156 1455 2573 4056 2842 5482 8005 4142 7800 6689 8204 8708
 9306 3765 6993 3554 9366 7002 6314 7855 9095 5249 2189 2476 9449 3829
 6797 3103 1833 890 2181 8949 3535 9157 1254 7196 9791 2162 635 3955 2106
 6547 2798 2245 8324 9916 2741 8070 5510 5589 5189 2311 8801 8717 4462
 5718 6248 7583 2182 2900 1051 5610 1930 6715 9719 9313 6801 5568 4106
 1557 4756 9114 5270 4152 9342 5840 4500 3342 4796 7998 7971 3940 2202
 3481 4028 4784 5762 4217 150 4394 2820 4526 6997 1124 6006 2652 8054 6649
 5561 3370 4839 5546 5774 9856 7821 2688 9969 9795 4542 7976 2279 3534
 1394 4355 9928 6168 6067 5918 8275 7267 6294 51 1826 665 8826 8633 7510
 7595 9050 8718 6994 7442 320 529 1621 8591 5037 2884 7625 2503 2021 7746
 9348 3311 607 6363 8476 5470 7602 5719 2588 8429 2841 3109 1243 6331 3187
 413 9040 1922 4071 3609 2020 8939 5030 7895 2425 9809 6760 2191 7013 42
 2079 4570 3429 6245 5786 3181 9876 7509 8916 956 536 5566 4930 162 7518
 7398 3205 5310 5107 2478 779 8004 2772 7411 2367 7962 2615 1863 1130 5742
 9797 8009 8384 1066 5285 8592 3332 2417 4138 3967 7905 3067 8688 1970
 4960 1450 4092 3026 7761 6969 4643 2701 9179 5939 6230 8287 8534 5964
 3754 4746 4789 910 2198 9539 1028 2089 6003 2408 7030 5852 5090 7980 870
 8086 1370 1825 9904 8774 3487 6444 6593 7059 6762 6300 6733 1065 3553
 5520 4646 127 6654 332 5685 7867 565 8649 3019 7581 7105 4744 2589 9358
 6201 2352 7033 9685 4237 2817 9602 623 5399 7182 8406 9477 6566 8906 5129
 4111 4173 9804 4859 6402 1747 2280 8161 3476]
[1029 3451 8156 1455 2573 9059 2842 5482 7800 6689 8204 3765 7769 6993
 9366 7002 6065 3973 9095 5249 2189 2476 569 5382 9449 3829 6797 930 3103
 7526 1833 7109 890 2181 476 3535 9157 1339 7196 3608 9251 9791 2162 635
 3955 2106 6547 2841 6293 1243 192 413 9040 1650 2444 1527 1922 3609 931
 4564 976 1822 6927 3988 7026 6356 9075 2359 6809 6832 7589 8960 3983 3132
 2382 3915 3038 2973 2236 6230 8678 4662 2408 9023 6140 8048 9329 9949
 7959 6654 7867 3327 4878 4744 5228 4826 2817 8406 6402 1747 8161 8972
 3974 7007 8022 151 8381 2529 7137 3617 5378 40 229 5123 3866 4798 3708
 6433 2659 1955 2839 5210 1572 166 967 637 8634 9693 4872 1496 8582 457
 1665 8757 4143 5885 7613 3917 2009 6290 2487 7332 2840 7370 5803 9705
 3239 2491 6869 7803 1452 4638 7533 3647 6770 4160 2757 801 1602 5438 5095
 9389 3919 1091 5327 4623 7599 3104 103 9701 9571 3032 993 2320 4694 9230
 1847 7991 5097 5352 2732 9384 4924 5534 9197 3875 8379 570 846 2465 5679
 9323 800 4715 8730 1408 1353 5556 368 578 3110 9199 7766 4979 8933 7114
 5987 6921 5502 9939 3255 9222 12 8931 490 7275 1821 2736 5286 6131 4874
 7642 319 945 654 8750 7402 2403 7085 1114 34 1414 7657 2304 6765 3698
 8880 2827 3158 6973 5417 4910 2744 9703 3206 5640 7197 7993 1120 228 5784
 2288 1737 6772 5390 4398 1090 2864 5528 3357 7379 9426 8000 6768 1187
 4848 4376 812 6853 4856 1331 5712 3389 1762 810 3410 7098 9542 4762 3391
 7017 7378 676 5992 2122 7075 211 1563 5755 9285 298 5089 9245 9246 5850
 9760 2579 675 2728 7330]
[5041 6416 3704 2823 3356 9238 5634 6511 2429 7112 2016 1927 4138 3967
 8688 1970 1450 4092 3026 7761 9179 7565 379 6230 8534 5964 4789 8593 910
 6106 5090 2901 1158 2224 6140 7303 1825 7190 3453 3487 8048 6593 4763
 6762 6733 4665 4948 8353 9604 5520 127 332 7225 4192 4471 3045 3327 5192
 7581 9171 4878 5028 815 6201 7033 5228 1029 3451 8156 1455 2573 4056 2842
 8005 7800 6689 8204 8708 3765 7769 6993 3626 3554 9366 7002 3973 6314
 9095 5249 2189 9071 2476 569 3829 6797 930 3103 4104 7948 1833 7109 2181
 476 8949 9157 1339 3608 9251 4711 9791 635 2106 2798 2245 8324 9991 7376
 9916 2741 8070 5510 2455 9636 5189 2311 5251 8801 8717 4462 5718 7583
 2182 1051 9859 5610 1930 6715 9719 9313 6801 5568 963 1557 1280 4148 9114
 406 4152 5840 3655 7971 3940 2202 3484 1662 8454 4028 4784 3519 7587 5762
 9235 6752 2820 9846 6679 3809 9913 4433 5561 6591 5825 4839 7821 2688
 5188 9969 5128 5393 9795 7976 2279 3534 1852 661 1185 1524 7103 4355 6168
 6067 5918 7267 6294 4751 8334 665 7985 9298 6942 2997 6994 320 529 1621
 8591 5037 1251 2884 8705 7625 9146 2503 2814 9348 5207 7557 2347 1174
 5967 3311 607 6363 8968 5133 2398 6293 3109 6331 3187 192 697 3081 1650
 1527 5167 9237 1957 4071 1974 6596 8962 255 4564 976 5710 1855 1822 7551
 8377 6037 6721 9548 893 6927 2331 3988 4905 9443 5241 8646 2878 9075 798
 2359 6809 4251 6832 7589 8960 3983 3132 2382 3038 2973 9149 3416 4658
 5113 5304 3606 5023 3639 9499 4817 2020 8939 7525 4569 2191 7013 155 42
 1910 4570 8866 8916 6384 2281 9349]
[9729 8708 1029 4104 3081 8204 2573 8717 4623 8208 2065 5135 6163 2580
 9237 5654 9238 3608 8728 1051 5148 541 2589 9247 9248 6689 9251 547 3109
 9765 2595 2597 3626 43 4140 7724 4142 8239 7211 7221 5685 569 2106 7225
 3132 4668 9791 66 1602 581 1606 584 7752 7755 9806 7249 3669 1624 7769
 9306 4187 9308 3674 8287 1632 7265 4194 4711 8808 8297 1642 1643 4092
 3693 103 623 9329 6770 3187 4724 9690 7800 635 1152 5249 6274 5251 9859
 2181 2182 4742 8833 4746 7820 6797 2190 1166 3725 1169 9362 6290 3794
 9366 4248 2713 5273 4251 6300 1695 9890 5795 6820 7335 6314 6140 8878
 7855 6832 2737 3765 5304 1721 6331 9916 3265 2245 5317 1224 713 2252 7376
 3282 1234 6356 724 1235 3284 6360 9945 6874 1243 3283 7905 3298 9957 1254
 9449 2794 4845 2798 2802 9972 3829 8949 5365 3833 3322 6906 762 5883 255
 9477 5382 2311 7948 6927 7441 2841 2842 3866 3356 1822 2849 3365 8485
 1833 9005 6452 4917 1339 9022 1855 4416 9539 8005 9032 9033 6474 6475
 3401 2382 6990 6993 2900 6996 2903 2391 7002 2398 9567 1376 1890 9059
 1892 7526 1895 6504 5482 9067 1388 8558 9071 6511 8048 7026 3444 4981
 8567 6007 8569 890 3451 379 1917 9598 7551 3456 9087 1922 6531 6020 3973
 8069 9095 3983 404 2455 413 2973 3487 7584 3485 930 9122 9636 1957 7589
 425 8618 2476 2477 1964 1455 6065 5041 4539 444 9149 7613 6076 8640 9157
 8646 5575 8645 9673 4549 2507 9675 1483 3020 3535 3959 460 3026 4564 5589
 2006 4056 9177 2008 6106 476 8156 3038 7646 2016 8672 3554 4058 6117 4071
 8168 6138 3067 9724 5119 929 7741 3303]
[2940 389 9351 8470 2312 595 6928 6558 6846 2522 6539 1622 6475 2438 6788
 5349 2343 7751 9765 6531 1732 7112 2500 9582 7047 8688 4092 7282 4373
 7190 6762 9949 4646 565 9358 4826 4859 2280 8161 43 4275 5689 7007 8381
 3047 9198 6129 229 7679 6774 2477 4420 1483 2850 4042 5504 9089 4231 1005
 6575 3876 8582 2431 6526 2988 5395 5885 6829 8487 1686 6149 4416 3087
 2487 8568 4108 3215 4012 4102 9573 2832 1029 3451 5148 8156 1455 2573
 9059 4056 2842 8005 4142 66 7800 6689 8204 8708 9306 3765 7769 3626 3554
 9366 7002 6065 3973 6314 7855 9095 5249 2189 9071 2476 569 5382 9449 3829
 6797 930 3103 4104 7948 7526 1833 7109 890 2181 476 8949 3535 9157 1254
 1339 3608 9251 4711 9791 2162 635 3955 2106 6547 2798 8324 4842 9991 6474
 3282 7376 9916 2741 8070 5510 5589 5592 2455 9636 2311 5251 8717 3322
 4462 5718 6248 2182 2900 1051 9859 5610 6132 5966 9719 6491 9313 6801
 2979 5121 963 1557 1280 4148 1846 4756 9114 4167 5197 406 5270 4152 3342
 4796 2202 3481 3484 1662 8454 4028 4784 3519 7587 5762 9235 6752 4526
 1671 9913 8658 1124 4433 8054 6649 5561 8141 5825 4839 5546 5774 9856
 7821 4907 2688 5188 9969 5128 5393 9795 4542 7976 9165 2279 1524 7103
 1394 4355 9928 4922 8275 7267 9263 4751 8334 1826 3706 665 7510 29 9050
 7985 7952 6942 2997 8718 6994 320 8591 5037 2884 670 8705 7625 2503 5967
 607 6363 4422 1312 5719 3436 2588 1388 4539 4018 6906 8429 1243 6331 3187
 3081 9040 1650 2444 1527 9237 1957 1974 3491 3609 931 255 4564 976 5820
 1822 6037 6927 2331 7265 2252 2705 6809]
[3765 7769 3554 7002 3973 7855 9095 5249 2189 2476 569 5382 9449 6797 930
 4104 7948 7526 1833 2181 476 8949 9157 1254 1339 7196 3608 9251 9791 2162
 2106 2798 8070 5510 5592 2455 9636 5189 2311 5251 8801 8717 3322 4462
 5718 6248 7583 2900 1051 9859 5610 6132 1930 6715 6491 9313 2979 5568
 4106 5121 963 1557 4148 1846 4756 9114 4167 5270 4152 9342 5840 4500 7971
 3484 1662 8454 4784 3519 4217 4394 2820 1671 3809 7638 8658 4433 8054
 6649 5561 8141 5825 5774 9856 2688 9969 7976 9165 3534 1852 661 1185 7103
 1394 2136 6168 8275 51 4486 8826 7510 29 7985 6942 6994 320 8591 1251
 2884 2503 5207 7557 3311 607 6363 5470 4100 5133 5719 1388 4539 2841 6293
 1243 6331 3187 697 1650 6025 2444 5167 9237 4031 1234 976 5820 5710 1822
 7551 2331 8646 7265 2705 6485 2671 9061 1642 6531 6225 6163 9087 2006
 8688 1970 4092 1954 6971 6969 4411 7845 5939 8287 8534 8640 2219 762 8678
 8593 910 1028 9957 5090 9023 4272 870 8086 4373 921 9904 8774 5720 2848
 6444 8515 7059 4763 5943 6733 7823 7959 5520 4646 127 6654 332 1399 6504
 5488 3045 5192 2906 4878 4451 4381 8825 2589 6201 4965 9480 2817 9602 623
 5399 279 8375 9614 8486 9477 6566 8462 5129 2298 4157 2280 2489 8754 6730
 4947 994 1218 7906 3974 1438 7007 8208 8381 5119 8758 7137 3047 5378 40
 1744 8557 9954 8536 46 6874 3138 7679 5904 6774 5952 4568 7654 4507 9260
 5530 7078 3533 1074 6433 1385 8417 3672 247 7916 586 966 8235 6820 1098
 4024 5297 2674 4933 6851 8378 5154 6058 8587 393 7151 3121 6194 601 4634
 8057 2714 6009 6814]
[9216 9729 1024 1029 5126 4104 8204 9741 2573 8717 8718 4115 8212 1557
 3094 6679 4120 2073 7704 6683 5148 1051 2588 2591 8223 3103 8226 2079
 6181 1577 4142 5167 5170 1586 2612 4149 5174 7734 567 4148 6202 3131 3644
 8762 4160 7234 4163 9795 5701 8262 3655 8270 4687 5712 7250 2134 4184
 1112 90 3675 2136 2653 607 6752 98 8803 3685 9317 7783 9832 1637 4711
 6760 2156 3693 6254 5231 8814 6769 6770 4215 2167 633 7800 3706 8826 4221
 9342 5113 1043 5249 5764 3716 8325 3719 5252 2181 1674 1675 9348 2189
 2191 7314 2707 6805 3222 4759 9366 6294 154 1694 1183 4768 6306 8870 7335
 2730 6314 8364 7343 3248 7855 8882 9907 3765 5302 2233 6331 4284 701 9916
 6850 9923 708 5832 9928 9930 4812 5837 8909 1743 7376 7378 4819 3282 7895
 3809 3300 2279 7912 9449 8426 4842 237 9969 754 2295 4856 2809 3322 4860
 4865 9988 4357 2820 6407 6408 1293 2317 5390 2320 3856 5396 3349 2842
 7453 5918 5919 1312 8998 2344 1321 1833 1835 812 4394 4398 1843 1331 9017
 7998 6463 3391 6977 320 2878 8005 326 2375 1864 5959 9542 6474 3404 845
 3919 7503 6993 3410 4433 6994 6997 6491 349 2398 1890 7526 359 2919 2407
 2922 7017 3436 877 4463 3953 883 8564 3955 375 891 3451 1406 1922 7559
 9095 7051 2956 2444 3471 8591 6033 5523 6549 406 3991 5015 9114 3484 1949
 413 3999 418 7587 9636 419 5542 6060 940 9646 2479 7600 9135 5037 1974
 9143 5561 443 4539 6083 964 1990 3017 9676 3535 5583 8658 981 9175 3031
 2520 4056 6620 7132 2524 8156 476 1505 3042 2533 490 2028 5616 8176 7664
 8180 1524 2551 8185 5140]
[3451 5148 8156 1455 2573 9059 4056 2842 8005 4142 7800 6689 3765 6993
 3626 3554 9366 7002 3973 9095 5249 2189 569 5382 9449 3829 6797 3103 4104
 7526 1833 7109 890 2181 476 8949 3535 1339 7196 3608 9251 4711 9791 2162
 3955 6547 2798 2245 8324 4842 3804 9991 4187 3282 7376 2741 8070 5510
 5592 2455 9636 5189 2311 5251 5718 6248 2900 1051 6132 1930 6715 5966
 9719 6801 5568 4106 5121 963 1280 4148 1846 4756 9114 5197 406 5270 4152
 9342 3342 4796 7998 3655 3940 2202 3481 3484 1662 8454 3519 5762 4217 150
 6752 4394 4526 9846 1671 6679 9913 8658 6997 1124 6006 8054 3370 6591
 8141 5825 9856 4907 2688 5188 9969 5393 9795 7976 2279 7884 3534 661 1524
 2136 6168 6067 5918 4922 8275 7267 9263 4751 51 4486 1826 3706 8826 8633
 7510 9662 29 7595 7985 9298 7952 2997 529 1621 8591 5037 1251 2884 670
 8705 7625 9146 2021 7746 2814 9348 5207 7557 5967 3311 6363 8968 4422
 5470 1312 5133 2918 8814 2588 9276 1388 4539 6906 8429 6293 3109 6331
 3187 192 413 3081 1650 2444 1957 1974 6596 4031 1234 8962 1586 976 5820
 5710 6957 1855 4019 8377 6037 6721 9425 9548 8727 2331 3988 4905 7026
 6356 9443 5241 8646 7265 798 5575 7221 6809 7589 2382 3269 9149 3265 283
 8929 4418 8259 3277 4981 9067 1841 4658 9945 7262 2953 1731 213 6379 3198
 7314 5605 4289 6299 7664 4336 948 6404 1043 5023 5734 9499 6400 7188 4956
 5030 7895 7525 2191 9064 155 5974 1910 172 5786 3568 5597 2521 2284 8004
 1611 7024 6564 5927 8039 7288 548 9227 2351 6691 3241 3074 7520 4973 9933
 2872 5066 8196 2593 3938 7992 4854]
[1029 3451 5148 8156 2573 4056 2842 5482 8005 4142 66 7800 8204 8708 3765
 7769 6993 3554 9366 7002 6065 3973 6314 7855 9095 5249 2189 9071 2476 569
 5382 9449 3829 6797 930 3103 4104 7948 7526 1833 890 2181 476 8949 3535
 9157 1339 7196 3608 9251 4711 9791 2162 635 3955 2106 6547 2798 2245 9991
 5589 8717 2182 1051 9859 9313 2979 5568 963 4148 1846 4167 406 5840 7971
 2202 3484 1662 4217 9235 4394 4526 1671 6679 9913 7638 6997 1124 6006
 8054 6649 5561 6591 5546 2688 9795 7976 2279 3534 7103 4355 2136 6168
 6067 4922 7267 9263 4486 7510 877 29 7985 9298 2997 320 1621 8591 670
 9348 5207 2347 4422 5470 4100 5719 9276 4539 9033 6906 2398 3109 3187 697
 3081 9040 1650 4071 1974 6596 3491 3609 8962 1586 4564 976 5710 4019 7026
 8646 2359 4251 7589 8960 1336 2236 9750 3269 3669 8558 3265 3416 7249
 8259 6990 4981 9972 6709 9350 9067 3365 7262 213 6368 4490 6164 4047 7665
 3861 2190 7721 5740 2438 3456 9248 4140 1642 4271 7752 7535 1561 8425
 9673 3230 547 5041 2381 8878 3540 1695 9238 8485 5634 6511 7112 2500 6799
 9582 2507 6163 1927 9087 7047 7584 3270 7905 2006 8688 933 2124 1954 8465
 2701 9179 7845 7565 8893 6230 8287 8534 5964 3754 7167 4746 4789 7875 910
 2089 9957 6003 410 1596 7030 5852 5090 8748 2901 9023 7980 8086 1370 4373
 2224 921 6286 8048 2848 6593 2057 6300 1374 1065 4088 6504 7867 565 8649
 3760 3019 5488 6112 3045 3739 7581 7346 5028 5228 6953 3970 572 1335 2817
 9602 623 5168 5399 8375 8406 8486 6402 4157 4823 4738 7335 6254 1294 1057
 9628 8010 8062 2533]
