Fault List:
79
79
82
81
79
80
81
80
83
80
79
80
81
74
82
82
100
90
83
81
87
79
76
76
75
83
81
81
81
72
FDR List:
0.2633333333333333
0.2633333333333333
0.2733333333333333
0.27
0.2633333333333333
0.26666666666666666
0.27
0.26666666666666666
0.27666666666666667
0.26666666666666666
0.2633333333333333
0.26666666666666666
0.27
0.24666666666666667
0.2733333333333333
0.2733333333333333
0.3333333333333333
0.3
0.27666666666666667
0.27
0.29
0.2633333333333333
0.25333333333333335
0.25333333333333335
0.25
0.27666666666666667
0.27
0.27
0.27
0.24
Time List:
191.82058382034302
190.33536195755005
188.15809893608093
192.16400003433228
192.5969636440277
194.9860680103302
188.926509141922
193.03091597557068
191.46501517295837
193.70840191841125
189.8726999759674
189.14650797843933
192.11121082305908
193.40558314323425
200.11797404289246
191.5431878566742
189.63530707359314
190.73039317131042
191.94407200813293
194.3162522315979
194.7649118900299
192.95532512664795
193.62902879714966
192.8818609714508
189.41339683532715
191.46732807159424
191.32853412628174
206.63514685630798
210.97494316101074
194.83314085006714
Subset List:
[2632 2635 2634 2638 2630 2639 6551 6549 2628 6546 6498 6545 19317 19316
 2625 2619 2642 2618 6548 12511 12778 1682 1324 2624 1323 12507 1299 1304
 12779 19314 12510 18967 19315 6496 2623 7054 1300 1322 1330 12774 12775
 12753 1332 2620 1681 1305 1270 1680 6553 1325 2615 6542 12503 18958 1326
 19313 18956 21474 6468 1347 21520 21477 1348 1320 2641 1331 2617 19310
 12499 12513 12751 12773 1334 1333 1339 1316 7119 1343 1328 12512 1695
 1321 18951 19308 12770 21472 1715 1349 12754 1298 12500 1308 18953 1315
 12752 1319 2614 7053 18949 2645 12726 21465 19311 15312 12514 1336 1341
 1694 12757 19312 5193 12497 21535 12750 18957 2036 8914 21475 12501 12518
 12509 1699 12522 6539 6493 7113 12756 21536 2643 21470 1716 2039 1297
 22028 18952 8911 21521 12687 11964 6495 1311 12758 14204 2613 14269 12759
 12685 5256 21523 2677 2666 21473 1337 12764 12760 12763 12521 12740 2688
 12684 12746 12491 21542 7122 21467 1362 1608 12686 12741 1709 12730 6543
 5250 1703 12978 12769 1504 1693 5253 5267 1285 19020 283 6471 5188 1736
 2005 290 18962 12976 5187 14202 6001 250 6474 5265 1702 2034 14205 6494
 12765 7128 12688 21461 1577 72 14280 18880 12714 12535 12689 18975 2032
 19280 12977 1696 21580 21557 19436 15070 21469 18872 178 12748 281 19437
 176 1588 5373 1535 14201 12593 12772 18977 12606 21493 1273 12494 1291
 1293 173 1545 18971 5194 301 2660 175 289 22039 4894 5081 169 12768 2044
 1317 2038 2045 1692 6000 1689 18871 365 6522 167 1565 18988 1624 21531
 933 262 166 1294 1976 8934 5255 1991 6501 14674 19017 21522 285 21528
 1783 364 5408 1346 12595 1585 1364 1930 7112 181 70 303 2031 297 6467
 1288 5390 133]
[2632 2635 2634 2631 2638 2629 2637 2630 2636 2639 6551 2628 6546 6545
 6547 2627 6550 19317 2626 19316 2619 2616 2642 2618 1682 1324 6552 2624
 12779 12777 18967 6496 2623 1300 1322 1345 1330 12775 12502 1332 6499
 1305 6553 1325 18960 2615 6542 18958 1326 18956 21474 21520 1348 12506
 2641 1331 2617 19310 1301 12499 12513 12739 1338 5251 12751 12728 12773
 6540 1333 7119 1343 1328 12512 1695 21471 19308 21472 1715 1349 12776
 12500 18953 1315 21478 12757 5193 1335 21462 21535 12750 7109 21475 2037
 12522 6539 1369 12766 2035 18954 12534 21536 21556 1370 1716 12682 18952
 1351 1312 1340 12758 14204 14269 12738 12755 2677 1337 12764 1237 12737
 2655 12740 2688 1714 12520 2033 12746 21542 21467 1578 21540 18966 12686
 1709 12730 1363 6543 1684 12762 21479 1504 1693 5253 21481 12731 2060
 2046 1556 1275 12519 1272 1997 21495 12736 1613 1120 1276 1691 12729
 12744 1368 14247 18874 12692 14214 1999 12609 1365 12727 8915 5188 12734
 12680 1463 1736 5266 12536 1232 290 12717 18962 1465 5268 12976 5187
 14202 2000 6001 250 21538 6494 12765 5254 7128 1327 21461 1782 21524 1577
 1555 72 14236 12714 12535 1996 18510 19280 1438 12977 19309 6523 19436
 1464 12748 1371 281 1579 176 1588 1344 18963 249 12593 5031 12772 21493
 1273 12494 2071 12607 1293 1917 173 291 12592 18971 1744 6527 1292 1993
 10565 12492 1563 175 12693 289 1992 12747 21537 253 12614 164 12695 165
 21480 1679 2038 12719 5082 12721 2016 1689 1124 1998 8930 296 198 18988
 21531 248 1911 1269 21522 285 362 5264 1711 21494 1287 2030 1456 5385
 18888 299 18916 339 12604 18985 18969 1529 935 1771 17080 5407 19625
 18514 19385 10566 18968 4912 21491]
[2635 2634 2638 2629 2637 2630 2636 2639 6551 6549 6544 2628 6498 6545
 6547 2627 6550 2626 19316 2642 12511 12778 1682 2624 1304 18967 19315
 12753 1332 6542 7126 19313 6468 21477 1348 1331 1338 1333 1339 7119 21471
 1321 12770 1349 1308 7053 18949 2645 1342 19311 6500 1335 12497 12750
 18957 1434 12518 1699 6539 1369 7113 12766 2035 12756 1370 22028 7116
 18952 11964 6495 1311 2613 12761 12496 12755 21523 21473 1237 2655 2688
 1714 2033 12746 1362 1608 12683 1363 6543 1684 1703 21479 5267 21481 177
 12731 18976 15311 2060 12694 1275 19438 21550 12743 21495 1613 1120 18874
 14214 6471 12727 1916 1736 185 5268 6001 1555 1289 12714 19280 6523 929
 19436 178 19437 1579 5031 13102 1273 188 21549 1291 1589 294 5194 1744
 6527 301 1993 12678 1705 1992 6519 1619 19018 2044 21480 1317 1286 2038
 12719 12690 1569 5082 6000 7114 18871 6522 352 1565 18988 21531 15992
 15989 1944 19319 22049 19231 1360 1991 12716 1783 362 19270 14225 15994
 364 1587 1554 1585 7112 70 303 2051 1287 361 21555 2646 19391 4891 1137
 1456 1625 7083 8931 353 18903 202 18904 18512 1296 1134 5388 1576 879
 2061 21585 1383 5993 7072 1677 339 926 12605 1529 6520 21500 18972 1931
 22016 267 2006 1127 7111 411 12551 279 325 6525 200 1436 15428 18979 1936
 5073 12603 19397 1688 1720 1717 18873 12702 19440 2053 171 170 429 925
 15948 2406 4912 1584 15993 1136 18987 15988 431 1544 1718 2654 1129 1560
 19395 15945 1568 1939 15946 19383 1581 7438 430 1377 1567 1233 2048 1374
 1925 434 331 815 5074 12598 12983 257 6526 12561 19384 19025 1570 12697
 2650 1385 12700 1609 19011 1673 15996 12584 938 19414 11634]
[2632 2635 2634 2638 2629 2637 2630 2636 2639 6551 6549 6544 2628 6546
 6545 6547 2627 19317 2625 2619 2616 2642 2618 6548 12511 12778 2640 1324
 6552 2624 1323 12507 1304 19314 12510 18967 19315 6496 2623 7054 1300
 1322 1345 12753 12502 1332 6499 2620 1305 1270 6553 2615 6542 12503 1326
 18956 21474 1347 21520 21477 1348 1320 12506 2641 1331 2617 5251 12751
 12728 12773 1339 1343 18959 1328 1321 12770 21472 12500 18953 12752 1319
 7053 18949 12726 21519 21465 19311 12514 6500 12771 1336 1694 19312 1335
 21462 18957 2036 8914 21475 2037 12518 1699 12522 5257 6493 12766 2035
 12516 12756 18954 12534 21536 21552 21556 21470 1370 2039 18952 2040
 14204 14269 12738 12685 21523 2666 1237 2655 12521 1678 1608 21540 18966
 12741 1363 6543 5250 177 7094 12731 1461 7125 12732 15311 21541 14203
 2060 1784 7055 71 1997 12743 1557 288 1613 1120 1276 1285 283 6517 286
 12735 12742 18874 1995 2042 6471 1723 12727 1295 8915 12680 1736 1592
 2005 2049 12536 290 12717 185 18962 12976 5187 14202 250 5265 1702 2034
 7128 1782 14681 1577 1555 72 1289 21551 14280 18880 12535 18975 18510
 1696 19309 21580 6523 21557 19436 1464 1579 176 6518 1588 1344 187 18963
 1535 12772 18974 12606 13102 21493 7130 190 1918 1615 1293 173 1545 294
 18971 6527 10565 184 12492 12523 175 21576 22039 251 253 12614 164 6519
 169 1619 12695 1690 19018 21480 14258 12498 12982 284 7123 296 1565 15992
 12696 1911 19319 1269 5255 1815 1287 18980 182 5190 1375 12980 1390 12616
 1307 8931 18904 21585 5076 5993 260 21484 1591 19439 926 15068 1789 1529
 18972 1379 1935 1771 19266 12615 12551 325 14673 21553 8913 18990 2050
 12490 10563 5073]
[2632 2635 2634 2631 2629 2630 2636 2639 2628 6546 6498 6545 6547 6550
 2626 19316 2642 2618 6548 12778 1682 1324 6552 2624 12507 1304 12777
 18967 6496 2623 7054 1300 1322 1345 1330 12774 1332 6499 2620 1305 1270
 1680 1325 2615 12503 18958 1326 19313 18956 21474 21520 21477 1348 1320
 12506 2641 19310 1301 12513 12739 1350 5251 12728 12773 6540 1333 1339
 7119 1343 18959 7127 12512 21471 12508 19308 1349 12776 12500 1315 12517
 1319 2614 18949 2645 1309 6541 21519 18955 2621 2041 15312 6469 12771
 21478 1341 1694 12757 19312 5193 1335 12497 21462 12750 2036 2037 5252
 12749 18950 1310 1699 22029 6539 6493 7113 12766 2035 12516 12756 18954
 2643 21556 12495 21470 1370 1716 2039 22028 7116 18952 8911 21521 12687
 11964 12758 2613 12759 12761 12685 21523 21473 1337 12737 12763 12740
 12684 1714 12520 2033 12491 21467 1362 1678 1608 12686 12741 12683 1709
 12730 6543 12769 1504 1713 177 7094 12767 12731 1461 7125 12732 2060
 12694 1784 7055 1272 19438 21550 1997 12743 21495 1722 283 12744 6517 286
 12742 18874 12692 1999 1723 1916 1736 1592 5266 1306 2043 1465 14202 6001
 250 5265 1702 21461 1555 72 12689 2032 300 12533 1588 1344 187 12593 5031
 12606 13102 7130 2071 188 21549 173 1616 19444 2054 1563 12693 289 21537
 5081 21480 1679 114 1569 6483 5082 2016 1689 18871 365 1998 21531 15989
 933 1944 166 1360 6501 12716 14674 19017 21528 189 18978 5248 15994 15065
 18948 5192 5386 70 2051 182 1375 2646 12594 18961 8925 21554 8928 2644
 19015 12691 1456 1307 5247 7115 18512 1482 19382 14200 14261 1383 12720
 19599 1712 19439 256 12711 926 12604 18985 6487 1314 1543 267 2006 5383
 75 1938 5028 19918]
[2632 2635 2634 2629 2637 2636 2639 6551 6549 6544 2628 6498 2627 6550
 19317 2616 2618 12778 2640 1682 6552 2624 1323 1299 19314 19315 6496 7054
 1300 1322 1330 12502 1332 1681 1305 1680 6553 1325 18960 19313 18956
 21474 21520 21477 1348 1320 2617 19310 12513 12739 1350 12751 12773 1334
 1333 1339 7119 7127 1328 12512 21471 1715 1349 12776 12500 1308 1315 1319
 7053 18949 2645 1309 6541 12726 21519 2621 2041 15312 12771 1336 1694
 12505 12497 12750 7109 12518 12749 12509 18950 6539 1369 2039 1297 12682
 12738 12761 12755 21523 12979 1237 12763 12521 12684 12746 21542 1578
 1678 18966 5250 1703 21479 1504 177 12732 15311 2060 2046 1997 1557 12736
 1691 12729 12744 286 12735 1999 12609 1365 12727 5188 12734 12680 290
 1125 12976 5187 14205 12765 5254 1327 1782 72 12535 1996 18975 2032 18510
 19280 12977 19309 929 1464 21469 18872 19437 12533 6518 1588 12593 12606
 7130 2071 180 188 173 291 294 1292 301 282 1993 289 5081 19018 165 21480
 14258 1679 1286 2038 12719 12690 12721 284 7114 1689 18871 167 18988 933
 1294 1976 293 19319 386 2612 22049 1269 5255 1991 1783 362 195 18978 5248
 14225 364 1566 5408 1587 1388 1554 1364 70 1390 18888 14200 879 14261
 21484 12720 21526 1594 5383 5028 411 19446 414 2050 19625 429 15993 1568
 1939 18884 19383 4913 1909 1914 15060 271 12697 15059 893 428 423 15987
 16002 19398 1749 12559 1537 1793 1913 12564 1941 18543 18905 19320 384 69
 12583 15069 18999 1526 12557 15983 1961 1942 19241 13097 16014 381 420
 12981 11365 1471 308 12895 1632 12575 356 437 12597 19441 1965 15982 1792
 16902 391 18920 6700 16876 22244 8360 6218 19033 9522 3585 12028]
[1236 15947 1372 1994 18512 2055 5076 926 267 5383 12642 925 18983 4893
 360 21468 1581 18965 1672 1567 196 12539 1132 1914 15991 15060 1283 12673
 1547 2650 5113 2659 22015 6646 18928 2635 2634 2629 2637 2630 2636 6544
 2628 6546 2627 19317 2626 2619 2616 2642 2618 12511 12778 1682 2624 1299
 12779 12777 12510 18967 19315 6496 7054 1322 1345 1330 12774 12775 12753
 12502 2620 1270 6553 1325 18960 2615 6542 1326 18956 21474 6468 21520
 21477 1348 1320 2641 1331 2617 19310 12739 1350 1338 5251 12751 12728
 12773 6540 1334 1333 1339 7119 18959 7127 1328 12512 21471 1321 12770
 1715 1349 12754 12500 1308 18953 1315 12517 12752 1319 7053 18949 1309
 6541 12726 21519 18955 2621 12514 1336 12505 5193 12497 2036 8914 21475
 2037 12501 12749 12509 18950 1310 1699 12522 1369 6493 12766 12516 1366
 12756 18954 12534 21536 2643 21556 12495 21470 1370 1716 2039 1297 22028
 12682 7116 18952 8911 1312 12687 6495 1311 14204 2613 14269 12759 12738
 12761 5256 21523 2677 1337 1237 12760 1290 12684 12520 12746 12733 1578
 1362 1608 21540 12681 18966 1709 6543 5250 1703 12762 12978 21479 21476
 1693 1713 7124 7094 12767 12731 18976 1461 7125 12732 21541 14203 1556
 12694 12519 19438 21550 12743 21495 12736 288 1613 1120 1276 1722 1691
 5249 283 1368 6517 12735 14247 1995 12692 14214 1999 12609 1295 8915 5266
 12745 12536 12613 290 12717 2043 1465 12976 5187 14202 2000 6001 250 6474
 21538 1702 14205 6494 12765 5254 12688 21461 1782 14681 1577 72 1289
 14280 18880 14236 12535 1996 18975 2032 18510 19280 1438 12977 1696 929
 249 1915 12772 12606 21489 12494 7130 12607 1291 1293 1917 1235 173 6527
 1292 184 289 6516 12747 253 5387]
[2634 2631 2638 2637 2636 2639 6551 6544 6546 6498 6547 2627 2626 19316
 2625 2619 2642 2618 6548 12511 1682 1324 2624 1323 12507 12777 19314
 12510 18967 19315 2623 1300 1322 1345 1330 12753 1332 2620 1680 1325
 18960 2615 12503 18958 1326 7126 19313 18956 21474 6468 1347 21477 12506
 2641 1331 2617 12499 12513 1350 1338 12751 12728 12773 6540 1333 1316
 1343 1328 12512 1695 18951 19308 12770 21472 1715 12754 12500 18953 1315
 12517 12752 1319 2614 6541 1342 21519 21465 18955 19311 2621 12514 6469
 12771 21478 1341 12757 19312 12505 5193 12497 21535 12750 18957 7109 2036
 12501 12749 12509 1699 12522 22029 1369 6493 7113 12516 18954 12534 21536
 21556 12495 21470 1370 1716 2039 1297 18952 8911 1312 21521 11964 6495
 1340 2040 12758 12759 1275 1784 12519 7055 71 21495 12736 1613 1120 19020
 283 18874 14214 6471 1723 8915 1916 12734 1736 2005 12613 12717 18962
 1465 1125 5187 14202 2000 250 12765 12688 14280 14236 12535 12689 1696
 19309 21580 21557 21469 12748 1579 6518 249 12772 1729 7130 2071 12607
 21549 1291 1615 1293 1917 173 1616 1292 174 12678 4894 21537 12614 5384
 1123 5081 1990 12695 165 21480 14258 12719 12498 18973 5082 1786 6000
 2016 1689 8930 6522 7123 1565 198 1624 248 933 12696 1294 293 19319 386
 2612 1493 255 19231 1360 1991 1676 19318 14674 19017 21522 21528 19270
 364 2052 12595 1388 21568 1585 1364 19019 1711 280 7112 12618 297 6467
 12698 1815 18980 4891 8925 1372 1574 18509 1390 18986 12616 1307 18878
 5247 2004 21510 1536 19382 1296 5027 2061 5030 260 326 1910 19439 18508
 12711 21532 21526 5080 15068 1314 1529 6520 18982 1379 1543 935 2647 5383
 75 1384 12615 411 1558 1580]
[2632 2635 2634 2631 2638 2637 2630 2636 2639 6549 6544 2628 6546 6498
 6545 6547 2627 2626 19316 2619 2616 6548 12778 2640 1324 6552 1323 12507
 12779 12777 12510 18967 2623 1300 1322 1345 12774 12775 12753 1332 2620
 1681 1270 1680 6553 1325 6542 12503 18958 1326 18956 21474 6468 1347
 21477 1348 1320 12506 2617 12499 12513 12739 12751 12728 1339 7119 1343
 18959 7127 1328 12512 1695 1321 12508 18951 12770 1715 1349 12776 12754
 1298 12500 1315 12517 1319 7053 2645 1309 6541 1342 12726 21519 21465
 18955 19311 2621 12771 12757 12497 12750 7109 1434 12682 1312 11964 1340
 12758 14204 2613 14269 12759 12761 12685 12755 21523 12764 1237 12760
 12763 12521 12740 1290 12684 1515 12520 2033 12746 12491 1578 1362 1678
 1608 21540 12681 12683 1709 1363 5250 12978 1504 1693 7124 21481 177
 12767 1461 7125 12732 21541 14203 2046 12519 1272 71 19438 21550 21495
 1557 12736 288 1613 1120 1276 1285 5249 283 14247 12742 18874 2042 1999
 1723 1295 5188 1463 12745 12536 1232 1306 12613 2043 185 5268 1125 5187
 14202 2000 6001 250 21538 5265 1327 12688 1782 14681 72 1289 18880 14236
 12714 12535 12689 18975 18510 1438 12977 19309 21580 6523 21557 929 19436
 15070 1464 178 12533 187 18963 14201 12593 12772 18977 13102 1273 191
 7130 1918 21549 1615 1293 1917 1235 291 1545 12592 18971 5194 6527 1292
 2054 301 1993 12492 12523 175 12693 21576 22039 251 4894 1619 1690 2044
 1361 21480 14258 1679 1286 2038 1303 18973 1786 1692 12721 284 363 1313
 1124 8930 7123 352 296 248 166 255 19231 1360 5255 19318 18947 1236 19017
 19270 1587 12591 12595 18948 21568 1554 1912 1585 1711 5386 280 2031 1288
 2051 1590 182 1341]
[2632 2635 2634 2631 2638 2629 2637 2630 2639 6551 6546 6498 6547 2627
 19317 2626 2625 2619 2616 2642 6548 12511 2640 1682 1324 6552 2624 12507
 1304 12777 19314 12510 18967 6496 7054 1300 1345 1330 12774 12775 12753
 12502 1332 2620 1681 1305 1680 6553 1325 18960 6542 12503 18958 7126
 18956 21474 21520 1348 1320 12506 2641 1331 2617 1301 12513 1350 5251
 12751 12728 12773 6540 1333 1316 7119 1343 18959 12512 1695 21471 1321
 12508 18951 19308 1715 1349 12776 12754 1298 12500 18953 1315 12517 1319
 18949 2645 1309 6541 12726 21465 2621 15312 12514 6469 12771 21478 1336
 1694 19312 12505 1335 12497 18957 7109 21475 1434 5252 12501 12509 18950
 1310 1699 5257 6493 7113 12766 12756 12534 21536 21470 1716 12682 18952
 11964 1311 2613 14269 12761 12496 5256 2677 21473 12764 12737 2655 12521
 2688 12684 1714 12491 12686 1709 1363 1684 12762 12769 21476 1504 7124
 21481 12767 14203 1556 12694 12519 1272 71 19438 12736 288 1613 1120 1722
 1691 19020 5249 12744 2042 12692 1723 12727 5188 2049 12745 1232 1306 185
 12976 5187 14202 6001 6474 6494 5254 21461 1577 1555 18880 1996 18975
 2032 18510 1696 21557 19436 19437 6518 18963 249 1915 14201 12606 21493
 1273 12494 12718 188 21549 19444 301 174 2660 6516 6519 1123 1619 12695
 19018 21480 1679 12719 2045 5082 1786 1689 18871 8930 167 1565 198 21534
 21531 248 933 1976 8934 255 1269 19318 15947 189 1566 1957 15065 18948
 5264 1815 1288 2646 1574 8928 1456 5385 1687 2004 1482 1296 278 892 203
 1677 256 18508 12711 18985 5080 1789 337 6003 1384 14673 19012 10563 5073
 12603 5389 1133 1376 1731 1761 19271 19385 171 2406 1142 4888 14199 7121
 1544 12612 9455]
[190 1918 173 1545 1616 5194 2054 282 2660 12523 1619 1690 1361 1679 2038
 12982 114 1569 6483 12721 1565 18988 1944 166 293 386 2612 8934 255 1360
 333 302 19318 19017 285 21528 1783 5248 15994 364 5408 295 1388 7118 181
 297 6467 2051 182 19391 5409 12980 1137 8928 16004 1390 1307 1687 7115
 2004 1576 5029 1383 21532 18985 6487 1594 18969 6497 12605 1302 21482
 1931 935 2647 19266 12642 883 19012 2632 2635 2634 2631 2638 2637 2630
 2636 6544 2628 6546 6498 6545 6547 6550 19317 2626 2625 2616 2642 2618
 6548 12511 2640 1682 1323 1299 1304 12779 12777 19314 18967 19315 6496
 2623 7054 1300 1322 1345 1330 12774 12775 12753 1332 6499 1681 1305 1270
 1680 6553 2615 12503 18958 1326 7126 21474 1347 21520 21477 1348 1320
 12506 2641 1331 2617 1301 12499 12513 1338 12751 12728 6540 1334 1333
 1316 7119 1343 18959 12512 21471 12508 18951 21472 1715 1349 12776 1298
 12500 1308 18953 12517 12752 2614 7053 2645 1309 21519 21465 18955 19311
 2621 2041 15312 12514 6469 6500 21478 12757 19312 12505 5193 1335 12497
 21462 2036 21475 2037 12518 12749 18950 1310 12522 6493 7113 1366 18954
 12534 21536 21552 1370 1716 12682 18952 8911 12687 6495 1311 12758 14204
 2613 14269 12738 12761 12685 21523 2677 2666 21473 1337 12737 12760 12763
 2655 12740 1290 1714 1515 12520 2033 21542 21467 1578 1362 1678 1608
 12681 12686 12741 12683 1709 12730 12762 12769 1713 21481 7094 12767
 12731 18976 1461 7125 2060 12694 1275 1784 7055 71 19438 1557 1613 1120
 1276 1285 1691 19020 6517 286 12735 1995 2042 1999 12609 12727 5188 1463
 12745 290 185 1465 1125 12976 2000 6494 12765 7128 21461 1782 1555 72
 21551 14280]
[2632 2638 2629 2630 2639 6551 6549 6544 6545 6547 6550 19317 2625 2619
 2616 2618 6548 12511 12778 2640 1324 6552 2624 1323 12507 1299 1304 12779
 12510 18967 19315 7054 1300 1345 1330 12753 12502 6499 2620 1681 1305
 1270 1680 1325 18960 2615 12503 18958 7126 19313 18956 21474 21520 1348
 1320 12506 2641 1331 1301 12499 12513 12739 1350 12773 1334 1333 7119
 18959 7127 1328 12512 1695 1321 18951 1349 12754 12500 1315 12517 12752
 1434 5252 12501 12518 1310 5257 1369 12766 2035 12516 18954 21536 21552
 2643 21556 21470 1716 22028 18952 8911 21521 12687 11964 6495 1311 2040
 12758 12761 12685 12496 5256 12755 2677 1337 1237 12737 12760 2655 12740
 1290 12684 1714 1515 12520 2033 12746 21542 7122 1678 1608 21540 18966
 12686 12741 1709 6543 5250 1684 1703 21476 1504 1693 5253 21481 15311
 14203 1556 1784 7055 1272 71 1997 12743 21495 12736 288 1120 19020 5249
 283 12729 12744 1368 286 14247 1995 12692 1999 6471 1295 8915 1463 1736
 1592 12745 12536 12613 290 12717 2043 18962 12976 2000 6001 5265 1702
 2034 14205 6494 12765 1327 14681 1577 1555 72 1289 18880 12689 2032 1438
 12977 1696 19309 21580 21557 19436 15070 21469 12748 1371 281 19437 1579
 176 6518 1588 1344 1535 252 18977 12606 13102 21489 1273 12494 190 12718
 188 1615 1589 1917 173 1545 294 6527 1292 282 1993 174 1705 1563 175 930
 12693 289 6516 21576 22039 251 12747 12614 5081 1990 12695 1690 19018
 12768 2044 1361 21480 14258 1286 2038 1303 12982 18973 114 2045 1786 6000
 21577 7114 365 1124 167 7123 296 1565 21534 21531 15989 933 12696 1911
 166 1294 293 2612 8934 5255 333 18947 19017 1783 362 18978 19270 14225
 364 6486]
[2635 2631 2638 2637 2639 6551 6549 2628 6545 6547 2627 6550 19316 2625
 2619 6548 12778 2640 1682 1324 2624 1323 12507 1304 12777 19314 12510
 7054 1345 1330 12775 12753 12502 6499 2620 1681 1270 6553 1325 18960 2615
 6542 12503 1326 19313 21474 1347 21520 21477 1348 12506 2617 19310 1301
 12513 12739 1350 1338 6540 1316 7119 18959 7127 1328 12512 1695 1321
 12770 21472 1349 12776 12754 12500 1308 12752 2614 18949 1309 6541 1342
 21519 21465 18955 19311 2621 12514 6500 12771 21478 1341 1694 19312 12505
 1335 21462 21535 7109 2036 8914 21475 1434 2037 5252 12501 12509 1310
 12522 22029 21552 21556 12495 21470 1716 2039 1297 22028 12682 18952 1351
 1312 21521 12687 11964 1340 12758 14204 12761 12685 12496 12755 21523
 2666 21473 1337 12760 12521 12740 2688 1515 12520 2033 12491 21542 21467
 1578 21540 12681 12683 1709 1363 1703 12762 21479 1504 5253 5267 177 7094
 18976 1461 15311 21541 2060 1556 1275 12519 7055 1272 71 1997 12743 21495
 1557 1285 283 12744 6517 1999 1723 12727 5188 2005 12745 12536 12613 290
 2043 5187 2000 250 6474 5265 1702 5254 7128 14681 72 21551 14236 12714
 12535 12689 6523 21557 19436 1464 19437 1579 7129 5373 187 1535 14201
 12772 1615 1293 173 12523 251 1992 169 19018 2038 114 1313 1689 1565
 18988 1976 255 5408 12591 2052 295 12595 1554 19269 5191 6467 1287 1590
 1372 1625 1307 5247 353 7115 21569 892 14676 21484 1712 1677 19439 18985
 1594 6497 6520 1379 168 6525 18990 10563 1527 12603 19397 19245 12702
 1122 2053 1670 19271 259 925 10566 5391 21491 15993 19443 21570 4893 425
 1129 432 360 12552 19265 371 4883 14253 196 276 12539 12708 1547 12633
 15059 1221 1609 14737]
[2632 2635 2634 2631 2638 2629 2637 2630 2636 2639 6551 6544 2628 6547
 2627 6550 19317 2626 19316 2619 2616 6548 12511 12778 1682 6552 2624 1323
 1304 12777 19314 19315 6496 7054 1322 1345 1330 1332 1305 1680 1325 18960
 2615 6542 12503 18958 1326 19313 18956 6468 1347 21520 21477 1348 1320
 12506 2641 1331 19310 12499 12739 1350 1338 6540 1333 1343 7127 1328
 21471 18951 19308 12776 1298 1315 12517 2614 18949 6541 1342 21519 12514
 21478 1336 1341 5193 12497 21462 12750 7109 2036 21475 12501 12749 18950
 1310 1699 12522 5257 1369 7113 2035 12756 21536 21552 2643 21470 1370
 1716 12682 7116 1351 12687 1311 2040 12758 12738 12761 5256 12755 2677
 2666 21473 1337 12764 1237 2655 21542 7122 21467 1578 1678 18966 12686
 12730 1684 12762 12978 1504 1713 177 7094 21541 14203 2060 12694 12519 71
 19438 21550 1997 1557 12736 288 1120 1276 1722 1691 19020 12729 1368 6517
 12735 18874 1365 12734 1463 1736 1592 1232 290 2043 185 18962 5187 250
 21538 12765 1577 14280 18880 12714 12535 12689 18975 2032 18510 1696 300
 929 15070 1464 18872 178 12748 1371 281 1579 6518 1588 187 249 1915 5031
 12772 18974 21489 1729 1273 12494 191 190 12607 1291 1589 1235 291 1545
 12592 294 18971 5194 19444 12492 930 1992 12614 1990 1361 12719 1303
 18973 2045 5082 1786 12721 1313 1689 18871 1124 1998 18988 248 255 1360
 333 302 19318 18947 12716 14674 189 362 5248 19270 1587 12591 12595 1388
 21568 1554 1585 7118 5264 1711 1435 18511 181 70 303 21494 2031 5191 297
 12698 1815 2051 18980 1590 1462 324 1375 2646 19391 2030 12594 4891 19386
 18509 8928 2644 12691 1307 18878 7083 1994 1925 17107 22256 1522 770]
[2632 2635 2637 2630 2639 6544 6545 6547 2627 6550 19317 2626 19316 2625
 2619 2616 2642 2618 6548 2640 6552 2624 1323 12507 1299 1304 12510 18967
 2623 1300 1345 1330 6499 2620 1681 6553 18960 7126 6468 1348 1320 12506
 12513 12773 6540 1339 21471 12508 19308 12770 21472 1349 1308 1315 12517
 12752 2614 7053 18949 2645 1309 6541 12726 21465 18955 2621 15312 21478
 1341 1694 19312 12505 5193 18957 2036 8914 21475 2037 1699 12756 18954
 12534 18952 1312 6495 2613 14269 12685 12496 12755 21523 2666 12764 12737
 2655 12521 12740 12684 1714 12520 21467 1678 12686 6543 5250 1684 1703
 5253 7124 7094 12767 12731 14203 1556 1784 12519 71 12736 288 1691 286
 12742 12692 1999 1723 1365 1295 12734 1463 2005 1232 1306 18962 1465 5268
 5187 250 6474 5265 7128 21461 1782 21524 1555 72 14280 18880 12689 18975
 2032 1438 19309 300 15070 1464 18872 12748 1371 1579 12533 6518 1344 1535
 1915 12593 18977 18974 12494 188 6527 12492 1705 930 289 22039 21537
 12695 19018 2038 1569 1692 363 1565 198 248 1976 2612 8934 22049 255
 19231 1676 189 1783 1388 12618 5390 324 19391 12980 1456 7083 1994 2004
 12679 14676 203 5993 21484 12720 1712 1677 21526 18985 6520 18982 18972
 1931 22016 1935 5368 19266 12642 1436 15428 11313 18990 4915 5392 19625
 18873 5389 1670 429 4888 6524 19443 1544 2654 1222 18897 12596 14675
 14253 430 11642 1392 1233 1374 12481 331 19617 927 1909 2065 18877 13103
 6492 18900 2633 1656 19014 833 15430 893 4917 1385 428 4954 323 5260 5113
 19244 12528 12725 12602 1573 4942 13094 18513 18898 5026 21464 13098 1920
 4890 1217 354 1727 13550 12564 372 2656 12709 1777 12611 1629 2571 19820
 18690]
[2635 2634 2629 2637 2630 2636 2639 6551 6549 6544 2628 6546 6547 6550
 19317 2626 19316 2625 2619 2642 2618 6548 2640 1682 1324 2624 1323 12507
 1299 1304 12779 12777 19314 12510 19315 6496 2623 1322 1330 12774 12775
 12502 1332 6499 1680 1325 18960 6542 12503 18958 1326 7126 19313 18956
 21474 1347 21477 1348 1320 19310 1301 12739 1350 12751 12773 6540 1333
 1316 1343 7127 1328 12512 1695 21471 1321 12770 21472 1715 12776 12754
 1298 12500 18953 1315 12752 1319 18949 2645 1309 1342 12726 21519 18955
 2041 15312 12514 6500 1336 1694 12757 18952 1351 1311 2040 14204 12738
 12685 12755 21473 12737 12763 12521 12740 1515 2033 7122 21467 1578 21540
 12681 12741 6543 1684 1703 1504 1693 1713 5253 5267 177 12767 21541 2060
 12694 1784 12519 71 1997 12743 21495 288 1613 5249 283 12729 1368 286
 12742 12692 1999 6471 1295 1916 12734 1592 2005 2049 12536 1232 290 5187
 6001 12765 1327 21524 1577 21551 14280 18880 1996 18975 1438 19309 21580
 929 19436 1464 178 12748 281 1579 7129 12533 6518 187 1535 14201 21493
 7130 1918 188 291 12592 294 6527 19444 174 12678 1705 175 251 4894 12747
 21537 253 164 6519 5081 192 1990 5387 1619 12695 12768 2044 1317 114 2045
 6000 284 7114 1124 18988 248 12696 293 22049 5255 18947 1236 14674 5248
 1566 1957 12591 2052 1346 12595 1388 5264 19269 1930 1435 181 303 21494
 12618 297 1815 1288 1287 182 5190 21555 12594 12722 8925 21554 19386 1390
 2644 19015 12691 1625 7083 12679 202 18904 18512 1536 1296 5029 14261
 5076 203 1383 1910 7072 19439 339 21500 1379 1543 168 5368 1938 1572 340
 12551 279 12642 883 1936 19012 2050 1527 12603 19397 1717 18514]
[2635 2634 2688 1515 2033 12491 12730 1684 1703 5253 177 21541 12694 1784
 71 19438 21550 1120 1722 1285 1691 12729 1995 14214 1999 8915 1592 1306
 185 5268 14202 2000 5265 12765 7128 14236 1996 1696 21469 19437 1579 1535
 14201 12593 5031 12772 18974 190 1918 188 21549 1615 1545 1616 12592
 18971 2054 174 12678 12693 289 5384 6519 1123 192 169 1361 165 1317 363
 1313 1689 18871 4852 1998 6522 167 296 18988 1911 262 2612 1493 5255 1991
 285 189 18978 14225 364 5408 2052 18948 1554 1585 19269 7112 2051 1287
 324 19391 5409 12594 4891 1137 2644 1994 5385 5247 2004 21510 21569 202
 1482 19382 1296 1134 5029 5076 892 260 12720 19599 21532 21526 1594 18969
 1302 18982 337 1379 267 168 1572 19446 10563 5073 12603 19397 341 5389
 18514 12702 1761 429 2406 1142 343 14199 1329 19443 16582 12612 1908 1701
 13535 1222 18908 360 12552 14675 371 1939 258 1381 1552 1614 1672 338
 1567 1374 196 4914 14678 331 19617 927 5074 2001 13103 21496 16587 12897
 304 5075 1743 271 15436 19014 287 327 21514 21539 246 19398 21487 18917
 12677 2057 354 346 2651 1777 1530 16011 2063 242 21578 1451 1604 16012
 1394 18981 6006 1459 21572 12896 5369 12724 243 19241 1469 1220 1131
 12892 888 1199 433 456 12541 18997 10082 18914 389 113 23150 12647 8932
 19273 12981 7449 1539 2405 18993 12530 12895 18991 1632 12827 157 12575
 18875 1955 4887 2565 437 1773 206 15936 212 12704 18994 1633 17096 163
 18879 12706 15067 1954 330 12974 17085 18934 1792 1756 421 14669 18920
 1230 393 824 2649 20382 5998 254 16901 19000 394 2608 899 12040 19268 21
 12921 12467 13261 54 6321 16446 17635]
[18955 6500 1694 12757 19312 12750 8914 12501 12749 18950 22029 6539 1369
 12766 12516 12756 12495 1716 1297 22028 12682 18952 8911 21521 12687 1340
 1311 2040 12738 12761 12496 5256 12979 1337 12763 2655 12521 2688 12684
 1714 1515 12520 12491 1362 1608 12741 12730 1363 6543 1703 21479 177 7094
 12767 1461 12732 15311 2060 12519 71 1997 21495 1120 1276 283 1368 12742
 1999 6471 1916 12680 1463 2005 2049 12717 1465 5268 14202 250 14205 6494
 5254 12688 21524 21551 12689 1996 2032 18510 19280 1438 1696 19309 21580
 6523 21469 18872 176 1588 1344 5373 187 249 5031 12772 18974 12606 13102
 21493 12494 2071 180 12718 21549 291 282 12678 12693 6516 21576 22039
 4894 253 6519 19018 21480 12690 114 2045 5082 1692 2016 7114 4852 1998
 6522 352 18988 1911 8934 1493 1269 1360 18947 19017 21528 18978 15994
 2052 1346 18948 1711 280 2031 297 18980 182 19386 18509 2644 2004 2055
 5028 14673 12712 170 4912 16582 368 18908 1129 1581 7438 1672 6470 12539
 19617 2650 1571 274 15064 1573 1373 1928 7451 19398 5244 268 307 1630
 1920 373 354 1727 5070 1793 372 1941 277 11749 12527 12674 16012 1437
 5382 12587 16008 19598 11966 6006 1817 1231 12724 18914 355 115 1391
 19623 18875 16017 2059 1773 13147 1633 455 16579 12956 2635 2634 2631
 2638 2629 2637 2630 2639 6549 6544 2628 6546 6498 6547 2627 6550 19317
 2626 2625 2619 2616 12778 1323 1299 1304 18967 19315 6496 2623 7054 1300
 1322 1330 12774 12753 12502 1332 2620 1681 1305 1270 1680 6553 2615 6542
 12503 19313 18956 1347 21520 1348 1320 12506 1331 19310 12499 1350 1338
 5251 12751 1339 1316 7119 1343 18959 1695 21471 12508 12770 12500 18953
 7053 18949]
[2632 2634 2638 2637 2636 2639 6544 2628 6546 6498 2627 6550 19317 19316
 2625 2619 2642 2618 6548 2640 1682 1324 2624 12507 1299 1304 12779 12777
 19314 12510 18967 7054 1300 1322 1345 1330 12753 12502 1681 1305 1270
 1680 6553 1325 2615 6542 12503 18958 7126 18956 21474 12499 12513 12739
 1350 12751 12773 1333 7119 1343 12512 1695 21471 18951 1349 12776 12500
 1308 18953 1315 12752 18949 2645 1309 6541 21519 2621 6469 12771 21478
 1336 1694 12757 19312 18957 7109 8914 21475 1434 2037 5252 12518 1310
 1699 22029 6539 2035 12516 1366 18954 12534 21556 12495 1370 22028 12682
 18952 8911 21521 6495 1340 1311 14204 12759 12755 21523 2666 12979 21473
 1337 1237 12763 2655 1290 12684 1714 1515 12746 21542 7122 1678 1608
 21540 12681 18966 12741 12730 1363 6543 1684 1703 12978 12769 1693 7124
 177 12767 18976 1461 7125 12732 21541 2060 2046 1556 12694 1275 1784
 12519 7055 71 19438 21550 21495 12736 288 1120 1722 1691 12729 12744 1368
 286 12735 14247 12742 1995 12692 14214 1999 12609 1365 1295 5188 1736
 5266 2049 12745 1306 5268 1125 1702 2034 14205 6494 12688 14681 18880
 14236 12714 12689 1996 18510 300 19436 21469 18872 281 12533 176 252
 12772 18974 12494 190 1291 173 301 12715 1993 10565 12678 1705 12523 1563
 4894 164 5387 1619 2044 1361 2038 12498 6483 6000 7114 4852 1124 6522 167
 7123 352 296 21531 933 1944 1294 1976 8934 1493 19231 1269 1360 18947
 14674 21522 285 1957 1587 1912 1585 19019 5264 1930 280 7112 2027 181
 21494 5191 6467 18980 5190 2646 18961 1574 8928 1390 19015 1307 18878
 5385 12531 202 18904 1536 5388 1576 278 879 21585 5030 892 1383 17078
 1832 19275 2403 7673 18777]
[2632 2635 2631 2638 2629 2637 2630 2636 6551 6544 2628 6545 6547 2627
 2619 2618 12511 12778 2640 1682 1324 6552 12507 1304 12779 19314 12510
 2623 1345 1330 12775 12502 1332 1681 1270 6553 2615 6542 7126 18956 21474
 6468 21520 21477 1348 1320 1331 2617 19310 12513 12739 1350 1338 12751
 12728 12773 6540 1334 1333 1316 1343 18959 7127 1328 21471 1321 12508
 18951 19308 1715 1349 12776 12754 1298 1308 12752 1319 2614 7053 2645
 1309 1342 21519 21465 19311 2621 2041 1336 1694 19312 21462 21535 12750
 18957 7109 1434 5252 12518 12509 1310 1699 12522 22029 5257 6539 2035
 1366 18954 21536 21552 21470 1716 2039 22028 12682 7116 18952 8911 1351
 1312 21521 11964 1340 12758 2613 14269 12759 12685 12496 5256 12755 21523
 21473 1337 12764 12737 12760 12521 2688 12684 1515 2033 12746 12491 21542
 7122 1578 1362 1678 1608 12681 12686 12683 12730 6543 1684 12762 12978
 12769 1693 1713 5253 7124 21481 177 12731 18976 1461 12732 15311 21541
 14203 1784 1272 12743 1722 19020 5249 283 12744 1368 14247 18874 1995
 1999 1723 1295 8915 1916 12745 12536 12976 5187 14202 6001 5265 2034 6494
 12765 21461 21524 72 18880 14236 18975 19280 12977 1696 19309 21580 21557
 15070 281 1579 12533 5373 249 1535 14201 191 2071 180 12607 1291 1615
 1293 1917 1545 1616 18971 1744 6527 2054 282 12678 2660 184 1705 175 289
 6516 22039 251 4894 21537 253 12614 164 6519 1123 5081 192 1990 5387 169
 12695 1690 19018 12768 165 1317 2038 2045 1786 21577 2016 12696 1976 293
 19319 1269 19318 21522 362 14225 12591 2052 12595 5192 1912 19019 280
 7112 12618 1815 1288 361 1590 1462 5190 2030 19015 1456 8931 292 18888
 21569 18419 11075 6155]
[2635 2634 2631 2638 2629 2637 2636 6551 6549 6547 6550 2626 2625 2619
 2616 6548 12778 2640 1682 1324 6552 2624 12507 1299 12779 19314 12510
 19315 7054 1300 1330 12753 1332 6499 2620 1681 1680 6553 18960 18958 1326
 19313 21474 6468 1347 21520 1320 12506 2641 1331 1301 12499 12739 1350
 5251 12751 12728 1334 1333 1339 7119 1343 18959 1321 21472 1715 12776
 12754 12500 1308 1315 18949 2645 1309 1342 21519 18955 2041 12771 1336
 1694 1335 12750 8914 12749 22029 6539 2035 21536 21552 21470 1370 22028
 8911 6495 1340 2613 12759 12761 2677 2666 12979 21473 12760 12763 12521
 1714 1515 12520 12746 1578 1362 12683 1709 1363 6543 5250 12769 21479
 5267 177 12731 7125 21541 14203 2046 12694 1784 12519 71 1997 1557 12736
 288 1613 1276 1285 12744 1368 14247 1995 2042 12692 6471 1723 1365 1916
 1463 2005 2049 12745 12536 1306 290 12717 185 18962 5268 12976 2000 250
 6474 21538 5265 2034 6494 5254 1327 1782 21524 1577 1555 72 18880 14236
 12714 1996 18975 2032 18510 1438 12977 1696 19309 21580 6523 929 19436
 1464 21469 18872 12748 1579 7129 12533 6518 1588 1344 5373 18963 1915
 12593 5031 18977 18974 13102 21493 7130 190 12718 21549 1291 1615 1293
 1917 1545 1616 12592 19444 2054 282 2660 1705 175 12693 289 21576 4894
 253 12614 164 5384 1123 5387 12695 19018 2044 1361 14258 1679 1286 2038
 12719 12690 12982 1569 5082 1786 284 363 2016 18871 365 1998 167 7123
 1565 18988 15992 19319 8934 6501 18947 1236 19017 15994 5408 295 1388
 1554 1364 7112 18511 15431 6467 1288 2646 8925 21554 1390 2644 18986 5385
 5247 299 7115 18916 21569 18904 1482 1536 5027 21585 19599 1591 12711
 1594 1314 13837 17550]
[2632 2635 2634 2631 2638 2636 6549 2628 6545 6547 2627 6550 2625 2619
 2642 12511 12778 2640 1682 6552 1323 12507 1304 12779 12777 19314 18967
 19315 6496 2623 7054 1300 1322 1345 1330 12775 12753 12502 1332 6499 2620
 1270 1680 18960 2615 12503 18958 18956 21474 6468 21520 21477 1348 1320
 12506 2617 19310 1301 12499 12739 1350 5251 12751 12728 1334 1333 18959
 1328 12508 18951 19308 1715 1349 12776 12754 1298 12517 18949 2645 1342
 12726 21519 18955 2621 12514 6469 6500 21478 1341 12757 19312 12497 21475
 1434 5252 12501 12749 12509 18950 1699 12522 6539 1369 12766 12516 21556
 1370 22028 7116 18952 8911 12687 11964 6495 1311 2040 14204 14269 12759
 12761 12755 12764 12521 2688 12520 12491 21542 7122 1608 21540 12741
 12683 5250 1703 12762 21479 21476 7124 7094 15311 2060 2046 12694 1784
 19438 21550 1997 21495 1557 288 1120 1691 5249 286 1995 2042 12692 1999
 1723 1365 12727 1916 12734 1463 2005 1306 12613 2043 18962 5268 6001 6494
 1327 21524 21551 14236 1996 2032 12977 19309 300 21580 19436 21469 1579
 7129 176 187 1535 12593 18974 21489 1273 2071 190 1545 1616 5194 282
 12678 2660 1705 1563 289 22039 1992 6519 192 1990 1619 1690 12768 2044
 21480 2038 12719 2045 6483 1786 12721 284 363 7114 18871 1998 21534 166
 293 19319 386 8934 22049 1360 302 12716 1236 21522 195 19270 5408 18948
 5192 21568 1585 19019 1435 7112 21494 2031 5191 15431 12698 18980 1574
 18878 1994 292 353 2004 12679 21569 5030 19599 13100 21532 926 21526 1529
 21500 18982 168 2647 1771 279 19446 890 18979 1936 5073 1527 1688 341
 1717 1122 1926 11351 7383 416 21342 15834 9420 4777 6201 11438 18760
 10028 8151 21083 9041 1526]
[2635 2634 2631 2638 2629 2630 2636 2639 6549 6544 2628 6545 19317 2626
 19316 2625 12511 2640 1682 6552 2624 1299 1304 19314 18967 19315 7054
 1322 1345 1330 12774 12775 12753 12502 1332 6499 1681 1305 1680 6553 2615
 12503 18958 7126 19313 21474 1347 21520 12506 2641 2617 19310 12513 1338
 12728 12773 6540 1333 1316 1343 7127 1695 21471 1321 12508 12770 12776
 1298 12500 1308 18953 12517 2614 7053 18949 2645 6541 1342 12726 21519
 18955 19311 2041 12514 6469 1336 1694 12757 19312 12505 5193 21462 12750
 7109 8914 21475 2037 5252 12501 18950 1310 1699 12522 5257 6539 12516
 12756 18954 21536 2643 21470 1716 22028 12682 7116 18952 8911 12687 2040
 2613 14269 12496 2666 21473 1337 12764 1237 12763 12521 12740 2688 12684
 1714 1515 12520 2033 12746 12733 12491 7122 1678 21540 18966 12686 12741
 1709 6543 5250 1684 1703 12762 21476 1504 1693 1713 5253 7094 12731 7125
 12732 15311 2060 12694 12519 7055 71 21550 21495 1557 12736 288 1613 1276
 1722 1691 19020 12729 6517 286 14247 12742 2042 12692 1999 6471 12609
 12727 1295 5188 12680 5266 12745 1232 1306 12717 1465 12765 1327 12688
 1555 1289 18880 1996 2032 1438 1696 178 12748 281 1344 5373 18963 249
 1535 14201 5031 12772 18977 12606 1729 1273 2071 190 180 1918 188 1291
 1589 1235 6527 19444 2054 282 12715 1993 184 12492 1705 930 289 6516
 12747 5081 1990 1619 1690 1361 14258 1679 1286 1303 1493 1269 1676 285
 362 1700 1566 15065 1711 19269 15431 1287 18980 5409 12594 12980 19386
 8928 2644 1456 5247 12531 353 18903 21569 18904 18512 1296 2055 1576 892
 203 1910 7072 19439 12711 21526 6497 193 1529 6520 1931 1379 935 1771
 1938 1384 1572 11149]
[2632 2635 2631 2629 2637 2630 2636 2639 6551 2628 6546 6498 6545 2627
 6550 19317 2626 19316 2625 2619 2616 2642 2618 12778 2640 1682 1324 1299
 1304 12779 12777 19314 12510 18967 19315 6496 2623 7054 1300 1345 1330
 12775 12753 12502 1332 6499 2620 1681 1270 1680 18960 2615 6542 18958
 7126 18956 6468 21520 21477 1348 1320 12506 1331 2617 1301 12513 12739
 1350 12773 1334 1333 1316 1343 18959 12508 19308 18951 21472 1715 1349
 12776 12754 1298 18953 1319 2614 7053 18949 2645 6541 1342 12726 21519
 2041 6469 12771 21478 1341 12757 12505 5193 1335 12497 21462 18957 7109
 2036 21475 1434 2037 12518 12509 1310 1699 12522 5257 6539 1369 2035
 12756 12534 21536 2643 12495 21470 12682 7116 18952 1351 21521 6495 1311
 2040 2613 12738 12761 12496 5256 21523 2666 1237 12760 12763 2655 12521
 12740 1290 2688 1515 12746 12491 21542 7122 21467 1578 1678 21540 12681
 18966 12686 12683 1709 12730 1363 6543 5250 1684 1703 12762 12978 12769
 21476 1504 1693 1713 5267 7124 21481 177 7094 12731 1461 7125 15311 14203
 2060 2046 1556 12694 1275 12519 71 19438 1997 21495 1557 12736 12729
 12744 12692 14214 1365 5188 1592 12745 1232 290 2043 185 250 6474 1702
 12765 5254 7128 1327 1782 14681 21524 1577 72 14280 18880 14236 12714
 12689 2032 18510 1438 12977 1696 19309 15070 1464 21469 178 12748 1371
 19437 176 1344 18963 249 1535 18977 21493 1273 12494 2071 12718 1918 188
 21549 1589 173 1545 301 12715 12678 12492 12693 4894 12747 1679 12719
 12690 18973 114 1569 6483 6000 12721 21577 1313 1689 1124 352 21534 21531
 933 12696 1944 1976 2612 1493 333 12716 1236 189 1783 195 1700 14225 1346
 12595 1388 1585 1364 19019 7118]
[2632 2635 2631 2638 2629 2630 2639 6551 6549 6544 2628 6498 2627 6550
 2626 19316 2625 2616 2642 2618 6548 12511 12778 2640 1682 1324 2624 1323
 1299 1304 12777 19314 12510 18967 2623 7054 1300 1322 1345 12775 12753
 1332 6499 2620 1681 1270 1680 1325 6542 12503 18958 1326 7126 19313 18956
 21474 6468 21520 1348 1320 12506 2641 1331 2617 19310 1301 12499 12513
 12739 12751 12728 12773 1334 1339 7119 1343 7127 1328 1695 1321 12508
 18951 19308 21472 1715 1349 12776 12754 1298 12500 18953 1315 12517 12752
 1319 2614 1309 6541 12726 21519 21465 19311 2621 2041 15312 12514 6469
 12771 21478 1335 12497 21462 18957 7109 8914 21475 1434 2037 5252 12518
 12522 22029 6539 6493 7113 12516 1366 18954 21552 2643 1370 2039 1297
 12682 7116 18952 21521 6495 1340 12758 14204 2613 12761 12685 5256 12755
 12979 12760 1714 12520 21542 1578 1678 12681 18966 12686 12741 1363 1684
 1703 12978 12769 21479 1693 5253 5267 7124 177 12731 7125 12732 21541
 14203 2046 12519 7055 1272 71 19438 1557 288 1120 1722 1285 1691 19020
 5249 12744 1368 6517 286 12735 14247 12742 2042 12692 14214 1999 12609
 1723 1365 12734 12680 1736 1592 5266 2049 1306 12613 290 1465 5268 12976
 5187 2000 1702 2034 14205 1782 1577 1555 21551 18880 14236 12714 18975
 19280 21580 6523 21557 19436 1464 12748 1371 19437 12533 1588 1535 1915
 252 18974 12606 13102 21493 1273 12494 191 2071 180 1918 1615 1917 1545
 1616 1744 6527 301 12715 175 4894 21537 12614 164 6519 1123 1990 5387
 12695 12768 1361 165 1286 1303 18973 1569 5082 12721 284 363 7114 18871
 4852 1998 352 21534 1624 293 386 2612 22049 19231 1360 1991 19318 18947
 19017 189 362 19270 12197]
[12748 1371 19437 1588 1535 14201 5031 21493 12494 191 7130 2071 1918 1615
 1917 173 6527 19444 2054 10565 174 184 1705 1563 930 6516 4894 12747 169
 1619 12695 12768 2044 21480 2038 1303 12690 114 1569 5082 1786 1692 6000
 12721 1313 1689 365 4852 1124 1998 8930 6522 167 7123 1565 248 15989 933
 12696 1911 1944 1294 1976 293 19319 386 2612 1493 255 302 6501 19318
 18947 12716 14674 15947 19017 21522 1783 18978 15994 15065 1587 2052 1346
 18948 1554 1364 1930 1435 7112 2027 181 70 21494 6467 1288 2051 361 18980
 182 5190 19391 5409 2030 18961 4891 12722 8925 1372 1137 2632 2634 2631
 2638 2629 2637 2630 2636 2639 6551 6549 6544 2628 6546 6498 6545 6547
 6550 19317 2626 19316 2625 2619 2616 2642 2618 6548 12511 12778 1324 6552
 2624 1323 12507 1299 1304 12779 12510 18967 19315 2623 7054 1300 1322
 1345 1330 12774 12775 12502 1332 2620 1681 1305 1680 1325 18960 12503
 18958 1326 19313 18956 21474 21520 1348 2617 12739 7119 18959 7127 1328
 12512 12508 18951 1349 12754 12500 1308 18953 1315 12517 1319 2614 7053
 2645 6541 21465 18955 19311 2621 6500 12771 1341 1694 19312 1335 12497
 21462 12750 21475 2037 5252 1310 22029 1369 6493 12766 12516 12756 12534
 21536 21552 12495 21470 12682 1351 11964 1311 2040 14269 12685 12496 5256
 21523 2666 1337 12737 12763 2655 12740 1290 2688 12684 2033 21542 7122
 1578 1362 1608 21540 12681 12741 12730 6543 1684 1703 12769 1713 5267
 21481 177 7094 12731 18976 1461 7125 21541 2060 2046 1272 19438 21550
 1557 12736 1120 1722 1285 19020 5249 1995 2042 12727 5188 1916 12745 1306
 2043 18962 12976 6001 12765 7128 1327 1555 1289 14280 18880 14236 12535
 12689]
[2632 2635 2634 2631 2638 2637 2630 2636 2639 6551 6544 2628 6498 6547
 2627 19317 2626 2625 2616 6548 12511 12778 2640 1682 1324 6552 2624 1323
 1299 1304 12779 12510 18967 19315 6496 7054 1322 1345 1330 12774 12775
 12753 6499 2620 1681 1305 1270 1680 6553 1325 2615 12503 18958 1326 7126
 19313 18956 1347 21520 21477 1348 1320 12506 2641 1331 1301 12499 12513
 1350 1338 5251 12751 1334 1333 1339 18959 7127 1321 12508 19308 21472
 1715 12776 12754 1298 18953 7053 2645 1342 12726 2621 6469 6500 1336 1341
 12757 19312 12505 1335 7109 8914 1434 12518 22029 6493 12766 2035 12534
 21556 12495 1716 1297 22028 12682 7116 18952 1351 21521 11964 2040 14204
 12761 12685 12496 5256 21523 1290 2688 12684 12491 21542 7122 1578 1362
 1678 1608 12683 1709 12978 21479 5253 21481 7094 7125 2046 1556 1275 1784
 12519 19438 21550 1997 1613 1276 1722 1285 5249 1368 6517 12742 14214
 1723 1365 8915 1916 1463 2005 2049 12745 1306 12613 12717 2043 18962 6001
 6474 21538 1702 7128 21461 21524 1555 21551 14280 14236 1996 18975 2032
 18510 21580 6523 21557 21469 178 281 6518 1535 18974 21489 21493 12494
 7130 190 12718 173 6527 1292 2054 282 1993 184 175 12693 21576 21537 1619
 165 14258 1303 12982 1569 6483 1692 18871 1998 6522 352 1565 198 21531
 2612 19231 1991 6501 1676 14674 21522 21528 5248 19270 14225 364 2052
 1346 2031 6467 1287 1590 182 1375 2646 1372 1574 2644 1307 5385 1687
 21569 202 1482 1134 2055 879 21585 19599 13100 256 18508 12711 5080 18982
 6003 1543 2006 2647 1938 14673 5073 4915 5392 12603 5407 18873 19245
 18507 1122 19271 170 925 21501 4888 417 14199 1329 19443 1544 19442 631
 20333 3267]
[2632 2631 2638 2639 6498 6545 6547 2625 2619 2616 2618 12511 1324 6552
 2624 1323 12507 1304 12779 12777 12510 18967 19315 6496 7054 1300 1330
 12775 12753 12502 1332 6499 2620 1305 1270 2615 12503 18958 7126 18956
 21474 21477 1320 12506 2617 19310 12499 12513 12739 1338 5251 12751 6540
 1333 1339 1343 18959 7127 1328 12512 1321 18951 19308 21472 1349 1298
 12500 1308 18953 1315 12517 1319 1309 6541 1342 12726 21519 21465 18955
 19311 2041 15312 12514 6500 12771 21478 1336 1341 1694 19312 12505 5193
 1335 12497 21462 21535 2036 8914 1434 5252 12501 12518 12509 18950 1699
 1369 6493 7113 12766 2035 12756 18954 12534 21536 2643 21556 21470 1716
 22028 12682 1351 21521 12687 11964 6495 1340 2040 2613 12759 12738 12685
 12496 5256 12755 21523 21473 12764 1237 12763 12740 1290 2688 1714 1515
 2033 12746 12733 12491 21542 7122 21467 1578 1362 1678 1608 6543 1703
 21476 1713 15311 14203 1275 1784 12519 7055 71 1997 12743 21495 12736 288
 1276 12729 12744 6517 12735 14247 12742 18874 1995 14214 1723 12727 12734
 12680 2049 1232 1306 12717 1465 5187 2000 6001 250 6474 1702 2034 6494
 12765 5254 1782 1555 72 1289 12689 18975 1438 1696 19309 15070 21469 178
 1371 1579 1344 18963 1915 14201 12606 13102 21489 21493 12494 191 180
 12718 1918 12607 1615 1589 291 18971 5194 1744 10565 174 2660 184 12492
 1705 12523 930 12693 22039 4894 1992 253 164 192 5387 2044 21480 14258
 1317 1679 12690 18973 1569 1786 1692 6000 21577 365 6522 7123 296 1565
 18988 1624 933 12696 1269 1236 362 1566 15065 21568 1462 18961 1372 1137
 7083 8931 12531 12679 19382 278 879 892 326 12720 18508 179 926 6487 5080
 1594 1386 12644 16299]
[2632 2635 2638 2629 2637 2630 2636 2639 6551 6549 6544 2628 6498 6547
 2627 19317 2626 19316 2625 2619 2616 2642 2618 12511 2640 1682 1324 6552
 2624 1323 1299 12779 12777 12510 18967 7054 1322 1345 1332 6553 2615
 21520 21477 1320 2617 12513 12773 1316 1343 18951 1349 1298 1315 12517
 1319 2645 2621 15312 12514 6500 1336 19312 12497 21462 2037 5252 1310
 1699 5257 6539 1369 2035 18954 2039 1312 12687 1340 2040 14204 12496 2666
 1337 12746 7122 1578 12681 12686 1363 6543 21479 7124 7094 2046 1275
 19438 12736 1613 1368 12735 18874 2042 14214 6471 1736 1232 290 250 5265
 14205 6494 1327 21524 14280 1996 18510 19280 300 19436 1464 21469 178
 1371 19437 7129 12533 1588 1535 5031 12772 1273 191 1293 1545 1616 12592
 18971 6527 10565 930 12693 289 4894 1992 6519 1123 12721 7114 352 21534
 1624 248 12696 1911 262 166 1493 255 1269 1360 364 1957 12595 1585 7118
 1711 5386 7112 303 297 6467 1815 324 19391 4891 12691 1456 1307 8931 292
 18888 21510 18904 278 1271 5076 892 203 260 326 12605 15068 1314 1302 75
 18990 335 5407 1688 12712 19440 1122 19271 10566 18983 21570 21466 1718
 4893 18506 425 1129 1387 1121 1381 12619 1593 1392 196 12539 927 18877
 15060 1618 12983 158 327 1385 4954 323 1673 1382 12528 18902 239 1551
 12676 5246 2018 819 383 12600 822 1822 424 19272 17078 346 7110 18558
 12709 12611 207 1541 4923 12527 1147 16012 18981 18905 1540 12587 385
 18882 2661 21560 2017 4957 15310 12529 15069 1282 272 19024 11966 1216
 12543 16048 6485 12588 18524 12703 13551 888 19392 10082 12538 12647
 18559 115 2405 22057 14020 5624 20790 8311 4648 5458 7292 17959 20398]
[2632 2634 2631 2637 2630 2636 2639 6551 6549 6544 6546 6547 19317 2626
 2616 2642 6548 12511 12778 2640 1682 1324 6552 1323 12510 18967 19315
 6496 1300 1345 1330 12774 12753 12502 1332 2620 1681 1305 1270 1680 6553
 1325 18960 2615 18958 1326 7126 19313 18956 6468 1347 21477 1348 1320
 12506 2641 1331 2617 19310 12513 12739 5251 12751 1334 1333 1316 7119
 18959 7127 1328 1695 21471 1321 12508 18951 19308 12770 12776 12754 1298
 12500 12517 12752 1319 2614 7053 2645 1309 21519 21465 18955 2041 12514
 6469 6500 12771 21478 12757 5193 21462 21535 12750 18957 8914 5252 12518
 12509 18950 1310 1699 12522 22029 6539 1369 7113 2035 12516 21536 21552
 2643 21470 1716 2039 1297 12682 8911 1351 1312 21521 1311 14204 2613
 12759 12738 12761 12685 2677 12979 1337 12764 1237 12760 12763 12521
 12740 2688 12684 1714 12746 12733 12491 7122 21467 1578 1678 1608 21540
 12730 1363 1703 12762 12978 21481 7094 12767 18976 15311 2060 2046 1784
 12519 7055 1272 21550 12743 12736 1276 19020 283 12744 6517 286 14247
 2042 1999 6471 12727 8915 5188 12734 12745 12536 1306 12613 12717 12976
 14202 2000 2034 14205 6494 5254 12688 21461 1782 1577 1555 72 21551 14280
 18880 14236 12535 1996 18975 19280 1438 19309 6523 21557 929 19436 15070
 21469 178 12748 1579 12533 6518 1344 5373 249 1535 5031 12606 13102 1729
 21493 12494 191 7130 190 188 21549 1293 1589 1917 291 1616 5194 6527 1292
 2054 12678 2660 184 12492 1705 12523 1563 175 930 12693 289 21576 1992
 21537 12614 5384 5081 192 169 1619 1690 19018 21480 1679 2038 1303 12982
 5082 1692 12721 7114 18871 4852 1124 1565 15992 428 20431 22314 14193
 1417 23153 11457 11373 8375 15182 5785]
