Fault List:
105
114
109
102
126
108
117
123
116
111
113
125
108
109
111
114
109
123
114
118
117
99
107
103
109
117
105
103
111
117
FDR List:
0.21
0.228
0.218
0.204
0.252
0.216
0.234
0.246
0.232
0.222
0.226
0.25
0.216
0.218
0.222
0.228
0.218
0.246
0.228
0.236
0.234
0.198
0.214
0.206
0.218
0.234
0.21
0.206
0.222
0.234
Time List:
339.06706380844116
343.34675097465515
339.4490010738373
345.0949969291687
343.13993287086487
342.885400056839
342.6148188114166
341.43658423423767
345.7390010356903
345.00252413749695
341.1333980560303
338.975594997406
334.9139630794525
338.78911304473877
338.81749391555786
338.03865814208984
341.1557297706604
327.29621601104736
342.20360493659973
340.1427400112152
340.04211616516113
341.5068941116333
349.5770049095154
340.1399700641632
337.51849126815796
343.14617013931274
339.8369290828705
342.9117908477783
342.89599418640137
339.3122549057007
Subset List:
[2632 2635 2634 2631 2629 2637 2630 2636 2639 6551 6549 6544 2628 6546
 6498 6545 6547 2627 6550 2626 19316 2625 2619 2616 2642 2618 6548 12511
 12778 2640 1324 2624 1323 12507 1304 12779 12777 19314 12510 19315 6496
 2623 7054 1300 1322 1345 1330 12775 12753 1332 6499 2620 1681 1305 1270
 6553 1325 18960 2615 6542 12503 18958 1326 7126 19313 18956 21474 6468
 1347 21520 21477 1348 12506 1331 19310 12499 12513 12739 1338 5251 12751
 12728 12773 1334 1333 1339 1316 7119 1343 18959 1328 12512 21471 1321
 12508 18951 12770 1715 1349 12754 1298 1308 18953 12517 12752 7053 2645
 1309 6541 1342 12726 21519 21465 18955 19311 2621 2041 6469 12771 21478
 1341 1694 12757 19312 12505 5193 21535 21475 5252 12501 12518 12509 1699
 12522 5257 6539 1369 12766 21536 21552 21470 1370 1297 12682 21521 12687
 2040 14204 2613 12759 12761 12685 21523 2677 21473 12760 12763 12521
 12740 12520 2033 12733 1678 21540 18966 12741 12683 12730 1363 6543 1703
 12762 1693 5267 7124 177 12767 18976 1461 12732 14203 2060 7055 1557
 12736 1722 283 12729 12744 1368 6517 12742 2042 12692 12734 12680 5266
 18962 5268 6001 250 5265 6494 5254 21461 21524 72 1289 18880 12689 1996
 18975 18510 1438 300 21580 6523 21557 929 19436 15070 1464 21469 18872
 178 12748 1371 7129 12533 176 1588 1344 18963 1535 5031 12772 18977 12606
 21489 1729 1273 191 7130 2071 1918 1291 1589 1917 1235 291 1545 294 18971
 19444 301 12715 12678 184 1705 12523 930 6516 4894 253 164 5384 6519 5081
 2044 1361 21480 14258 1679 1286 12719 12982 18973 114 1569 6483 5082 1786
 6000 12721 363 2016 7114 18871 1124 1998 8930 167 7123 352 1565 18988
 21534 1624 933 1911 262 1294 386 2612 8934 1493 19231 1991 6501 1236
 14674 19017 14225 15994 364 1957 1587 1346 12595 1388 1554 1585 19019
 1711 19269 5386 1435 18511 70 21494 2031 1287 18980 1590 5190 21555 1375
 19391 5409 2030 12594 12980 18509 8928 1390 12616 1307 7083 8931 5385
 5247 292 1687 12531 18903 2004 21510 12679 21569 18904 18512 1536 5388
 2055 21585 5030 5076 1383 5993 1910 12720 13100 19439 12711 926 6487 1594
 12605 15068 193 1314 1789 1302 21500 337 1379 935 168 1935 2006 2647 5368
 5383 1127 1938 1384 1572 19266 12615 1558 12551 279 200 19446 883 15428
 414 21553 8913 18990 19012 12490 367 5392 335 12603 1717 19625 18873 5389
 1133 19245 18514 19440 1122 1376 171 259 170 429 925 1926 18968 2406 1142
 4912 5391 21491 15993 343 1544 1908 21466 6515 2654 21440 5033 18506 1222
 18897 12596 1559 425 21488 432 12552 1568 1466 1380 21483 1387 4883 258
 1121 1381 19383 6466 12610 12619 2048 1781 19016 196 276 12701 6470 16003
 370 891 331 927 2065 928 15991 15060 6526 817 1570 263 893 5260 1382
 15996 18902 2611 15416 10804 21407 21168 19723]
[2632 2635 2634 2631 2638 2629 2637 2630 2639 6551 6549 6546 6498 6545
 6547 2627 6550 19316 2619 2616 2642 2618 6548 12511 2640 1682 1324 1323
 12507 1299 1304 12779 12777 12510 18967 19315 6496 7054 1300 1345 1330
 12774 12775 1332 6499 2620 1681 1305 1270 1680 6553 1325 18960 2615 6542
 12503 18958 1326 7126 18956 21474 6468 1347 21520 21477 1320 12506 2641
 1331 2617 12499 12739 1350 1338 5251 12751 12728 12773 6540 1334 1316
 7119 18959 1328 12512 1321 18951 21472 1715 1349 12754 1298 12500 1308
 12517 18949 2645 1309 1342 12726 21519 21465 18955 2621 12514 6469 6500
 12771 21478 1341 19312 12505 1335 21462 21535 12750 7109 2036 21475 5252
 12518 12749 12509 18950 1310 12522 6493 18954 12534 21536 21552 2039 1312
 12687 1311 2613 14269 12759 12685 2677 2666 12979 21473 12764 1237 12760
 2655 1578 1362 1678 21540 12681 12686 12741 12683 1709 5250 1684 1703
 21476 1504 1693 5267 21481 177 7094 12731 1461 12732 14203 2060 1556
 12694 1275 1784 7055 71 21495 1557 288 1120 283 12729 12744 14247 12742
 12692 1999 12609 12727 1295 8915 1736 1592 2049 1232 5268 2000 6001 250
 21538 5265 12765 1782 72 1289 14280 12714 12535 1996 18510 19280 1438 300
 21580 21469 176 1344 187 1915 252 12606 13102 1273 2071 21549 1291 1615
 1589 1545 1616 19444 282 10565 2660 184 1705 22039 1992 21537 253 1123
 5081 1619 1690 1361 14258 1679 2038 1303 12498 5082 1786 284 2016 4852
 1998 6522 167 7123 198 15992 262 1944 1294 1976 22049 1493 19231 1269
 1360 333 302 6501 1676 18947 19017 21522 362 5248 5408 12591 2052 295
 18948 1912 1364 1711 19269 5386 1930 7112 12618 297 1288 1287 1462 5190
 324 1375 19391 5409 8925 19386 1574 1390 2644 19015 1625 18986 7083 5247
 292 7115 21569 18904 1536 14200 1296 1134 1271 1359 5027 14261 5076 892
 14676 203 12720 13100 1677 256 179 12604 5080 12605 15068 193 1529 18982
 6003 1931 1379 1543 22016 935 168 2647 5368 7111 5028 1572 19266 12615
 411 340 1558 12551 12590 325 19446 18979 17080 8913 1936 19012 2050 12490
 5073 4915 367 5392 12603 5407 1720 18507 2053 19385 429 1926 2406 261
 21491 15993 18987 6524 14687 15988 21570 12612 1908 19442 21466 1718
 21440 1546 1128 12889 12596 1559 425 12552 19265 371 21483 21468 258
 21432 1698 265 1548 12918 1392 2048 891 19617 18877 13103 369 15060 12598
 1927 19384 287 12673 1626 12633 15059 12710 19244 1357 2659 6646 15062
 1373 16002 410 2018 359 12553 12600 6521 822 4890 412 18542 18558 332
 2651 16046 1637 12709 16009 12723 16011 12611 15426 1649 1541 21571 7120
 4856 242 2548 4892 306 15061 21578 1582 342 1451 197 390 1604 19597 413
 1785 12674 5382 1394 15949 19320 2610 12583 1758 2661 334 2025 19628 309
 1929 15923 22014 4957 12529 12941 15069 4955 19396 22224]
[2632 2635 2631 2638 2629 2630 2636 2639 6551 6549 6544 2628 6546 6498
 6545 2627 6550 19317 19316 2625 2619 2616 2642 2618 12511 2640 1324 6552
 2624 1323 1299 1304 19314 18967 19315 6496 7054 1300 1345 1330 12774
 12753 12502 1332 6499 2620 1681 1270 1680 6553 1325 18960 2615 6542 18958
 1326 19313 18956 21520 21477 1348 12506 2617 19310 1301 12739 1350 1338
 12728 12773 6540 1334 1316 7119 1343 18959 12512 1695 21471 1321 19308
 21472 1715 12776 12754 1298 12500 1308 18953 12752 1319 2614 7053 18949
 1309 1342 12726 21519 2621 2041 15312 12771 1341 1694 12757 5193 21462
 12750 18957 7109 2036 21475 1434 2037 5252 12501 12518 12749 12509 18950
 1310 1699 22029 5257 6539 1369 6493 12516 12756 18954 12534 21536 21552
 2643 21556 1297 22028 12682 7116 8911 1351 21521 11964 6495 1340 1311
 2613 12738 12761 12496 5256 12755 2666 12764 12760 1714 12520 12733 12491
 21467 1362 12686 12741 1363 6543 5250 1703 12978 21479 1693 1713 5253
 5267 12731 18976 1461 7125 12732 15311 21541 2060 2046 1275 1784 1272 71
 21550 12743 21495 12736 1613 1120 1276 1285 283 12729 6517 14247 18874
 2042 12692 14214 6471 1723 1365 12727 1295 5188 1916 12734 12680 1463
 1736 1592 2005 2049 12745 1232 12613 290 185 1465 5268 1125 14202 6474
 21538 5265 1702 2034 14205 6494 12765 5254 1327 12688 21461 14681 21524
 1577 1555 72 21551 14236 12714 12689 18975 2032 19280 1438 12977 1696 300
 6523 929 15070 1464 178 12748 281 19437 1579 12533 1588 1344 5373 187
 18963 249 1535 252 14201 5031 12772 18977 12606 13102 1729 1273 12494 191
 7130 190 180 12718 1918 12607 1291 1293 1235 173 291 1545 1616 12592
 18971 1744 19444 2054 282 12715 1993 2660 12492 1705 12693 22039 21537
 1123 5387 12768 2044 1361 165 1317 1679 1286 1303 12982 1786 1692 2016
 1313 365 167 7123 386 362 18978 5248 19270 15994 364 5408 1587 12591 295
 1346 12595 1388 21568 1554 5264 5386 1435 18511 2027 181 2031 5191 297
 15431 6467 12698 1815 1288 361 5390 1590 1462 5190 324 21555 2646 19391
 2030 12594 18961 8925 1372 18509 12691 1625 18986 18878 8931 5385 5247
 1687 18888 299 12531 353 18903 2004 18916 21510 18512 19382 1359 5029
 2061 21585 5030 892 5993 326 1598 13100 1712 7072 19439 339 256 18985
 5080 1612 18969 12605 15068 1314 1529 1302 21500 337 6003 18972 1931 935
 168 5383 1127 75 7111 1938 5028 1384 1572 12615 411 1558 12551 279 325
 6525 14673 883 414 2050 12490 5073 367 335 1527 1688 18873 1937 5389
 19245 18514 12702 1122 2053 1731 19385 259 2406 5391 18987 6524 7121 431
 1544 2047 4893 21440 1546 13535 18506 18908 432 1387 4883 5259 1121 1548
 1581 1728 7438 269 1672 338 1377 19016 15938 6470 4913 1925 12539 434
 16003 14678 891 19617 1909 815 5074 1457 928 17793]
[2632 2635 2634 2631 2638 2629 2637 2630 2636 2639 6551 6549 6544 2628
 6546 6498 6545 6547 2627 6550 19317 2626 19316 2625 2619 2616 2642 2618
 12511 12778 2640 1682 1324 6552 1323 12507 1299 1304 12779 12777 19314
 12510 18967 19315 6496 2623 7054 1300 1322 1345 12774 12775 12753 1332
 6499 2620 1681 1305 1270 1680 6553 1325 18960 2615 6542 12503 19313 21474
 6468 1347 21477 1348 1320 12506 2641 2617 19310 1301 12499 12513 12739
 1350 1338 12751 12728 12773 6540 1334 1339 1316 1343 18959 7127 1328
 12512 1695 21471 1321 12508 18951 19308 21472 1715 12776 12754 1298 12500
 18953 1315 12752 2614 7053 18949 2645 6541 1342 12726 21519 21465 18955
 19311 2621 15312 12514 6469 1336 1341 19312 12505 5193 1335 12497 21462
 21535 18957 21475 1434 12501 12749 18950 1699 22029 6539 6493 7113 12766
 2035 12756 18954 12534 21536 21552 21556 21470 1370 1716 2039 1297 22028
 12682 18952 8911 1312 21521 6495 1340 1311 12758 14204 2613 14269 12738
 12761 12685 5256 12755 21523 2677 12979 21473 12764 12737 12760 12763
 1290 1714 12520 2033 12746 12733 12491 7122 1578 1678 1608 12686 12683
 1709 12730 6543 1684 1703 21479 21476 1693 1713 5253 5267 7124 21481
 12767 12731 1461 7125 12732 15311 14203 2060 2046 1556 12694 1275 1784
 12519 1272 71 19438 21550 21495 12736 288 1613 1120 1285 12729 12744 6517
 286 12735 14247 12742 18874 1995 2042 12692 14214 1999 6471 1365 12727
 8915 5188 1916 12680 1736 1592 2005 2049 12536 1232 1306 12613 290 12717
 2043 18962 1465 5268 1125 12976 5187 14202 2000 6001 21538 1702 2034
 14205 7128 1327 12688 21461 14681 21524 14280 18880 14236 12714 12689
 1996 2032 18510 19309 300 21580 21557 929 1464 21469 12748 1371 281 19437
 1579 12533 176 6518 1588 1344 18963 1915 252 12593 12772 13102 1729 1273
 12494 191 7130 2071 180 1918 1291 1615 1589 1235 12592 5194 1744 19444
 2054 12715 12678 2660 12492 175 930 289 6516 21576 22039 251 4894 1992
 12747 21537 5384 6519 192 1990 169 1619 12695 19018 12768 14258 1317 1286
 2038 12719 1303 12498 12690 18973 114 6483 1786 6000 12721 363 21577 365
 4852 1124 1998 6522 167 296 1624 15992 1911 1944 166 1976 293 1493 6501
 19318 189 1783 12591 1364 1711 280 6467 18980 1375 12594 12722 1137 8928
 16004 12691 1536 5388 5027 1598 19439 256 179 21532 926 1931 1379 1935
 2647 75 1771 411 1558 1580 325 12642 12490 19625 2053 18983 21570 2029
 1380 1387 5259 1552 1614 1672 1567 1925 928 13103 1132 16587 12897 6526
 11750 12548 21529 11349 22315 2595 22047 12467 1166 7101 16941 9121 13959
 1801 17604 10807 13186 17264 8687 19412 10855 18477 17355 12837 4937
 16184 16156 16818 21424 19817 11083 19223 2114 6049 8261 9117 3506 3702
 7871 18650 14452 23205 9083 14318 9547 20690 18615 6396 20123 7039 11274
 21649 19973 20012 16669 4449]
[2632 2635 2634 2631 2637 2630 2639 6544 2628 6545 2627 6550 19317 2626
 19316 2618 2640 1682 1324 1323 12777 12510 18967 2623 1300 1322 1345
 12775 12753 2620 1270 6553 12503 7126 6468 1347 21520 1348 1320 12506
 1331 2617 19310 1301 6540 1334 1339 1343 12512 21471 1321 19308 21472
 1349 12776 12754 1298 1315 12752 1319 2614 1342 12726 21519 21465 18955
 19311 2621 2041 15312 12771 1341 12505 5193 1335 21462 21535 18957 7109
 2036 8914 12501 12518 12749 12509 18950 1310 1699 6493 7113 12766 2035
 12516 1366 12534 21556 21470 22028 12682 8911 1351 21521 1340 2040 14204
 2613 12759 12738 12755 2677 21473 12521 12684 1515 7122 1362 1709 12730
 1703 21479 21476 5253 5267 7124 7094 12731 18976 7125 15311 14203 2060
 12694 1784 12736 288 1276 1722 1285 1691 283 12729 12735 12742 1995 2042
 12609 1723 12727 8915 1592 5266 2049 12745 12536 12717 2043 185 12976
 2000 6001 250 21538 5265 14205 5254 7128 21461 1782 72 12689 1996 18510
 1438 21580 6523 19436 21469 178 1371 19437 5373 1915 252 5031 12772 13102
 12494 190 1918 1917 173 291 12592 294 301 1993 12678 12523 175 289 6516
 22039 12747 253 12614 5081 12695 165 1286 12982 18973 2045 5082 1786 7114
 365 296 248 1911 1944 293 386 2612 1493 255 1269 333 6501 1676 1236 15947
 21528 19270 5408 18948 21568 1364 1711 280 2027 2051 1287 21555 1375 2646
 19391 2030 12594 12980 8925 21554 19386 1574 16004 1390 12691 5385 353
 7115 21510 18512 1536 879 5027 5030 1598 21484 12720 19599 1591 7072
 19439 256 18985 15068 1302 21482 21500 6003 267 168 2647 1938 19266 12615
 340 12590 1580 279 890 414 12490 4915 367 1527 1720 1717 18873 18514 1731
 19271 259 18968 15948 1142 261 5391 1584 1136 7121 12612 1908 1718 4893
 6515 21440 368 1222 12596 360 12552 371 2029 12707 21525 4883 15946 14253
 5259 1381 19383 1548 6466 1581 1552 18965 430 435 12610 338 1781 19016
 15938 12701 16003 14678 370 891 2065 5074 1457 18877 13103 1914 4855
 15060 304 5075 271 287 817 15430 12697 893 428 274 1382 15996 1357 22015
 18902 15062 239 2066 938 1551 1239 2018 5244 4889 5069 1822 240 1932
 13098 1920 5070 1583 346 1940 328 8501 1637 1530 1629 15426 2063 277 242
 15061 390 2020 1791 16012 1437 1394 18905 1540 939 270 4884 344 1386 2022
 1929 11707 2019 1282 1549 1526 19024 19003 12557 12543 12585 2658 19243
 1218 1459 1817 18524 2657 1599 1231 12724 388 2652 15921 1199 433 456
 18883 12981 7449 5072 12554 11748 5068 459 14264 18520 460 356 4887 12597
 22011 19007 15047 12580 2408 391 2023 21566 374 15919 19619 18920 15981
 824 2649 20353 12526 16588 11647 14671 15997 12544 20382 5998 254 16901
 15313 1395 6700 12555 7441 11747 2069 2566 1467 16548 19027 1470 11750
 441 12646 4956 5118 5245 7093]
[2632 2635 2634 2631 2638 2629 2637 2630 2636 2639 6551 6549 2628 6546
 6498 6545 6547 2627 6550 19317 2626 19316 2625 2619 2616 2642 2618 6548
 12511 12778 2640 1682 1324 6552 2624 18958 1326 7126 19313 18956 21474
 6468 1347 21477 1348 2641 2617 19310 12499 12513 12739 1350 1338 5251
 12751 12728 12773 6540 1339 7119 7127 12512 21471 19308 21472 1715 1349
 12776 1298 18953 1315 12517 12752 1319 18949 2645 1309 6541 1342 21519
 18955 19311 2621 12514 6469 6500 12771 1336 1694 12757 1335 21462 21535
 12750 2036 5252 12501 12518 12749 12509 1310 1699 12522 6493 7113 12766
 12516 1366 12756 18954 21536 2643 21556 1370 1716 2039 12682 7116 1351
 12687 11964 6495 2040 12758 14204 12685 12496 2677 2666 21473 1237 12760
 2655 12521 12740 1290 2688 1714 1515 2033 12746 12491 7122 1578 1362 1678
 1608 12681 18966 12686 12741 1709 1684 12762 12978 12769 21476 1504 1693
 1713 5253 5267 7124 21481 177 12731 7125 15311 21541 14203 12694 12519
 7055 1272 21550 1997 12743 1722 1691 5249 12744 6517 12735 12742 14214
 6471 1365 1916 12734 1463 1736 1592 5266 1306 12613 185 18962 5187 14202
 2000 6474 5265 1702 2034 14205 12765 5254 7128 1327 12688 21461 21524
 1577 1555 72 14280 12714 1996 2032 1696 19309 300 929 19436 1464 18872
 1371 7129 12533 6518 1344 1535 1915 252 12593 5031 12772 18977 1729 21493
 1273 7130 190 12718 1918 12607 1293 1589 1917 291 1545 1616 294 18971
 5194 6527 19444 301 282 1993 10565 174 12492 1705 175 289 4894 1992 12747
 5387 15947 189 195 18978 5248 19270 15994 1957 1587 2052 1346 18948 5192
 1388 1585 1364 19019 1711 280 7112 18511 70 303 21494 2031 5191 15431
 1815 2051 1287 18980 5190 324 1375 2030 18961 12980 4891 12722 8925 8928
 1390 2644 1625 12616 18878 8931 5385 5247 292 18888 12531 353 7115 202
 18904 18512 1536 19382 5029 5030 5076 892 14676 1383 260 1591 1712 7072
 19439 256 21532 21526 18985 5080 1612 12605 15068 1789 1302 6003 1543 168
 2647 5028 1384 1572 12615 1580 6525 12642 1436 19446 15428 18990 335
 12603 19397 1688 341 1717 12712 18873 1133 18507 1731 19385 259 10566
 1142 4912 5391 18983 4888 14687 14199 15988 21570 431 1544 1908 1718 6515
 2654 21440 1546 368 1128 12617 18506 1222 12596 1559 1560 21488 360 14675
 19265 15945 1466 21483 1939 12707 18884 258 15946 21432 1698 14253 1548
 1581 1728 18965 430 12610 338 11642 1377 1567 2048 1374 276 15938 12701
 4913 12481 16003 891 927 2065 1787 366 2001 13103 1132 14677 369 15425
 2633 1234 199 16587 12598 12983 1927 304 1743 257 15436 1595 19014 19384
 287 19435 18992 158 817 12456 19025 1570 327 15430 1547 12697 245 1126
 12700 1947 323 1221 274 5113 1673 423 1393 12602 15062 1573 12599 1373
 1358 6486 4942 1534 7451 2066 18513 14661 12919 10122]
[2632 2635 2634 2631 2638 2629 2637 2630 2639 6551 6549 6544 2628 6546
 6498 6547 2627 6550 19317 2626 19316 2625 2619 2616 2642 6548 12778 2640
 1682 1324 2624 1323 1299 1304 12779 12777 12510 18967 19315 6496 2623
 7054 1345 1330 12774 12775 12753 12502 1332 6499 2620 1681 1680 1325
 18960 2615 18958 1326 7126 19313 18956 21474 1347 21477 1348 1320 2641
 2617 1301 12499 12513 12739 1350 5251 12751 12728 12773 6540 1334 1333
 1339 18959 7127 1328 1695 1321 18951 19308 21472 1715 12754 1298 1308
 18953 1315 12517 12752 2614 7053 2645 1309 1342 21465 18955 19311 2621
 15312 12514 6500 12771 1336 1341 1694 12757 19312 12505 5193 1335 21462
 18957 7109 2036 8914 21475 12501 12518 12749 12522 5257 6539 1369 6493
 7113 12766 2035 12516 1366 12756 18954 12534 21552 2643 21470 1370 1716
 2039 22028 7116 21521 12687 11964 6495 1311 2040 14204 2613 14269 12759
 12738 12685 12496 5256 12755 2666 12979 21473 1337 12764 12737 12760 2655
 1290 2688 1515 12520 2033 12746 12733 12491 21542 7122 21467 1362 1678
 21540 12681 18966 12741 12683 12730 1363 6543 1684 1703 12762 12978 12769
 21479 1504 1693 1713 7124 21481 177 7094 12731 18976 1461 7125 12732
 14203 2060 1556 12694 1275 1784 12519 71 19438 12743 1557 1613 1120 1276
 1722 1285 1691 5249 283 12744 6517 18874 12692 14214 6471 12609 1723
 12727 8915 12734 12680 1463 1736 1592 2005 5266 2049 12745 12536 1306
 12613 290 2043 185 18962 1465 5268 6001 250 21538 5265 1702 2034 14205
 12765 7128 12688 1782 14681 21524 1577 72 1289 21551 14280 18880 14236
 12714 12689 1996 18975 19280 12977 300 21580 6523 21557 19436 15070 21469
 18872 178 12748 1371 19437 1579 12533 6518 1344 18963 249 1915 252 14201
 12593 18977 12606 1273 12494 191 7130 12718 12607 188 21549 1291 1615
 1589 1917 1235 291 1545 1616 12592 294 5194 1744 6527 1292 19444 2660
 1705 1563 12693 22039 4894 21537 253 12614 5081 192 169 12719 12982 114
 1569 12721 1313 7114 18871 365 1124 7123 352 15992 1911 166 386 1493 255
 333 12716 14674 1700 19270 15994 364 1957 5408 1346 21568 1364 19019 1711
 280 2027 21494 297 1815 1288 1287 361 12594 12980 4891 21554 19386 18509
 2644 19015 1625 18878 353 202 5388 1359 5993 12720 1591 19439 339 256 179
 12711 6487 12605 1789 1529 18982 337 1931 1379 1127 7111 1938 1558 279
 19446 883 11313 18979 2050 4915 1527 19397 1688 12712 18514 1122 2053
 1142 1584 15993 4888 6524 14687 21570 1718 432 360 14675 15946 14253 5259
 1552 18965 7438 269 1672 1593 1377 1567 4913 274 1382 12584 19244 1393
 2659 820 6646 12602 5032 6486 2064 246 884 12919 1239 5244 19381 4889 268
 383 12600 5026 1932 19010 373 15421 8932 7449 12483 5072 14268 19626
 19619 12471 468 12984 6476 14816 11349 21450 1657 2404 17092 13606 21224
 18885]
[2632 2631 2638 2629 2637 2636 2639 6551 6549 6544 6546 6498 6545 6547
 19317 2626 19316 2625 2642 6548 1682 6552 2624 12507 1299 1304 12510 6496
 2623 1300 1322 12775 12502 1325 18960 6542 12503 18958 1326 7126 18956
 21474 1347 1348 1320 12506 2641 1331 19310 12513 12739 1350 1338 5251
 12751 12728 12773 6540 1333 1339 7119 1343 18959 7127 1328 12508 1349
 12500 18953 1319 2614 2645 1309 6541 21519 6469 1336 19312 5193 1335
 21535 12750 7109 2036 21475 2037 12509 1310 1699 12522 22029 5257 7113
 12516 18954 12534 21536 21552 12495 2039 1297 12682 7116 18952 8911 1351
 1312 21521 11964 1311 2040 14204 2613 12759 12738 12761 12755 21523 12760
 2655 1290 2688 1714 1515 12520 12491 21542 21467 1362 1678 1608 12681
 18966 12730 1363 1684 12762 12978 12769 21479 21476 1504 1693 1713 5267
 21481 177 7094 12767 12731 18976 12732 21541 2060 2046 1556 1275 1784 71
 19438 21550 12743 1613 1120 1276 1722 1691 19020 283 6517 286 12735 14247
 18874 1995 2042 12692 6471 12609 1723 1295 8915 5188 12734 12680 5266
 2049 12745 12536 1232 1306 12613 290 185 1465 5268 1125 12976 14202 2000
 250 6474 5265 14205 6494 7128 14681 1555 1289 21551 14280 12535 2032
 18510 300 21557 21469 178 12748 1371 281 1579 12533 176 6518 1588 1344
 14201 5031 12772 18977 12606 13102 21489 12494 7130 188 1615 1589 1235
 173 1545 294 282 1993 10565 184 1705 22039 253 1619 12768 14258 1317 1286
 12982 1569 2045 12721 284 21577 6522 7123 1624 248 933 12696 1976 293
 19319 386 1269 6501 19318 18947 21522 189 5248 18948 5192 1912 5264 181
 70 6467 361 1462 21555 1375 1137 16004 12691 1625 7083 1994 292 12531
 18903 14200 5029 203 1383 326 1910 1598 19599 256 179 12711 18972 168
 5383 1127 5028 1572 1580 279 1436 19446 14673 883 12490 5392 5407 1720
 1717 12712 1133 12702 18507 1376 19271 1142 343 4888 18987 14687 1329
 1648 19442 4920 6515 2029 21483 1939 12707 18884 21468 1387 4883 21432
 5259 265 1581 18965 1614 2048 4913 1704 815 928 12893 1656 1234 199 12598
 1927 1743 6526 19384 287 12673 12456 19025 327 1571 12700 428 1947 5260
 1609 19011 423 19244 1357 12528 12725 1573 12599 246 239 7451 1659 938
 266 1790 16002 12676 19398 1239 2018 5244 383 18917 5026 822 424 12487
 14263 4890 1217 412 5071 1583 18899 826 332 12891 328 12589 2656 1772
 12611 1629 358 207 273 1649 2548 11749 422 4951 1451 17087 2020 1437 385
 427 12529 12941 18970 19003 11966 902 19400 12543 1218 21463 186 1231
 12634 15921 1469 241 888 2024 456 18997 1195 15990 12538 15998 6475 420
 13095 7449 5146 12554 15922 19262 308 5394 18991 1632 11648 16044 19623
 1706 1977 18528 14672 1135 254 943 900 16901 15313 2622 394 1140 936 3549
 12646 4956 12489 5245 20356 1196 16572 10794]
[2632 2635 2634 2631 2638 2629 2637 2630 2636 2639 6551 6549 6544 2628
 6546 6498 6545 6547 2627 6550 19317 2626 19316 2625 2619 2616 2618 6548
 12778 2640 1682 1324 6552 2624 1323 12507 1299 1304 12779 19314 12510
 18967 6496 2623 7054 1300 1322 1345 1330 12774 18960 2615 6542 18958 1326
 7126 19313 21474 6468 1347 21520 21477 1348 12506 1331 19310 1350 1338
 12751 12728 1334 1333 1316 7119 1343 7127 1328 12512 21471 1321 18951
 12770 21472 1349 12776 1298 12500 1315 12517 12752 1319 7053 18949 2645
 1309 6541 1342 12726 21519 21465 18955 2621 15312 6500 12771 21478 1336
 1341 12757 12505 5193 12497 12750 7109 2036 8914 21475 2037 12501 12509
 18950 1310 1699 12522 22029 6539 1369 7113 12766 2035 12756 12534 21536
 21552 2643 21556 12495 21470 1370 1716 2039 1297 7116 18952 8911 1312
 21521 12687 11964 6495 1340 1311 2040 12758 2613 12759 1237 2655 1714
 12520 2033 12733 1578 21540 12681 12683 12730 1363 6543 1684 1713 5253
 5267 7094 12767 1461 7125 12732 71 19438 1722 19020 5249 1368 12735 1995
 1723 8915 1916 1736 5266 12536 12613 12717 185 1125 5187 6494 14280 12977
 21557 1371 19437 5373 18963 1535 1915 14201 12593 12772 18977 18974 12606
 21489 1729 1273 191 190 180 12607 188 1615 1293 1589 173 1545 294 1744
 1292 2054 12715 1993 174 12678 2660 12492 12523 175 6516 251 4894 12614
 6519 192 1990 5387 12695 2044 165 1679 18973 12721 363 365 1124 1998 7123
 296 18988 21534 15989 933 1911 262 1294 293 19319 386 2612 8934 22049
 1493 255 19231 1269 1360 1676 18947 21522 285 362 18978 2052 1346 1554
 1364 7118 1711 5386 7112 12618 2051 5190 1375 2646 19391 12722 21554
 19386 1137 18509 16004 1390 12691 1456 1625 7083 8931 12531 12679 18904
 18512 1482 1536 1296 2055 1576 1271 879 5029 5027 2061 5030 14261 5076
 892 14676 260 12720 19599 1591 7072 1677 19439 18508 12711 21532 926
 21526 18985 6487 1612 14682 6497 12605 15068 193 1314 1302 18982 6003
 1931 1543 22016 267 935 1127 75 7111 1938 1572 12615 411 340 1580 279 325
 6525 200 12642 1436 19446 883 15428 890 11313 18979 17080 21553 8913
 18990 1936 19012 2050 12490 367 5392 1527 5407 1720 1717 12712 1937 19245
 18514 12702 1122 1731 1670 1761 19271 171 259 170 429 18968 261 4912 5391
 21491 18983 4888 1136 18987 6524 14687 1329 19443 1648 7121 1544 12612
 1908 19442 2047 4920 2654 21440 1128 12889 13535 5033 18908 12596 1559
 21488 12552 15945 1568 1466 1380 12707 18884 1387 15946 1698 14253 265
 1381 19383 1728 1614 7438 269 12619 1377 1392 1233 2048 19016 276 14678
 1704 1787 1457 2001 18900 2633 16587 1618 12897 304 5075 12561 19384 287
 18992 158 12708 19025 1570 263 1547 7104 2650 13548 2017 12941 272 15075
 19400 12524 1218 12588 18524 19264 186 10081 1162 14929]
[2635 2634 2631 2629 2630 2639 6549 6544 2628 6546 6498 6547 2627 19317
 2626 2625 2616 2642 2618 6548 12511 12778 2640 1682 6552 2624 1323 12507
 1299 1304 12777 19314 18967 19315 6496 2623 7054 1300 1322 12774 12753
 12502 1332 2620 1305 1270 6553 1325 2615 18958 1326 7126 19313 18956 1347
 21520 21477 1348 12506 2641 1331 19310 1301 12513 12739 1350 1338 5251
 12728 12773 1334 1343 7127 1328 1695 21471 1321 12508 19308 21472 1349
 1308 12752 1319 7053 6541 1342 2621 12514 6500 12771 1694 19312 18957
 1434 5252 12518 1310 12522 22029 5257 12516 1366 18954 12534 21536 21552
 2643 12495 21470 1370 1716 2039 1340 12758 14204 14269 12759 12685 12496
 5256 12755 2677 2666 12979 21473 12763 1714 21542 7122 21467 1578 1362
 1678 1608 12683 12730 6543 1684 21476 1693 1713 7124 12767 18976 15311
 21541 14203 1784 71 19438 21550 1997 12743 21495 288 1120 1722 1691 5249
 12744 12735 2042 14214 6471 12609 1723 1365 8915 1916 12680 1736 1592
 5266 2049 12745 1306 12613 18962 12976 6474 21538 2034 5254 7128 1289
 14236 12714 18975 2032 18510 1438 12977 1696 300 21580 6523 19436 15070
 18872 12748 281 6518 1344 249 252 5031 18977 18974 13102 21493 191 12718
 188 1917 1235 291 1545 6527 301 282 1993 12678 2660 1705 12693 289 12747
 5384 6519 1619 165 1679 1286 2038 12498 18973 6483 1786 1692 6000 12721
 284 363 21577 2016 1689 18871 8930 6522 167 7123 296 21534 21531 15992
 933 1911 1944 166 1294 1976 386 22049 1269 333 302 1991 1236 21522 285
 189 1783 362 195 1700 19270 14225 15994 1957 5408 12591 295 18948 1912
 1364 19019 1711 1930 2027 181 21494 2031 1815 2051 1287 182 1462 5190
 2646 12594 18961 12980 4891 8925 21554 8928 16004 2644 19015 12691 1625
 18986 12616 18878 5247 1687 18904 1482 19382 14200 21585 892 260 21484
 12720 19599 1591 339 18508 926 1612 1594 14682 6497 12605 1314 21482
 21500 267 2006 2647 75 7111 1384 12615 411 340 279 14673 883 890 11313
 414 19012 2050 12490 4915 5392 1527 1720 341 19625 18873 1133 1376 171
 21501 15948 261 5391 1136 18987 1329 19443 1648 431 2047 1701 21440 1546
 12889 5033 12617 18908 425 14675 1466 1387 4883 15946 21432 1121 1581
 7438 435 12918 12619 1377 2048 19016 1374 6470 12481 16003 1909 2065 5074
 1457 366 1132 6492 15991 12893 4855 15060 12598 1618 12897 1927 304 5075
 19014 12561 19384 287 19435 12708 1570 833 15059 1571 893 5260 1609 19011
 247 1382 19244 1357 15987 6646 5032 2611 2064 1534 938 266 18513 18890
 1551 15066 2018 359 5244 19381 6521 424 12677 307 12559 10562 1932 12487
 373 5071 17078 346 12608 1793 1940 12564 7110 372 2651 2656 1772 16046
 8501 16016 1047 16832 9479 16797 1845 16827 11126 22745 9178 17051 5832
 23060 10526 13074 20249 18179 22986 2101 17870 3095]
[2635 2634 2631 2638 2629 2636 2639 6549 6544 2628 6498 6545 2627 6550
 19317 2626 19316 2625 2619 2616 2642 2618 12511 12778 2640 1682 1324 6552
 2624 1323 12507 1299 12779 12777 12510 18967 19315 6496 2623 7054 1322
 1345 12774 12775 12502 1332 6499 2620 1681 1305 1270 1680 18960 6542
 12503 18956 6468 1347 21520 21477 2641 1331 2617 19310 1301 12499 1350
 1338 5251 12751 12728 6540 1334 1333 1339 1316 7119 1343 18959 1328 1695
 21471 1321 12508 18951 12770 21472 1715 12776 12754 1298 12500 1308 18953
 12517 12752 1319 2614 18949 1309 6541 12726 21519 21465 19311 15312 12771
 1341 12757 5193 1335 12497 21462 18957 7109 8914 2037 12518 12749 12509
 18950 1310 12522 22029 1369 2035 12756 21556 12495 21470 1716 2039 1297
 22028 7116 18952 21521 12687 11964 6495 1340 2040 12758 14204 14269 12759
 12738 5256 12755 2677 2666 12979 1337 1237 12763 2655 12521 12740 1290
 2688 12684 1714 1515 12520 12746 12491 7122 21467 1362 1678 1608 21540
 12681 18966 12686 12741 1709 12730 1363 5250 1684 12762 12769 21479 21476
 1504 1693 1713 7124 21481 12767 1461 12732 15311 21541 14203 2060 2046
 1784 71 1997 12743 1557 12736 288 1722 1691 19020 283 12729 1368 286
 12735 14247 18874 12692 12727 1295 1592 2005 5266 2049 1306 12613 290
 12717 185 5268 21538 1702 14205 12765 5254 7128 1577 21551 14236 12689
 1996 18975 18510 12977 1696 300 929 19436 1464 21469 18872 178 1371 281
 19437 1579 12533 6518 1344 187 252 18977 12606 1729 21493 2071 190 12607
 1615 1589 1235 173 291 1545 12592 294 18971 1292 19444 282 174 2660 1705
 1563 930 289 6516 22039 4894 12747 253 164 6519 1123 192 5387 12695 1690
 12768 2044 21480 14258 1679 1286 12719 12690 114 1569 6483 1692 6000 1313
 198 21531 248 12696 1944 386 19231 5255 19318 195 5408 1346 5192 1585
 7118 5264 5386 7112 21494 1288 361 182 19391 12594 12980 4891 1372 1390
 2644 18878 5247 299 21510 1482 14200 1134 1576 1359 203 260 326 1712
 21532 926 12604 6487 14682 6497 193 21482 1931 935 168 5028 12590 1436
 14673 890 11313 18979 414 4915 1527 12712 18873 1937 1133 1376 10566
 18968 1142 5391 4888 6524 1908 2047 4920 1718 2654 21440 1546 1128 12889
 13535 5033 12617 1222 18908 18897 1129 1560 432 360 1568 371 2029 21468
 1387 4883 258 15946 1698 1552 18965 7438 430 435 12918 12619 1377 1567
 2048 196 276 12701 6470 1925 12539 434 4914 12481 331 19617 1704 927 2065
 366 2001 1132 6492 1914 21496 369 18900 15425 4855 15060 1656 1234 16587
 12598 12897 12983 1927 304 5075 1595 12561 19384 287 12673 12708 19025
 327 15430 263 12697 2650 12633 15059 893 245 1126 1385 428 4954 323 1221
 12710 274 1609 19011 247 1382 21514 1393 2659 22015 12599 18515 1373 5032
 6486 2064 8929 4942 1534 246 239 1138]
[5384 1123 1990 1690 1361 12690 1569 5082 1786 12721 21577 7114 18871 4852
 6522 167 7123 352 248 15992 15989 12696 1911 262 1493 19231 1360 5255 333
 302 19318 18947 14674 15947 21522 189 362 5248 364 1566 1957 5408 15065
 12591 18948 1388 1912 1585 5264 1711 1435 18511 181 70 15431 6467 1815
 1287 361 1590 324 21555 19391 12980 12722 8925 1372 19386 16004 12691
 1456 18878 292 1687 353 7115 12679 18904 18512 1536 19382 14200 1576
 14261 14676 1910 1598 1712 339 179 12711 21526 12604 6487 5080 14682
 18969 12605 1314 21482 18972 1379 267 935 168 1127 1384 12590 1580 325
 6525 200 19446 15428 890 11313 21553 1936 5073 4915 5392 5407 19397 1688
 1717 12712 18873 5389 12702 19440 1731 1670 170 429 1142 261 4912 343
 18987 1329 19443 16582 7121 21570 12612 21466 4920 4893 18506 18908 425
 14675 19265 1466 2029 1939 265 1381 1581 18965 1614 269 435 338 12619
 1781 276 15938 6470 434 4914 12481 14678 331 19617 1909 366 2001 13103
 1132 6492 1914 369 12893 12983 257 15436 6526 19014 19435 12708 19025
 15430 263 1547 1571 14685 893 245 12700 428 1947 5113 19011 1673 1357 820
 15987 12602 1373 2611 6486 2064 239 1659 266 1790 13149 12676 19398 1239
 12553 383 1749 5258 5069 18917 12559 19272 2057 14263 19010 5071 1727
 5195 17078 1583 1537 346 18899 1793 13150 1940 1913 12564 7110 372 2656
 426 16009 12611 358 15426 2561 1541 12527 342 2020 13145 413 21548 15949
 19320 4884 12583 1758 334 16008 2552 15923 11707 17093 19396 18999 19024
 12585 63 2658 16048 818 12588 1817 5369 243 12634 1220 419 13097 19392
 1199 1195 18914 194 13095 7449 12530 2058 12895 459 5394 12482 20388
 12525 11648 16044 15927 460 1538 1674 1977 18895 5411 18494 18879 15920
 15047 12580 18934 21573 21579 17094 391 18920 393 2649 254 15313 15049
 1140 2566 19004 936 1452 14688 1919 14272 12489 16007 19240 357 440 15925
 5404 11643 5145 897 18921 885 1533 18516 1603 15926 17095 12471 68 1831
 21 19236 377 13554 20357 15918 19445 11651 715 2631 2638 2630 2636 2639
 6551 6549 6546 6498 6545 6550 2619 2616 2642 6548 12778 2640 1324 6552
 12507 1299 1304 12779 19314 12510 6496 2623 1300 1322 1345 1330 12774
 12753 12502 1305 1270 1680 1325 12503 7126 19313 21474 1347 21520 12506
 1331 19310 12499 12513 5251 12773 1334 1343 18959 1321 1349 18953 12517
 1319 2614 2645 1309 6541 12726 21519 21465 18955 2621 6469 6500 1694
 19312 2036 8914 2037 5252 12501 5257 6493 7113 12766 18954 21552 12495
 1370 1297 22028 12682 1312 11964 2040 12758 14204 2613 12759 12685 12496
 21523 2666 1337 12764 12760 12763 12740 1290 2688 12684 1515 12746 12733
 12491 21542 7122 12681 18966 12683 1363 6543 5250 21479 1504 1713 177
 7094 12767 1461 12732 15311 1556 1275 1272 71 21550 12743 12736]
[2634 2631 2638 2629 2630 2636 6551 6549 6498 6545 6550 19317 2626 19316
 2625 2619 2616 2642 2618 12511 2640 1682 1324 6552 2624 1323 12507 1299
 1304 12779 12777 19314 12510 18967 19315 6496 2623 7054 1300 1322 1345
 1330 12774 12775 12753 12502 1332 6499 2620 1681 1305 1270 1680 1325 2615
 6542 12503 18958 18956 1347 21520 1348 1320 2641 1331 2617 19310 1301
 12499 12739 1350 1338 5251 12751 12728 12773 1334 1316 7119 18959 1328
 12512 21471 1321 18951 19308 12770 21472 1715 1349 12776 12754 1298 18953
 1315 12517 12752 2614 7053 18949 1342 21465 18955 2621 12514 6469 6500
 12771 21478 1336 1341 1694 12505 1335 12497 21462 12750 18957 7109 2036
 21475 2037 12501 12749 18950 1310 1699 12522 6539 7113 12766 2035 12516
 12756 12534 2643 12495 21470 12682 8911 1351 21521 12687 6495 1340 1311
 2040 14204 12738 12496 12755 21523 2677 2666 12979 1237 12763 2655 12521
 12740 2688 1714 1515 12520 12733 12491 21467 1578 1678 21540 12681 12741
 12683 1709 12730 1363 6543 12978 12769 21479 5253 5267 7124 21481 12767
 12731 18976 1461 7125 12732 21541 1556 1784 12519 71 21550 1997 21495
 1557 1120 1691 12729 1368 12735 14247 12742 1995 2042 12609 1723 1365
 12727 5188 1916 12734 12680 1736 2005 2049 12745 12536 1306 185 1465
 14202 6001 21538 5265 1702 2034 7128 12688 21461 1782 14681 21524 1577 72
 1289 18880 14236 12714 12689 18975 19280 929 19436 15070 21469 12748 1371
 281 1579 7129 176 1344 5373 187 1915 14201 18977 18974 1729 1273 190 188
 21549 1589 1917 1235 291 12592 19444 2054 301 282 12715 1993 12678 2660
 175 12693 6516 22039 4894 6519 1123 192 169 1690 19018 21480 1317 1679
 1286 1303 12498 12690 114 2045 1786 1692 363 21577 1689 1124 1998 8930
 167 7123 198 15992 12696 1976 2612 19231 1991 19318 18947 1236 15947
 19017 285 189 1783 362 364 1566 15065 1587 2052 295 1346 12595 18948 5192
 1554 19019 5386 1930 280 7112 18511 181 361 18980 1590 1462 5190 1375
 19391 18961 12980 4891 8925 21554 1372 19386 1137 1574 1390 2644 19015
 12691 1625 12616 1307 1994 353 7115 18903 18916 12679 202 1482 1536 19382
 2055 1576 1359 879 5027 2061 5076 14676 203 326 1598 21484 19599 13100
 1591 1712 7072 19439 256 926 21526 12604 18985 1612 18969 6497 12605
 15068 1314 1789 18982 6003 18972 1931 1935 2647 5383 7111 411 1580 200
 19446 15428 890 11313 18979 8913 19012 12490 367 5392 335 1527 12603 5407
 19397 1688 1717 19625 12712 1937 5389 1133 19245 18514 1122 2053 1376 171
 429 10566 1142 261 5391 21491 4888 417 14687 19443 16582 431 1908 6515
 2654 21440 12889 13535 425 432 21525 258 265 18965 7437 4921 5059 17118
 15505 9460 16928 22337 18421 20301 22063 14141 12623 11800 3803 21866
 14198 22827 16093 14915 17211 6617 3230 7733 6377 12326 6396 20158 14341
 3041]
[2632 2635 2634 2638 2637 2630 2636 2639 6551 6549 6544 2628 6546 6498
 6545 6547 2627 6550 19317 2626 2625 2619 2616 2642 2618 6548 12511 12778
 1682 1324 6552 2624 12507 1299 1304 12777 19314 12510 19315 6496 2623
 7054 1300 1322 1345 1330 12775 12753 12502 6499 2620 1681 1305 1270 1680
 6553 18960 2615 6542 12503 18958 1326 19313 6468 21520 21477 1348 12506
 2641 1331 2617 19310 1301 12513 12739 1350 5251 12728 12773 1333 1316
 7119 1343 7127 1695 21471 18951 19308 12770 1715 1349 1298 12500 1308
 1315 12752 2645 1309 21519 21465 19311 2621 12514 6469 6500 12771 21478
 1336 1341 19312 12505 5193 12497 18954 12534 21536 21552 1370 2039 21521
 11964 6495 14204 12759 12761 12685 21473 12764 1237 12737 2655 12521 2688
 12684 21542 21467 1608 1709 6543 5250 1684 12978 12769 21476 1713 5267
 1461 7125 12732 15311 14203 12694 1784 7055 1272 21550 1997 12743 1613
 1285 5249 283 12744 1368 6517 12735 18874 2042 14214 1365 8915 1463 1736
 1592 290 2043 185 1465 5268 12976 14202 2000 6001 6474 21538 2034 5254
 1327 21461 21551 14236 12714 12535 18975 12977 21580 929 19436 178 281
 1579 7129 1588 1344 252 12593 12606 13102 1729 21493 191 7130 180 12718
 1291 1293 1589 1235 173 291 1545 12592 6527 301 12715 10565 2660 1705 175
 12693 6516 22039 251 12747 21537 5384 192 169 12695 19018 1361 165 14258
 1286 12982 114 5082 1692 363 21577 1689 8930 167 7123 21534 248 15992
 15989 12696 1911 1294 293 22049 1493 255 1269 1360 5255 302 1991 6501
 1676 19318 12716 14674 19017 285 189 1783 1359 14261 1383 326 1910 1598
 12720 1712 256 12711 1594 14682 12605 15068 1789 6520 21500 6003 1931
 22016 267 1771 1384 1572 19266 411 340 1558 12590 1580 279 325 12642 1436
 19446 15428 11313 18979 21553 18990 1936 4915 367 335 5407 1688 1720 1717
 19625 18507 1122 2053 1731 1761 429 925 1926 10566 15948 2406 21491 1584
 15993 4888 6524 417 14687 14199 1329 1648 16582 7121 21570 431 1544 12612
 19442 2047 1718 6515 21440 1128 13535 18506 1559 425 1129 360 12552 19395
 19265 15945 1466 2029 21483 12707 18884 21468 1387 4883 1698 5259 265
 1381 1728 1614 430 269 1672 12610 1593 1377 1567 1392 1233 2048 1781
 19016 1374 196 276 15938 12701 6470 1925 434 12481 14678 891 331 1704 927
 1909 2065 5074 1457 18877 366 2001 13103 6492 1914 21496 15991 369 12893
 15425 199 16587 12897 304 5075 1743 271 257 15436 12561 19384 12673 817
 12708 833 327 263 1547 7104 2650 12633 245 1126 1385 428 274 1609 1673
 247 1382 15996 19244 1393 2659 820 12725 15987 6646 12602 1573 1373 2611
 4942 246 1138 13094 1659 938 16002 15066 21485 5246 19381 268 18928 6521
 5069 822 424 1181 4835 22492 18360 11658 22196 15334 18776 14981 8078
 13296 14367 9714 3260 2552]
[2048 2051 2052 2053 2054 2056 2060 2061 2064 71 72 18506 75 18511 18513
 165 167 173 177 180 182 184 185 187 190 191 192 195 199 12487 202 12491
 12492 203 16587 12495 12496 12499 12502 12503 12506 12507 12508 12509
 12510 12512 12513 12514 12516 12517 12521 12522 12536 250 251 252 255 257
 263 266 12560 12561 274 278 281 282 283 284 292 295 300 301 12590 12591
 12592 303 12594 12603 12606 12607 323 324 12613 12614 326 12616 6470 6468
 6469 337 14677 344 14682 14685 6493 6496 353 6497 6498 6499 6501 12645
 360 362 363 6517 6519 6525 6527 385 12676 12678 12682 6540 6541 12686
 6544 12689 6545 12691 6548 12693 12694 12695 12696 6551 6549 6550 6552
 12701 12702 6553 417 12712 12714 12715 12718 430 12722 12726 12728 12729
 12731 12734 12736 12739 12742 12744 12746 12747 12749 12750 12751 12752
 12753 12754 12755 12756 12757 12759 12760 12761 12762 18903 12765 12766
 12768 12770 12772 12774 12775 12777 12778 12779 18949 18950 18951 18955
 18956 18958 18960 18961 18962 18966 18967 18973 18977 18978 18982 18986
 18988 2613 2614 2615 2619 2620 2621 2624 2626 2627 2628 2629 19014 2631
 19016 2633 2632 2635 2634 2637 2638 2630 2636 2639 2642 2643 2644 2640
 2641 2647 2645 2660 2666 12919 12976 12977 12978 12979 12982 17093 8911
 8913 8914 8915 15061 15068 8925 15069 15075 8934 4855 4856 4884 4891 4893
 4894 19231 4912 4913 833 19267 19272 4957 19308 19309 19313 19314 19316
 19317 891 892 7053 7054 925 926 927 7072 929 933 5033 7083 7094 19383
 7104 19395 7109 7113 7115 7116 15311 7119 15312 7122 21461 7126 21462
 21465 7130 21467 21471 21477 21480 19436 19437 19438 19440 21489 19442
 19444 21493 21494 21495 5113 21520 21521 21523 21524 21526 21528 21536
 21537 21541 21542 21548 21552 21554 21555 21556 21557 21570 21576 5194
 1120 1125 5247 5249 5251 5254 5260 5266 5267 5268 1222 1234 1235 1237
 13548 1270 1273 5373 1283 1286 1292 5388 1294 1297 1299 1300 1301 1303
 1304 1305 1308 1309 1310 1315 1316 1317 1319 1320 1321 1322 1323 1324
 1325 1328 1330 1331 1332 1334 1335 1337 1339 1340 1343 1344 1345 1348
 1349 1351 1364 1365 1366 1368 1369 1370 1374 1375 1376 1383 1385 1392
 1434 1438 1456 1462 1466 11707 1530 1535 1536 1545 1546 1549 22029 1551
 1563 1570 1571 1572 1580 1581 1585 1588 1591 1592 1594 1598 15938 1608
 15945 15946 15947 1612 1619 1624 1630 15988 15989 1656 15996 16012 1677
 1678 1679 1680 1681 1682 1684 1687 1693 1694 1695 1698 1702 1705 1716
 11964 1771 1783 1784 1786 1787 1790 6000 1908 14199 1912 14200 14202
 14203 1916 1917 1918 14214 1926 1930 1931 1932 1935 1936 14225 14236
 14258 14261 14263 1992 1993 1995 1996 1999 2001 2006 2016 2026 2027 2030
 2031 2032 2034 2037 2038 2041 2044 20704 7782 10630 22448 1082 19419]
[2632 2635 2631 2638 2629 2637 2630 2636 2639 6551 6549 6544 2628 6546
 6498 6545 6547 2627 6550 19317 2626 19316 2625 2619 2642 2618 6548 12511
 12778 2640 1324 6552 12507 1299 1304 12779 12777 19314 12510 19315 6496
 2623 7054 1300 1322 1330 12774 12775 12753 12502 1332 6499 2620 1681 1305
 1270 1680 6553 1325 18960 2615 6542 18958 1326 18956 21474 6468 1347
 21520 21477 1348 1320 12506 2641 1331 2617 19310 1301 12499 12513 12739
 1350 1338 5251 12751 12728 6540 1334 1333 1316 7119 1343 18959 7127 1328
 19308 12776 1298 12500 1315 12517 12752 1319 2614 7053 2645 12726 18955
 2621 12514 6469 12771 1341 12757 19312 5193 21462 8914 1434 2037 5252
 12509 1310 12522 5257 6539 1369 2035 12516 21556 21470 1370 1716 2039
 7116 18952 8911 21521 1311 2040 14269 12759 12738 12496 2677 12979 21473
 1337 12764 1237 12521 12684 1714 12520 2033 12746 12491 1578 1678 1608
 21540 18966 12683 1709 12730 5250 1684 12762 1693 1713 5253 5267 7124
 21481 177 7125 14203 2046 12694 1784 71 12736 1722 1285 19020 5249 12729
 6517 12735 12742 6471 12727 8915 12734 1592 2049 290 2034 6494 12688
 21524 12714 18975 1438 12977 21580 21469 12748 1371 7129 176 6518 1588
 1344 5373 187 18963 249 1535 1915 252 12772 18977 1729 12494 7130 2071
 190 180 12607 1615 1293 1589 1917 291 1545 294 18971 1744 6527 1292 19444
 301 12715 1993 10565 12678 184 12492 12523 930 12693 289 21576 251 12747
 253 164 1123 5081 1990 5387 169 1619 19018 2044 1361 165 1317 1679 2038
 1303 12690 12982 18973 1786 6000 12721 363 7114 365 4852 296 18988 1624
 15992 933 166 293 19319 386 22049 1493 1360 333 1676 19017 189 18978 1700
 5248 19270 15994 364 1587 12591 12595 1388 1585 1364 7118 19269 7112 2027
 21494 2031 5191 12698 1288 2051 1287 1462 5190 324 12594 18961 19386 1137
 1574 1390 19015 12691 18986 8931 1994 12531 18903 2004 12679 1482 19382
 14200 1296 2055 1576 278 2061 14261 260 1910 1712 1677 18985 5080 14682
 12605 6520 6003 18972 935 5383 1127 5028 1558 12551 12590 279 200 883
 15428 11313 17080 18990 19012 12490 335 1527 1688 1720 19625 5389 19271
 19385 429 1926 1142 21491 15993 4888 18987 14687 15988 19443 16582 431
 1908 1701 21440 1128 13535 18908 432 19265 1380 21483 12707 18884 4883
 21432 1121 1381 1548 1614 12918 1377 1392 12701 1925 12539 12481 16003
 19617 2065 1787 18877 2001 13103 1914 369 2633 1656 12897 5075 1283 257
 18992 158 19025 1570 833 1547 1626 2650 14685 893 1385 428 323 12710 274
 247 1382 12584 2659 6646 12602 15062 12599 1373 21539 2611 6486 4942 1534
 246 7451 13094 884 938 1551 19398 359 19381 21487 4889 819 18898 18928
 19272 10562 19010 1727 18542 21530 12608 372 1772 12723 2026 1649 1541
 4923 4856 320 1604 1437 391 15919 18920 1230]
[2619 2618 6548 12511 2640 1682 1324 6552 1323 12507 1299 1304 12779 12777
 12510 18967 19315 6496 2623 7054 1300 1322 1345 1330 12774 12775 12753
 1332 6499 1681 1305 1270 6553 1325 18960 2615 18958 1326 7126 19313 18956
 6468 1347 21477 1348 1320 2641 1331 2617 19310 1301 12499 12513 12739
 1350 1338 12751 12728 12773 1334 1333 1339 1316 1343 18959 7127 1328
 12512 1695 1321 18951 12770 21472 1715 1349 12776 12754 1298 12500 1308
 18953 1315 1319 2614 1309 6541 12726 21519 21465 18955 19311 21478 1336
 1341 1694 12757 19312 12505 5193 1335 12497 21535 7109 2036 8914 21475
 1434 5252 12749 12509 1310 1699 12522 5257 6539 1369 6493 1366 12756
 12534 12495 1370 1716 7116 18952 1351 1312 21521 12687 11964 1340 2040
 2613 14269 12738 12761 12685 5256 21523 2666 21473 12764 1237 1290 2688
 12684 1714 12520 12733 12491 21542 7122 21467 1362 1678 21540 12683 1363
 6543 5250 1684 12762 12978 12769 21479 21476 1504 1693 1713 5253 5267
 7124 21481 7094 12767 12731 18976 1461 7125 12732 15311 21541 14203 2060
 1556 12694 12519 1272 71 19438 21550 1997 12743 21495 1557 288 1613 1276
 1722 1285 283 12735 12742 18874 1995 14214 1999 6471 1365 5188 12734
 12680 1592 5266 2049 12745 12536 1306 12613 290 2043 185 18962 1465 1125
 12976 5187 6001 6474 1702 2034 14205 6494 7128 1327 1782 14681 21524 1555
 21551 12689 19436 1464 1371 12533 187 1535 1915 252 5031 12772 12606
 21489 12494 7130 2071 190 1293 1589 19444 282 184 12523 12693 289 21576
 251 253 5384 192 5387 169 1619 12695 19018 12768 2044 14258 1286 12690
 12982 18973 114 1569 5082 1786 284 21577 7114 4852 6522 352 296 18988
 15989 12696 1911 1944 1976 293 8934 19231 1360 5255 302 1991 6501 1676
 19318 12716 1236 15947 21528 189 1783 362 18978 14225 15994 15065 12591
 18948 1388 21568 1912 1585 5264 280 181 70 5191 15431 2051 5390 182 1462
 5190 324 21555 2030 12594 12722 1372 19386 1574 16004 1625 12616 1307
 18878 1994 5247 292 299 2004 21510 12679 1536 14200 5388 2055 1576 1271
 5027 21585 5030 892 326 1910 1598 12720 19599 19439 339 21532 926 21526
 12604 18985 6487 5080 1612 1594 18969 6497 1529 1302 337 18972 1379 1771
 5028 1384 1572 19266 1558 12551 12590 200 12642 15428 18979 414 17080
 18990 1936 2050 5073 367 5392 5407 19397 1720 341 19271 5391 1584 343
 4888 1136 6524 1329 1544 1701 4893 2654 368 13535 12617 18506 18908 15945
 371 12707 18884 21468 14253 265 6466 430 12610 12539 387 12481 2065 199
 304 19014 12561 18992 817 19025 15430 12488 19445 5066 16549 15911 17169
 5657 864 21243 4804 10098 21184 21824 7095 15111 19927 14696 13801 9278
 6113 5679 563 18214 7555 15789 17930 19050 20266 13039 23095 10998 3426
 3506 2719 613 10485 2694 6037 13639 2368 13423 8200 21735 18633 3318
 14621 5011]
[2632 2634 2631 2638 2629 2637 2630 2636 2639 6551 6549 6544 2628 6546
 6498 2627 19317 19316 2625 2619 2616 2642 2618 6548 12511 12778 2640 1682
 1324 2624 1323 1299 1304 12779 12777 19314 12510 18967 6496 7054 1330
 12775 12753 12502 6499 2620 1305 1680 1325 2615 12503 1326 18956 21474
 6468 1347 1348 1301 12513 12739 1350 5251 12751 12728 12773 1333 1339
 1316 7119 18959 7127 1695 1321 12508 19308 21472 1715 12776 1298 18953
 12517 12752 2645 1309 6541 1342 21519 21465 2621 2041 12514 6469 6500
 1341 1694 12757 5193 12497 21462 21535 12750 18957 7109 8914 21475 2037
 5252 12518 12749 18950 1310 12522 22029 5257 7113 2035 12516 18954 21552
 2643 21470 1297 12682 18952 8911 1351 1312 12687 6495 1340 1311 2040
 12758 14204 2613 14269 12759 12761 12496 5256 21523 2677 12979 1237 2655
 12740 1290 1714 12520 2033 12733 12491 21467 1578 1362 1678 1608 21540
 12681 18966 5250 1684 21476 1504 1713 177 12731 7125 12694 7055 1272 71
 1997 21495 288 1722 19020 12729 18874 12692 1723 1463 2049 290 12717 1465
 12976 6474 6494 1782 72 1289 18510 1438 1696 1371 1579 7129 6518 1915 252
 12593 12772 18974 1917 1616 12592 1744 1292 19444 10565 12678 1563 12693
 6516 12747 253 5384 1123 5081 1619 12695 21480 14258 2038 12719 12498 114
 1692 12721 21577 1313 7114 18871 4852 352 296 1565 198 21531 15992 262
 166 386 2612 255 1269 5255 6501 1676 19318 18947 12716 15947 195 18978
 5248 364 15065 1388 21568 1554 1364 19019 5264 19269 1930 18511 303 2031
 5191 15431 6467 2051 5390 182 1462 1375 19391 2030 12594 12980 4891 21554
 1372 19386 1137 8928 1390 2644 1625 12616 1994 292 18888 353 2004 18916
 12679 21569 18904 5388 1576 1359 879 5027 14261 14676 203 5993 326 1910
 21484 19599 1591 1712 18508 18985 6487 1594 6497 12605 1302 6520 1931
 1379 267 75 1938 5028 340 12590 325 200 12642 1436 19446 18979 17080
 21553 19012 2050 367 1688 19625 12712 5389 12702 19440 2053 1731 1670
 19385 925 21501 10566 1584 343 14687 15988 16582 19442 2047 2654 1546
 1128 12889 12617 18908 18897 425 1560 15945 371 1466 21468 4883 15946
 6466 1581 1552 338 2048 276 434 2001 13103 287 158 12708 12456 19025 833
 263 12633 1571 893 12700 428 1221 1609 1673 1382 12584 21514 22015 21539
 1358 1534 239 336 7450 1790 14661 12676 4889 383 1822 12699 240 10562
 2564 373 19267 5070 17078 13550 1793 7110 14260 328 1941 16046 1530 12542
 358 1541 21571 277 320 1791 18543 18981 18905 15429 1386 12941 1282 1549
 2012 1231 243 204 888 834 18997 1195 1816 194 16014 5067 6697 157 12575
 15927 15055 2609 206 15936 1706 18528 5411 455 330 18527 1528 17085 1230
 900 15435 1395 19027 12040 1919 7401 22013 14951 6654 18841 18526 8436
 7396 4670 8566 17246 9343 19544 2750 21091 14181]
[2049 2053 2054 2055 2060 2061 2065 2071 63 70 71 18506 75 18507 18509
 18510 18512 18517 168 12456 177 178 179 181 182 184 189 190 191 196 202
 203 12494 12495 12496 12501 12503 12512 12513 12516 12517 12521 12534
 12535 248 12536 250 252 12543 259 270 276 279 281 283 285 288 290 292
 12588 302 12592 304 12594 12595 12610 10563 6468 10565 325 6471 12617
 6474 14674 339 14675 338 6485 6487 343 14681 12634 6494 6495 6496 352
 6501 362 12691 366 367 368 6516 6523 6525 6526 383 12673 386 12678 12680
 12681 12683 12684 6542 12687 12688 12689 6544 12686 6546 6547 6543 6549
 6550 6551 6552 6553 12694 12692 12693 12698 411 12701 12700 12708 12711
 425 12714 12716 429 12718 428 432 435 12726 12727 18872 12728 12729 12730
 12731 18874 12733 12734 12736 12737 12738 18880 12740 12741 12742 12743
 18888 12745 12746 12747 12749 12751 12752 12753 18897 18900 12759 12760
 12761 12764 12765 12766 18908 12769 12771 18916 12775 12777 12778 12779
 6646 18952 18958 18959 18960 18961 18963 18966 18968 18969 18970 18971
 18973 18976 18982 2610 2614 2615 2616 2619 2621 2623 2624 2625 2626 2627
 2628 2629 19012 2631 19014 19017 2634 2635 2636 2637 2638 2639 19020
 19018 2642 2643 2644 12889 2653 2654 12897 2666 2677 2688 12976 12978
 12980 12982 8888 8911 8914 15063 15065 8925 8928 8930 18873 18882 19231
 13100 13102 13103 19264 19266 19269 19280 4957 19308 19309 19310 19312
 19313 19315 19316 19317 892 893 4994 900 5027 933 934 5031 935 5033 19382
 19383 19391 7104 19395 19397 7111 7112 7113 7116 15310 15311 7121 7122
 5075 7124 7126 7128 7129 7130 21467 21472 21473 21475 21477 21481 21483
 19436 19435 21489 21491 19443 21493 21494 21495 21500 21510 21514 21519
 21520 21521 21523 21524 21535 21537 21538 21540 21541 21550 21551 21552
 11313 21555 21560 5187 5188 15431 5193 1120 1123 1126 1133 1134 5249 5250
 5252 5254 5257 19598 5264 5265 5266 5267 5268 19625 1219 1234 1237 13535
 1270 1272 1273 5368 1275 1276 5373 1285 5383 1288 1289 5386 1291 1294
 1295 5390 1297 1296 1299 5392 7438 5397 1306 1308 1309 1311 1312 1313
 5409 1315 1317 1320 1324 1327 1328 1330 1333 1337 1339 1341 1343 1345
 1347 1348 1351 1360 1361 5456 1364 1366 1368 1369 1375 1380 1384 1388
 1393 1434 1436 1438 1459 1461 1462 1463 1464 1466 3552 1527 1529 1536
 22016 1543 1547 22028 22029 1554 1558 1563 1566 1567 1568 1569 1574 1577
 1579 1580 1584 1589 1593 15945 1648 15988 1656 1670 1672 1673 1678 1680
 1684 1687 1690 1691 1694 1698 1703 1704 1709 1713 1714 1715 1722 1723
 1731 1771 1784 1789 5993 6000 6001 6003 14199 1912 14202 14203 14204 1916
 1915 1918 14214 14247 14253 14258 14280 1995 1997 2005 2006 2029 2032
 2033 2034 2035 2036 2037 2038 2039 2040 2042 2043 2045 2047 4161 2107]
[2632 2634 2631 2638 2629 2637 2630 2636 6549 6544 2628 6546 6545 6547
 19317 2626 2625 2619 2616 12511 1682 1324 6552 2624 1299 19314 18967
 19315 6496 2623 7054 1322 1330 12774 12775 12502 1332 6499 2620 1681 6553
 1325 2615 12503 18958 1326 7126 19313 18956 21474 6468 1347 21520 21477
 1348 1320 12506 2641 1331 2617 19310 1301 12513 12739 1350 1338 12751
 12728 12773 6540 1334 1339 1316 7119 1343 18959 7127 1328 12512 1695
 21471 12508 18951 19308 12770 21472 1715 12776 12754 12500 1308 18953
 1315 12517 12752 1319 2614 7053 18949 2645 1309 1342 18955 19311 2621
 2041 15312 12514 6469 6500 21478 1336 1341 1694 12757 19312 12505 5193
 12497 21535 12750 18957 7109 2036 21475 1434 2037 5252 12501 12518 12749
 12509 18950 1699 22029 5257 1369 12766 2035 1366 12756 18954 21536 21552
 2643 12495 1370 1716 2039 12682 18952 1351 11964 6495 1340 2040 2613
 12759 12761 2677 2666 12979 21473 1337 12764 12760 12763 2655 12521 12740
 12684 1515 12520 12491 7122 1678 1608 12741 6543 12769 1713 5253 7124 177
 12767 12731 1461 15311 21541 14203 2060 1275 71 1997 21495 1613 1120 1722
 1285 12729 6517 286 12742 1995 2042 12727 1295 5188 12734 1463 2049 12745
 12536 12613 185 18962 14202 2000 6001 250 21538 1702 12765 5254 14681 72
 1996 18975 2032 1696 6523 19436 18872 178 1371 19437 1579 12533 1344 5373
 187 1915 5031 12606 21489 21493 2071 190 12718 1291 1615 1293 1917 173
 291 1545 1616 5194 6527 2054 282 12715 1993 2660 930 6516 21576 251 1992
 12747 253 12614 1123 169 12695 1690 12768 165 1317 1679 1286 12982 114
 6483 1786 1692 284 363 1689 8930 6522 352 18988 248 933 12696 1944 19319
 386 1493 1360 5255 333 302 1991 6501 19318 12716 1236 21528 189 18978
 14225 15994 5408 1587 1346 1585 1711 19269 5386 1435 280 7112 181 303
 21494 297 15431 6467 5390 1462 324 21555 12980 4891 12722 21554 1574
 16004 1390 1625 18986 1307 7083 1994 299 12531 2004 21569 18512 1482
 14200 1134 1576 892 14676 203 5993 260 19599 1591 1712 19439 256 18508
 926 12604 14682 12605 193 6520 18982 6003 18972 1379 267 2006 5383 1771
 5028 12615 1558 12590 1580 279 6525 12642 15428 17080 8913 18990 19012
 4915 5407 1688 1717 19625 18873 5389 12702 2053 1731 1926 21501 10566
 18968 261 1584 18983 343 4888 14199 15988 1908 2047 1701 18506 1222 18897
 425 19265 4883 1548 1728 1672 1377 19016 1925 4914 370 1909 815 12598
 5075 257 12673 2650 4917 245 12700 428 12710 274 1609 423 1382 19244 6646
 12602 1373 1358 1534 19398 18917 354 1583 1604 18905 394 21443 15043
 15942 754 16896 1205 19600 791 18869 15941 2028 12649 12888 11358 5110
 21446 1978 4919 14689 15986 18556 15509 7423 1200 18472 116 18892 714
 7439 2574 12650 9 16016 886 13887 1255 813 18746 7494 1572]
[2632 2634 2631 2629 2630 2636 2639 6551 6549 2628 6546 6498 6545 6547
 6550 19317 2625 2616 2642 2618 12511 12778 2640 1324 6552 2624 1299 19314
 12510 18967 19315 7054 1300 1322 1345 1330 12774 12775 12502 1332 6499
 1681 1305 1270 1680 6553 1325 18960 2615 6542 12503 18958 1326 7126 18956
 21474 21520 21477 1348 1320 12506 2641 2617 19310 12513 1350 1338 12728
 12773 6540 1334 1333 1316 7119 7127 1328 1695 21471 1321 12508 18951
 19308 12770 21472 1349 12776 12500 1308 18953 1315 12517 1319 7053 18949
 2645 1309 1342 12726 21519 21465 18955 19311 2621 2041 15312 12514 6500
 12771 21478 1336 1341 12757 19312 12505 1335 12497 21462 21535 18957 2036
 8914 21475 2037 12501 12518 12749 12509 18950 1310 22029 5257 6539 1369
 12516 12756 18954 12534 21536 21552 2643 21556 1370 1716 1297 12682 7116
 18952 1312 21521 12687 6495 1311 2040 12759 21523 12979 12764 12737 2655
 12521 12740 1290 2688 1515 12520 12746 12733 1578 1362 1678 21540 12681
 18966 12741 12683 5250 1684 12978 1713 5253 7124 12731 12694 1784 1272
 1997 12743 21495 1557 1613 1276 1285 12729 1368 14247 14214 1999 6471
 12609 12727 1295 8915 1916 1463 1736 5266 2049 1306 12613 290 2043 18962
 12976 5187 14202 2000 6001 250 6474 12765 1327 21461 21524 1555 1289
 14280 18880 14236 12689 2032 300 18872 1371 1579 12533 176 5373 187 252
 5031 12772 18977 12606 21489 191 12718 1918 1291 1589 1917 173 1545 1616
 294 301 1993 174 12678 2660 12492 289 5384 192 1990 1317 365 8930 7123
 15989 262 1294 386 19231 19318 12716 1236 15947 285 21528 1783 14225 1957
 19019 1711 280 181 70 297 15431 6467 1462 1375 8925 21554 8928 18986 1994
 12531 202 278 5030 892 14676 12720 1677 179 12711 1612 18969 267 168 7111
 1771 19266 12615 1558 14673 883 18979 18990 4915 5392 5407 1688 1133 1376
 1670 429 1926 18968 261 21491 1584 343 15988 19443 13535 18908 1559 1560
 371 2029 1939 1381 6466 18965 1614 435 1672 12918 12610 1593 19016 276
 15938 387 4914 16003 14678 19617 1457 928 13103 369 12893 1656 304 1595
 327 1547 1626 1126 4954 323 5113 1673 1382 820 22015 21539 1928 1534 1790
 1551 410 19398 383 5258 6521 12559 1932 2057 19010 373 5195 18542 13150
 1940 826 12891 16046 12709 12723 1629 21571 242 306 4951 19597 19601 1437
 2056 18543 384 12560 2025 2017 11707 12529 2653 17093 19396 18999 19598
 12557 12543 6006 6485 19243 1218 345 1219 12588 186 2657 442 13551 12724
 12634 2652 1469 376 19392 834 2024 1651 205 6475 5067 12647 19388 19273
 7449 201 2067 19623 1955 15055 16017 2069 2560 21444 17172 6702 764 14938
 21233 13997 19873 13875 4671 22306 15686 20452 14852 22067 14697 21876
 13967 5312 3042 3618 5588 12944 53 11055 11945 7631 8947 10026 4056 7578
 20620 14455 23316 23406 17814 19496 4770 6422]
[2632 2635 2634 2631 2638 2637 2630 2636 6551 6549 2628 6546 6545 6547
 19316 2625 2619 2616 2642 6548 12511 12778 2640 1682 6552 2624 1323 12507
 1299 12779 12777 19314 12510 18967 19315 6496 2623 1300 1345 1330 12774
 12753 1332 6499 2620 1305 1270 1680 6553 1325 18960 2615 6542 12503 1326
 19313 18956 1347 21520 21477 1348 1320 12506 1331 2617 1301 12499 12513
 12739 1350 1338 5251 12728 12773 6540 1334 1333 1316 7119 1343 7127 1328
 12512 1695 21471 12508 12770 21472 1715 1349 12776 12500 1308 18953 1315
 12517 12752 1319 2614 7053 18949 2645 6541 21519 18955 2621 12514 6469
 6500 21478 1341 19312 12505 5193 12497 12750 7109 2036 21475 1434 5252
 12501 12518 12749 1310 1699 22029 5257 6493 12766 2035 12516 1366 12534
 21536 21552 2643 12495 21470 1370 1716 2039 22028 12682 7116 18952 8911
 1351 11964 6495 1340 1311 2040 12758 2613 14269 12759 12761 12685 5256
 12755 21523 2677 12979 21473 12764 1237 12760 12763 2655 12740 1290 2688
 12684 1515 2033 12746 12733 12491 21542 1578 1362 1678 21540 12681 18966
 12686 12683 1709 12730 1363 6543 1684 1703 12762 12769 21479 21476 1504
 1693 1713 7124 21481 7094 12731 18976 7125 12732 15311 21541 14203 2046
 12694 1275 1784 12519 7055 1272 71 19438 21550 1997 12743 12736 288 1722
 283 12729 12744 286 12735 12742 18874 1995 2042 14214 1999 6471 12609
 1723 1365 12727 1295 8915 1916 12734 1463 1736 1592 2005 2049 12536 1306
 12613 290 12717 2043 185 18962 5268 12976 5187 14202 2000 6001 250 6474
 2034 14205 6494 12765 5254 12688 1782 1577 72 1289 18880 14236 12714
 12535 12689 1996 18510 1696 15070 18872 12748 7129 176 1588 5373 187
 18963 249 1535 252 14201 12593 21489 12494 1918 1744 2054 174 12678 2660
 184 12523 1563 12693 289 4894 12747 253 12614 5384 1123 5081 1990 5387
 12695 1690 19018 1361 165 21480 1679 2038 12498 18973 114 1786 12721 284
 21577 2016 7114 1689 18871 4852 1124 1998 8930 7123 352 296 1565 198
 18988 21534 933 1911 1944 293 2612 22049 255 19231 1269 1360 5255 302
 1991 1676 19318 1236 285 21528 195 18978 5248 15994 364 1566 1957 12591
 295 1346 12595 1388 1912 1585 1364 19019 5264 19269 5386 280 7112 2027
 21494 12618 297 12698 1288 2051 5390 1590 182 5190 324 21555 1375 2646
 5409 12594 12980 4891 12722 8925 21554 19386 1137 1574 18509 1390 2644
 19015 12691 1456 18986 1307 7083 8931 1994 5385 5247 292 299 12531 21510
 21569 202 1536 19382 1296 5388 1359 5029 14676 12720 19599 7072 179 12711
 926 21526 18985 1612 193 18982 1931 1543 935 168 1127 5028 1384 411 279
 200 1436 883 890 11313 18990 1936 2050 12490 10563 5073 5407 19625 12702
 2053 19271 429 18983 4888 1136 14199 7121 1701 6515 2654 13535 1560 12552
 14675 6466 10778 14808 5016 19947 8394 13940 9513 8041 21321]
[2049 2051 2053 2054 2067 2071 70 71 72 75 18508 167 168 169 174 175 176
 177 178 179 181 182 184 185 187 188 189 190 12491 16587 12495 12496 12497
 12499 12500 12502 12503 12507 12508 12509 12510 12511 12512 12514 12516
 12517 12520 12522 12532 12533 12534 12535 249 251 258 259 263 268 12559
 280 281 283 284 291 292 293 294 295 297 300 304 12604 12606 12607 12609
 6469 12614 6471 12616 326 6474 6470 333 12685 14674 6483 14675 6487 14681
 14682 6496 352 6498 6499 6500 6497 12642 12690 364 6515 373 6525 6527 383
 386 12678 12679 12682 12683 12684 6539 12686 6540 12688 12689 6542 12687
 6545 6546 6547 6549 6550 6551 6552 6553 12694 12692 12693 414 12697 410
 12711 423 12714 12716 12718 430 12720 12727 18872 18874 12733 12734 12735
 12736 12737 12738 18880 12740 12741 12743 12744 12745 12749 12750 12752
 12754 12755 12757 18903 18904 12762 12763 18908 12766 12768 12769 12771
 12772 12773 12774 18917 12777 12778 12779 2564 18949 18951 18952 18953
 18954 18955 18957 18958 18959 18960 18963 18966 18969 18971 18972 18975
 18976 2612 2613 2614 2616 2618 2619 2620 2621 2624 2626 2627 2628 2629
 2630 2631 2632 19017 2634 19018 2636 2637 2638 2640 2641 2642 2655 14950
 12976 12979 12982 8913 8914 8925 15070 8928 15094 4855 4889 19231 13100
 19245 13102 4913 822 4942 19308 19311 19312 19313 19314 19315 19316 19317
 19318 19319 7053 7054 5018 926 929 5026 5027 933 5029 5031 7083 19386
 19395 7109 7111 9160 7113 7116 7122 5076 7125 21462 7127 21461 7129 7130
 5081 5082 21466 21464 21471 21472 21474 21476 21477 21478 21479 21481
 21484 21485 19438 19439 21510 21519 21520 21521 21522 21523 21524 21528
 21532 21533 21535 21537 21538 21540 21542 21549 21550 21552 21554 21555
 21556 21557 5190 15431 21576 5193 5194 21577 21580 1124 1125 1137 11385
 5246 5251 5252 5253 5254 5255 5264 5265 5266 5268 1221 1234 1235 1237
 1272 1273 1276 5373 1287 5384 1290 1291 1292 1293 1294 1295 5390 1297
 1296 1299 1300 1301 1302 1303 1304 1305 1306 1308 1310 1311 1312 5409
 1320 1321 1322 1323 1324 1326 1332 1333 1334 1335 1337 1338 1339 1340
 1341 1342 1343 1344 1345 1349 1350 1360 1361 1362 1363 1364 1366 1370
 1371 1375 1380 1381 1387 1392 1434 1435 1438 1461 1464 1465 1482 1493
 1515 1534 22016 1537 22029 1554 1555 1556 22039 1569 1573 1576 1577 1578
 1579 1585 1587 1588 1590 1592 1593 15939 15946 1612 1616 1618 1624 15966
 15989 15996 16002 16004 1676 1682 1684 1688 1690 1691 1692 1695 1699 1702
 1703 1709 1711 1713 1717 1723 1736 1744 1782 1786 1793 5993 1910 1911
 14203 14204 1916 1917 1925 14214 1928 1930 1935 14225 20386 1957 14258
 14260 14261 1976 1990 1991 14280 1993 1995 1999 2004 2005 2006 2030 2033
 2034 2035 2036 2039 2040 2043 9280 5201 17200 3066]
[2632 2634 2631 2638 2629 2637 2636 6551 6544 2628 6546 6498 6545 2627
 6550 19317 2626 19316 2625 2619 2616 2642 2618 6548 12511 12778 2640 1682
 1324 6552 2624 12507 1299 1304 12777 19314 12510 18967 19315 2623 7054
 1300 1322 1345 12774 12753 12502 6499 2620 1681 1305 1270 1680 6553 1325
 2615 6542 12503 18958 1326 7126 19313 18956 21474 6468 1347 21520 21477
 1348 1320 12506 2641 1331 2617 19310 1301 12499 12513 12739 1350 5251
 12773 6540 1334 1339 1316 7119 1343 1328 12512 21471 1321 12508 19308
 21472 1715 12776 1298 12500 18953 12517 12752 1319 2614 7053 18949 2645
 1309 6541 1342 12726 18955 19311 2621 2041 15312 12514 6469 6500 12771
 21478 1336 1341 1694 12757 12505 5193 1335 21462 21535 7109 2036 8914
 21475 1434 2037 12501 12518 12749 12509 1310 12522 22029 5257 1369 12766
 2035 12516 1366 18954 12534 21552 21556 21470 2039 22028 7116 1312 11964
 6495 12758 14269 12759 12685 5256 21523 12979 21473 12737 12763 2655 1290
 12684 1714 12520 2033 12491 21542 21467 1578 1608 21540 12681 18966 12686
 12730 1363 12762 12769 1693 1713 12767 1461 12732 14203 2060 2046 12694
 7055 71 19438 12736 288 1120 1276 19020 5249 12729 12744 6517 12735 14247
 18874 14214 1999 1723 12727 8915 1916 1736 12745 12536 12613 290 12717
 2043 18962 12976 5187 14202 21538 5265 1702 2034 14205 6494 5254 7128
 1327 12688 21461 1782 21524 1555 1289 14280 14236 12714 1996 1438 6523
 929 21469 12748 19437 7129 1344 5373 187 14201 1729 21493 1273 12494 191
 7130 190 1918 1615 1293 1589 1235 173 291 1545 5194 6527 1292 1993 10565
 174 12678 2660 184 1705 175 12693 21576 22039 4894 12614 164 1123 192
 12695 1690 21480 14258 1317 1286 12719 1303 12690 12982 1569 5082 1786
 12721 1689 18871 1124 1998 167 7123 21531 248 15992 262 1294 19319 2612
 8934 255 1360 333 1991 1676 5248 15994 15065 295 1346 21568 1585 5386
 1435 181 12618 297 6467 1815 1288 2051 18980 5390 21555 12594 12980 12722
 8925 19386 18509 16004 1390 1456 5385 292 1687 12531 2004 21569 1134 2055
 278 1271 879 5030 892 203 1383 5993 1598 19599 13100 1591 1712 19439 256
 12711 18985 1612 6497 12605 1529 6520 6003 1931 22016 1935 5383 1938 5028
 12615 411 340 1558 12551 12590 1580 19446 883 15428 11313 17080 8913
 10563 335 1527 19397 1720 1717 1937 1133 12702 19440 171 259 429 925
 21501 10566 18968 261 4912 21491 18983 1136 6524 15988 19443 1908 21466
 1701 1718 4893 2654 21440 1128 13535 12617 18506 12552 19395 1568 371
 1466 1380 21483 21468 21525 1387 15946 1698 1121 1381 1548 6466 338 1392
 15938 6470 21496 14677 15060 199 19014 12673 12456 1126 12700 1947 4954
 19011 247 1382 12584 21514 2659 820 15987 18515 21539 1358 2064 246 13094
 1790 18513 819 383 307 1630 2057 12487 13098 412 354 17078 1238 372]
[2632 2635 2634 2631 2638 2629 2637 2630 2636 2639 6551 6549 6544 2628
 6546 6545 2627 6550 19317 2626 19316 2625 2619 2616 2642 2618 6548 12511
 2640 1682 1324 6552 12507 1299 1304 12779 12777 19314 12510 18967 19315
 6496 2623 1300 1322 1330 12774 12775 12753 1332 6499 1681 1305 1270 1680
 6553 1325 18960 2615 12503 18958 1326 7126 19313 18956 21474 1347 21520
 21477 1348 1320 12506 2641 1331 2617 19310 1301 12499 12513 12739 1338
 5251 12751 12728 12773 6540 1334 1333 1339 1316 7119 1343 18959 7127 1328
 12512 1695 21471 1321 12508 19308 12770 21472 1349 12776 1298 12500 1308
 18953 1315 12517 12752 2614 18949 2645 1309 6541 1342 12726 18955 19311
 2041 15312 12514 6469 6500 12771 21478 1336 1341 12757 19312 12505 5193
 1335 12497 21462 21535 12750 18957 7109 2036 21475 1434 2037 12501 12518
 12749 12509 18950 1310 1699 12522 22029 5257 6539 1369 7113 12516 1366
 18954 21536 21552 2643 1370 1716 2039 1297 22028 12682 7116 18952 1351
 1312 1340 1311 2040 12758 14204 2613 12759 12738 12761 12496 12755 21523
 12737 2655 1290 12684 12520 12733 12491 21467 1578 21540 12741 12683 1363
 6543 5250 1684 12762 12978 21476 1504 5267 177 7125 21541 2060 2046 1275
 1784 7055 1997 21495 288 1691 283 18874 2042 14214 1999 1723 1295 8915
 1463 1736 2049 12745 290 185 1465 1125 14202 5265 1702 2034 14205 12765
 21461 1782 14681 1996 2032 1438 19309 21557 19436 15070 1464 21469 18872
 178 12748 1579 7129 176 6518 5373 1535 12593 5031 12606 13102 21489 190
 180 188 1917 291 12592 18971 5194 19444 10565 12678 1563 12693 6516 251
 4894 1992 21537 253 5081 1990 169 1690 19018 2044 14258 1317 1286 2038
 12498 284 21577 1313 7114 365 4852 1124 8930 6522 167 352 18988 15992
 12696 262 2612 1236 21522 1566 1587 295 12595 1388 21568 1912 1585 19019
 7118 1711 5386 12618 15431 6467 361 5390 1462 324 2646 2030 12594 16004
 18986 1994 292 1687 299 12531 1576 1271 1359 2061 892 203 5993 260 12720
 1591 1712 256 179 12711 18985 5080 1612 1594 337 1379 5368 75 1384 1572
 12615 19446 11313 18979 17080 1936 5073 335 5407 1688 1720 341 19625
 12712 19245 1122 2053 1376 1731 19385 259 2406 261 1329 19443 1544 19442
 2654 368 1128 12889 13535 1222 21488 12552 14675 19265 371 18884 1698
 7438 1672 338 1593 1377 1781 19016 12701 6470 4913 4914 891 1787 1457
 18877 366 15991 199 12983 304 5075 271 257 6526 19014 287 12708 19025
 1570 12697 7104 1571 14685 245 428 4954 1221 5260 274 1673 423 1382 15064
 12584 2659 820 12725 15987 12602 18515 1373 2064 8929 4942 1534 1138 336
 2066 7450 12706 21445 919 5130 726 21853 15493 671 22108 8747 23018 19700
 19138 10774 4145 18774 17363 11498 9270 17699 19647 15344 20689 19478
 18090 23363 20575 8154 7232 20634 16613 7604 5245]
[2632 2635 2634 2631 2638 2629 2637 2630 2636 2639 6551 6549 2628 6546
 6498 6545 6547 2627 6550 19317 2626 19316 2625 2619 2642 2618 6548 12511
 12778 2640 1682 1324 6552 2624 1323 12507 1299 12777 19314 12510 19315
 6496 2623 1322 1330 12775 12753 12502 1305 1680 1325 18960 6542 12503
 21477 1348 1320 2641 2617 19310 12499 12513 1350 1338 5251 12728 12773
 6540 1334 1333 1339 1316 7119 1343 12512 1695 21471 1321 12508 19308
 12770 21472 1349 12754 1308 1315 12752 7053 18949 2645 1342 18955 19311
 15312 12771 1341 1694 12757 1335 12497 21535 12750 7109 2036 5252 12518
 12749 18950 12522 22029 5257 7113 12516 1366 18954 21536 2643 1370 1297
 22028 7116 18952 1312 21521 12687 6495 1340 1311 2040 12758 14204 2613
 12759 12738 12685 12496 2666 21473 1337 1237 12737 12760 12763 12740 1290
 2688 12684 1714 12520 12746 12733 12491 7122 1578 1362 1678 1608 21540
 12681 12686 12741 1709 1363 5250 1703 12978 21479 21476 1504 7124 7094
 12767 12732 14203 1275 12519 1272 12743 1613 1722 1285 5249 12742 18874
 1995 2042 12609 1723 1365 12727 2005 12745 1306 290 1125 5265 12765 5254
 1327 1782 14681 72 1289 21551 19280 21580 21557 1464 18872 281 12593
 18974 1273 12494 2071 180 12607 188 21549 1293 1917 1545 18971 2054 301
 1993 930 6516 21576 22039 164 1990 12768 1361 165 1317 12498 114 12721
 363 21577 18871 365 4852 1124 8930 6522 7123 198 18988 21534 15989 933
 166 1294 1976 333 1676 19318 18947 19017 195 19270 14225 15994 12595 1388
 1554 1711 5386 18511 2027 21494 2031 1815 182 2646 5409 1372 1574 1390
 12616 8931 5247 292 12531 353 278 1271 879 5029 2061 21585 1383 1712 7072
 6487 5080 14682 12605 1302 6520 18972 1931 1379 168 2006 2647 5368 5383
 1938 5028 1384 12615 411 279 6525 14673 890 11313 18979 414 17080 8913
 1936 19012 4915 5392 12603 1688 12712 18873 1133 18507 2053 1376 1731
 1670 1761 429 5391 1584 18983 1329 1701 4893 1222 12596 21488 12552 19265
 15945 1380 1387 265 1552 18965 430 2048 1781 276 15938 1787 5074 366
 15991 4855 199 1618 19435 12673 158 817 12708 1570 1547 1571 428 1221 247
 12725 15987 239 13094 2066 7450 19381 383 5258 822 12677 21464 2057 2564
 354 5071 5195 13550 21533 1772 12709 1777 1530 21486 21571 7120 4856 320
 15061 21578 1582 1604 1147 384 15429 1758 19628 1929 2017 2019 2653 19396
 19598 12540 12543 6006 12585 15985 12713 12637 12703 19264 12459 388 1131
 12892 19392 1199 16904 18997 1195 15990 21498 924 15998 1816 18887 16014
 15935 420 13095 12035 12554 201 5068 2405 1391 5394 12525 18520 157 1955
 22011 209 19007 1633 18895 455 16579 14684 4944 17084 1756 21579 391 321
 18920 264 11647 322 12544 5998 2021 1135 12894 21429 21228 14037 8515
 19564 9241 5728 15535 7407 4963 8979 16159 4030 9859 22334]
[2632 2635 2634 2638 2629 2637 2630 6551 6549 6544 2628 6546 6498 6547
 2627 6550 2626 19316 2625 2619 2616 2642 2618 6548 12511 12778 1682 1324
 6552 2624 1323 12507 1304 12779 12777 19314 12510 19315 6496 2623 7054
 1322 1345 1330 12774 12775 12753 12502 1332 6499 2620 1681 1305 1270 1680
 6553 1325 18960 2615 6542 12503 18958 1326 19313 18956 21474 6468 1347
 21520 21477 1348 1320 12506 2641 1331 2617 19310 1301 12499 12739 1350
 1338 5251 12751 12728 12773 1334 1339 1316 7119 1343 18959 7127 1328 1695
 21471 1321 12508 18951 19308 12770 21472 1349 12776 12754 1298 12500 1308
 18953 1315 12517 1319 2614 7053 2645 1342 12726 21519 18955 19311 12514
 6500 21478 1336 1341 1694 12757 19312 5193 1335 12497 21535 18957 7109
 2036 8914 21475 1434 2037 12501 12518 12749 18950 1310 1699 12522 5257
 1369 6493 12766 2035 12516 12756 18954 12534 21536 21552 2643 21556 12495
 21470 1370 1716 2039 1297 22028 7116 18952 8911 1312 12687 6495 1340 1311
 2613 12738 12496 5256 2677 12979 21473 1337 12764 1237 12760 12763 12740
 2688 12684 1714 1515 12520 2033 12733 21542 7122 21467 1578 1362 21540
 18966 12686 1709 12730 1363 6543 5250 1684 1703 12762 12978 12769 21479
 21476 1504 1693 1713 177 12767 18976 12732 2046 1556 12694 1275 12519
 1272 71 19438 1997 12743 21495 1557 12736 288 1276 1722 1285 5249 12729
 6517 286 12735 18874 12692 1723 12727 1736 12536 1232 12613 12717 18962
 5268 1125 12976 2000 6001 21538 2034 6494 12765 7128 1327 21461 1555
 14280 18880 1438 300 21580 19436 1371 12533 18963 252 14201 5031 18977
 12606 1729 12494 1235 1292 19444 282 1993 184 1705 1563 930 12693 289
 6516 251 12614 1123 192 12768 21480 5082 363 8930 293 8934 6501 18947
 12716 14674 15947 189 18978 1957 5408 12591 18948 1388 1364 19019 7118
 1711 5386 7112 297 1287 18980 2646 12980 12722 1456 1307 5385 292 299 353
 18903 2004 18916 12679 21569 18904 18512 1536 19382 14200 5388 2055 1271
 1359 879 5027 2061 21585 5030 14261 5076 14676 1383 260 326 1910 1598
 21484 12720 13100 7072 1677 19439 339 179 12711 21526 12604 18985 1612
 1594 12605 15068 1314 1789 6520 21482 18982 1379 1543 935 2006 2647 5383
 1127 75 1771 5028 1384 1572 19266 12615 411 1558 12551 12590 1580 325
 6525 200 12642 19446 15428 11313 8913 18990 1936 19012 2050 12490 10563
 5073 4915 5392 12603 19397 1688 341 1717 12712 1937 18514 18507 2053 1376
 19271 19385 170 1926 15948 1142 1584 4888 6524 14687 14199 15988 1648
 16582 7121 431 1544 19442 1718 2654 21440 368 12889 13535 18897 12596
 1559 360 19265 1568 21483 21525 258 14253 1381 6466 1552 18965 1614 7438
 430 12918 12610 12619 11642 1567 1374 196 276 6470 4914 19617 1787 1457
 928 18877 2001 1132 1914 15991 369 15425 1656 1234 16587 12598 1618 12897
 1927 10539]
[2051 2053 72 75 18508 18507 18510 18512 18514 114 166 168 169 173 179 180
 181 182 185 188 190 200 203 12492 12495 12496 12497 12499 12500 12501
 12502 12503 12506 12507 12508 12509 12510 12511 12512 12513 12514 12520
 12521 12522 12531 12533 12535 12536 249 259 261 12551 279 280 281 282 283
 284 285 286 290 291 292 294 295 297 301 12591 303 12595 12604 12606 6467
 6468 6469 10565 6471 324 10563 335 337 339 14676 340 341 14681 6493 353
 6498 6497 12642 361 363 364 365 12691 367 6518 6519 6520 12679 12680
 12683 6539 6540 6542 12687 6544 12689 6545 6546 12684 6549 6550 6551 6543
 6553 12694 12692 12695 12696 411 12702 12712 12717 12726 12727 12728
 12730 12731 18874 18880 12737 12738 12741 12743 12744 12745 12746 18888
 12748 12749 12752 12753 12754 12755 12756 12758 18903 12761 12762 12763
 12765 12766 12767 12769 12770 18916 12773 12774 12775 12776 12777 12778
 18947 18950 18951 18953 18955 18956 18957 18958 18959 18960 18962 18967
 18968 18969 18973 18975 18976 18978 18980 18983 18990 2612 2613 2614 2619
 2620 2621 2624 2625 2626 2628 2630 2631 2632 19017 2634 2635 2636 2637
 2638 2639 2640 2641 2642 2643 19020 2645 2644 2647 2660 2666 2688 12978
 12979 8911 8913 8914 8915 15065 8931 8934 4852 4891 4894 13100 4912 4915
 19266 19271 19310 19311 19312 19313 19314 19315 19316 19317 879 19319 890
 892 7053 7054 7055 925 926 7072 5028 933 5030 5031 935 7083 19382 7109
 19397 7113 7115 7116 15311 7119 7122 7123 7124 7125 21461 7126 21462
 21465 7130 21467 21469 21470 21471 21472 21474 21475 21477 21478 21480
 21482 21484 19437 21489 19446 21495 21500 21501 21510 21519 21520 21522
 21523 21524 21526 21536 21540 21542 21549 21552 11313 21554 21553 21556
 21557 21568 21569 15428 5191 5192 5193 21577 1122 1123 1134 1137 1142
 5248 5249 5251 5255 5256 5257 19599 5267 1237 1270 1272 1275 5373 1285
 1286 1288 1289 1290 5386 5385 1293 5388 1296 1298 1299 1300 1301 1304
 1305 1306 1307 1308 1309 1311 1312 1313 5408 1315 1316 1320 1322 1323
 1324 1325 1326 1327 1328 1330 1332 1334 1335 1336 1338 1339 1340 1343
 1344 1345 1347 1348 1350 1351 1362 1364 1365 1366 1372 1375 1376 1379
 1383 1388 1390 1435 1456 1461 19015 1463 1464 1465 1493 1504 1536 1543
 1545 1554 1556 1557 1563 1566 1569 1572 1574 1576 1577 1579 1580 1584
 1585 1587 1588 1589 1590 1592 1594 1598 1608 1625 15989 15993 16004 1670
 1676 1679 1680 1681 1682 1684 1687 1688 1690 1694 1695 1696 1699 1700
 1703 1705 1709 1713 1714 1715 1716 1717 11964 1729 1731 1744 1761 1771
 1789 1815 5993 6003 1910 1912 14201 14203 14204 1916 14205 1918 1926 1936
 14225 1957 14261 1991 14280 1992 1995 1997 2000 2004 2005 2027 2031 2032
 2034 2035 2037 2039 2040 2041 2042 2044 2045 2046 21366]
[2049 2054 2055 2064 2066 2071 18512 18514 18515 18558 170 176 181 182 184
 185 190 193 196 198 12491 12494 12496 12497 12500 12502 12503 12506 12508
 12513 12514 12516 12518 12519 12528 12531 245 12534 247 12536 251 12539
 253 255 259 260 261 266 267 269 12559 278 279 281 283 284 287 288 289 290
 291 295 12584 297 301 12593 12594 306 12598 12600 12602 12605 12610 10563
 10562 12613 12614 6471 6470 12617 328 335 336 14674 339 340 14675 338
 14678 14677 12633 14682 6486 6492 346 342 6495 14687 353 6500 12645 358
 360 361 363 366 370 6515 6517 6522 6524 6527 12677 12680 12681 12682
 12683 6540 6542 12687 6543 6545 12691 12692 6548 12694 6550 6552 12693
 12696 12699 12701 12702 417 12710 423 12712 425 12718 12719 430 434 435
 12727 18873 12730 12733 12734 12735 12737 12738 18884 12743 12745 12750
 12752 12753 12757 12759 18904 12762 12764 12766 12768 12770 12771 12773
 12774 12775 12776 12777 12778 18917 2548 2561 18949 18950 18953 18954
 18956 18959 18960 18961 18963 18966 18969 18971 18976 18977 18987 18992
 2613 2614 2616 2618 2620 2623 19015 2632 19016 2634 2635 2633 2637 2639
 2640 2642 2643 2646 12889 12891 2651 2655 2659 2666 2677 2688 12978 12982
 12983 8915 15061 15062 15065 15066 8930 8931 4888 4894 19231 13094 19244
 19245 4913 4914 4915 4917 826 4923 19265 19266 19270 19272 4942 19308
 19310 879 19315 19316 884 891 7054 7055 925 926 927 7072 928 930 5027
 5029 5033 19384 19385 21440 19395 7108 7109 7111 7113 7114 7118 7120 7121
 5074 5076 7124 21462 7127 7125 21465 5081 21467 21472 21476 21478 21479
 21480 21481 21483 19435 21485 19438 21488 21491 19443 21495 5113 21501
 21510 21520 21522 21528 21530 21534 21535 21536 21537 21541 21549 21550
 11313 21554 21556 21568 15426 15430 15431 21576 5193 5194 15436 1122 1128
 5246 5247 5251 5253 5255 5256 5258 19617 19625 1217 1222 1236 1237 1238
 13535 1269 1271 5368 1273 1275 1276 5373 1285 5384 1288 1290 1292 1294
 1295 1299 1301 1305 1306 1307 1308 1309 1311 1312 5409 1314 1315 1316
 1320 1322 1324 1329 1330 1332 1333 1334 1339 1340 1341 1342 1346 1347
 1348 1351 1360 1362 1363 1365 1368 1369 1372 1373 1381 1382 1383 1385
 1387 1392 1393 11642 1434 1435 1456 1461 1462 1463 1482 1527 1541 1547
 22028 22029 1548 1551 1556 1557 1560 1563 1565 1567 1572 1573 1576 1579
 1580 1584 1592 1608 15947 1613 1614 1615 1624 1630 1637 1648 15988 15989
 1656 15994 16004 16009 16011 1678 1680 1682 1689 1690 1691 1692 1693 1694
 1698 1701 1703 1709 16045 1715 1717 1718 1720 1722 1731 1749 1777 1784
 1786 1787 6000 1909 14199 14203 14204 1918 1920 1926 1928 1932 1937 1939
 1957 14247 14260 14261 14269 1992 1997 1998 1999 2004 2035 2036 2040 2041
 2042 2043 2045 2046 2047 2216 19347 559]
[2632 2635 2634 2631 2638 2629 2637 2630 2636 6551 2628 6498 6545 6550
 19317 2626 19316 2625 2616 2642 2618 6548 12511 2640 1682 1324 6552 2624
 12507 1299 12777 19314 12510 18967 6496 1322 1345 1330 12774 12775 12753
 12502 1332 6499 2620 1305 1270 1680 6553 18960 12503 18958 1326 7126
 19313 21474 1348 1320 2641 2617 19310 12513 12739 1338 5251 12728 6540
 1334 1333 1343 7127 1328 12512 18951 1349 12754 1298 12500 18953 7053
 1309 1342 12726 21519 2621 15312 12514 6469 6500 12771 1336 1341 1694
 19312 1335 18957 7109 2036 8914 5252 12501 12518 1699 6539 1369 6493
 12766 12516 1366 12756 18954 12534 21536 21556 12495 21470 1370 1297
 12682 7116 18952 1351 1312 21521 12687 1340 1311 2040 14204 2613 14269
 12759 12738 12761 12685 12496 5256 12755 2677 2666 21473 1337 12764 12737
 12760 12763 2655 1290 12684 1714 1515 12520 12746 21542 7122 21467 1578
 1362 1678 1608 12681 12686 12741 1709 12730 1363 5250 1703 12762 12978
 12769 21479 1693 7124 177 7094 12731 18976 1461 12732 15311 14203 12519
 21550 1557 12736 1120 1276 1691 19020 5249 12744 1368 6517 12742 18874
 1995 12692 6471 12609 1723 1295 8915 5188 12734 1736 1592 2005 5266 2049
 12613 290 12717 1465 5268 12976 5187 14202 250 6474 21538 5265 1702 12765
 7128 14681 1577 1555 1289 14280 18880 14236 12535 18975 2032 18510 12977
 1696 19309 21580 6523 19436 12748 19437 12533 1344 18963 249 1535 14201
 12772 21489 1729 1273 191 7130 2071 180 1918 188 21549 1291 1293 1589
 1917 173 1545 294 301 12715 1993 12678 2660 12523 1563 175 12693 4894
 1992 12614 164 5387 169 1619 12695 12768 2044 1361 165 21480 14258 1317
 2038 12498 1569 6483 21577 2016 1313 18871 1124 167 1565 21534 15989
 12696 1911 1294 1976 293 1493 333 19318 18947 1236 15947 1783 18978 1700
 5248 19270 14225 15994 1566 12591 2052 18948 1388 1554 1364 19019 1711
 19269 5386 18511 2031 1815 18980 1462 1375 19391 5409 21554 1574 12691
 1625 18986 5247 1687 353 7115 12679 1536 1359 13100 7072 18508 12711 926
 6487 6497 193 1789 1302 21482 18972 1931 935 1935 1771 19266 340 1558
 12590 279 200 1436 19446 14673 11313 18979 414 21553 12490 10563 335
 19397 19625 12712 1937 19245 18514 925 18968 15948 1142 15993 4888 15988
 16582 21570 1908 21466 2654 368 1128 18908 12552 1380 21483 12707 21525
 14253 19383 1581 1614 7438 269 1672 12918 12619 1593 11642 1567 196 4913
 1704 18877 21496 15991 369 2633 16587 12897 304 5075 1283 1595 158 327
 7104 12633 1126 1385 428 1947 1609 19011 15064 1357 820 12725 1534 19396
 15917 16578 15982 1528 12580 21573 16902 374 1230 15997 12544 2021 943
 16901 1395 15049 5086 1757 4956 15432 1762 440 1685 5404 18867 12558 2554
 16898 1610 16001 17077 161 1831 18493 17542 13160 10081 15052 15424 1753
 16047 5366 18531 18896 1532 5103]
