Fault List:
43
40
35
32
35
38
34
34
41
23
40
39
30
41
35
33
37
36
36
42
40
29
45
36
29
40
43
36
40
36
FDR List:
0.43
0.4
0.35
0.32
0.35
0.38
0.34
0.34
0.41
0.23
0.4
0.39
0.3
0.41
0.35
0.33
0.37
0.36
0.36
0.42
0.4
0.29
0.45
0.36
0.29
0.4
0.43
0.36
0.4
0.36
Time List:
80.20914793014526
81.47210001945496
81.97973418235779
80.8410530090332
81.55666995048523
81.698734998703
83.06780910491943
79.63940596580505
78.91096901893616
80.25049591064453
86.06748104095459
81.2986581325531
80.5308940410614
80.94113183021545
81.90017294883728
81.11823725700378
81.78551506996155
81.802570104599
81.25138711929321
81.66385817527771
82.00783514976501
81.53296995162964
81.10620999336243
81.10155177116394
81.29116320610046
81.17322492599487
80.43873906135559
83.25242209434509
80.21538829803467
80.03247308731079
Subset List:
[2631 2630 2639 6544 19316 2642 2618 12778 1682 6552 2624 1323 12777 18967
 19315 6496 1322 1330 6499 1681 1305 1325 2615 21474 6468 1348 12739 7119
 7127 1695 1321 18949 18955 19311 1335 12750 7109 8914 12509 1699 7113
 18954 12495 14269 12759 12737 12763 2655 12746 1608 12741 1709 1703 7124
 177 12731 2046 1275 7055 19438 1276 1368 1295 5266 2049 290 1125 5265
 2034 14236 12977 1696 18872 1371 19437 12533 13102 1729 191 7130 1744 175
 4894 1361 6483 284 1565 1624 21531 248 1493 255 1360 6501 2052 12595 6467
 17190 19775 18224]
[2638 2639 6545 19317 2642 6548 12778 1324 1323 12507 12779 12510 18967
 19315 1345 12775 1332 1270 1680 1325 18960 2615 6542 21474 21477 1348
 12499 12513 1338 5251 12751 12728 12773 7127 12512 12771 1336 1694 19312
 1335 2036 8914 12509 1310 12522 6493 7113 2035 1366 12534 21556 12495
 1370 7116 1351 1312 1311 14269 21523 2677 12764 1237 1290 21467 1578 1608
 12686 6543 5250 21479 1504 1693 12767 12694 1784 21495 1285 286 1995 6471
 1365 1736 1592 5266 2049 6001 250 5265 2034 6494 1327 1782 21524 1555
 14236 18975 19280 19309 15070 4968]
[22039 4894 1992 5384 1123 1303 12498 18973 21531 15992 933 1911 2632 2635
 2634 2639 2628 6498 6547 2627 6550 19317 2626 2625 2616 2618 12778 2640
 1682 1299 19314 18967 19315 2623 6553 21520 1348 1301 12499 12751 1334
 1316 7119 1343 1695 12508 19308 21472 1298 1319 18949 6541 18955 2621
 15312 21478 1336 1694 19312 12505 12497 21462 21535 18957 7109 2036 8914
 12518 1310 5257 2035 12495 11964 6495 12758 14204 12759 12740 12684 1515
 12520 12746 12681 18966 12741 12683 12730 1684 12762 12978 5253 2046 1613
 12609 8915 12734 1463 1592 12613 12976]
[2634 2638 2637 2639 6551 6549 6544 6546 6498 6547 2627 6550 19317 2625
 2642 2618 6548 12778 2640 6552 2624 1323 12777 12510 18967 6496 7054 1322
 12775 12502 2620 18960 6542 18958 1326 6468 1347 21520 1348 12506 2641
 19310 1301 12499 12513 12739 1338 12751 1339 1316 7119 7127 1328 21471
 1321 18951 21472 12776 12754 1308 18953 12517 12752 1342 12726 18955 2621
 2041 15312 21478 1341 1694 5193 21535 8914 5252 22029 7113 1366 12756
 1370 1716 2039 22028 18952 1312 21521 1340 12738 12761 12755 21473 12760
 12521 1290 12741 1713 5267 1461 919]
[19316 2625 1324 12507 12777 18967 6496 7054 1300 1322 1345 12774 12753
 12502 1332 6499 2620 1305 1325 6542 21474 1347 21520 21477 2641 2617
 19310 1301 12751 12728 1334 1333 1339 1316 18959 12770 1349 1315 12517
 1319 2645 21465 2041 6469 6500 12757 19312 5193 1335 12750 5252 12518
 6539 12766 21552 21556 12495 12682 7116 1311 2040 12758 14269 21523 2666
 12737 12740 1290 12520 21542 12683 6543 1703 21479 1461 2060 12694 12519
 19438 1276 5249 283 1368 12742 1365 2565 211 1467 19268 1830 16899 2635
 2634 2631 2629 2637 6551 6547 2627 19317]
[2629 2637 6545 19317 2642 2618 12511 2624 1299 12779 12510 19315 1300
 1322 12774 1681 1270 6542 18956 21477 2641 1331 2617 1301 12499 12513
 1350 1338 5251 12751 12728 1339 1343 18959 7127 1321 12776 12500 12517
 1319 2614 21519 18955 19311 2621 6469 12771 21478 12757 19312 12497 12750
 18957 12495 2039 18952 1351 12761 5256 21523 21473 12740 12978 18976 1461
 1997 1368 12692 12609 5266 12976 7128 12689 1438 21557 178 281 176 18974
 190 12607 21549 12747 15992 15989 262 19319 19231 14674 15994 1566 295
 12595 5192 1585 5386 7112 70 297 11516]
[2631 2638 2629 2637 2630 2636 2639 6551 6549 6544 6546 6498 2627 6550
 19317 2626 19316 2625 2616 2618 6548 12511 12778 2640 6552 2624 1323 1299
 12777 6496 1300 1345 1330 1270 1325 18960 2615 18958 1326 7126 19313
 18956 12506 2641 1331 12499 12728 1339 18959 1328 12512 18951 1308 18953
 12517 2614 18949 2645 1309 6469 21462 21535 8914 12509 7113 12766 1366
 12756 12534 21536 21552 22028 6495 14204 2613 12738 12496 12755 12740
 12520 12746 21542 7122 1578 12741 21476 5253 5267 7094 12727 8915 12734
 1736 2049 14681 12535 18975 19280 19309 17121]
[2635 2638 2637 2636 6544 6498 2627 6550 19317 19316 2616 6548 6552 2624
 12777 12510 1345 1330 12774 2620 1270 1680 18958 1326 18956 6468 21520
 1320 2641 19310 1301 12739 1338 12751 12728 1334 1316 7119 1328 12512
 21471 12770 21472 1349 12754 12752 1319 2614 1309 1342 19311 2621 21478
 1335 12509 18950 1369 7113 18954 12495 1716 2039 22028 18952 12759 12738
 12761 12496 21523 2677 2666 12521 12684 12733 21542 1578 12681 12741 1709
 12730 5250 12978 1504 21541 2060 1556 71 12743 12736 1276 1691 1368 1995
 12692 14214 12680 212 11366 15903 2632]
[2632 2635 2638 2630 2636 6551 19317 2616 12511 12778 2640 2624 1299 1304
 12779 12777 19314 1330 12775 12753 12502 6499 1681 6553 18960 21474 21520
 1348 1301 12513 12728 6540 1339 1343 7127 1328 1695 19308 21472 1715 1349
 12776 1308 1315 1319 2614 18949 2645 21519 18955 19311 2621 15312 12514
 6469 12771 19312 5193 1335 7109 2036 21475 1434 12501 12509 1699 22029
 12534 21552 21556 1297 8911 21521 12687 11964 2613 12759 12979 1337 12760
 12763 12740 12684 1714 1678 1709 21479 1693 12733 1363 1684 177 12732
 14203 1556 12694 1275 7055 19438 1120]
[1364 70 12618 5191 12698 1375 2644 18512 1576 1359 326 1677 926 12604
 6487 22016 5028 340 12551 1936 5407 18873 2053 343 15988 431 12889 1939
 1121 18965 12918 1593 2048 12701 12539 387 12481 16003 928 1618 12561
 19384 4917 1393 1928 13094 18513 13149 819 822 13098 412 21530 13150 7108
 12564 1777 12611 1629 1785 2653 19396 15075 2658 12895 19623 1955 20351
 1227 17591 11701 19893 19869 12624 15466 8696 8626 14002 17556 10118
 17560 5610 18486 8433 11866 16869 19414 55 5270 5371 4801 22798 20474
 23158 18460 14731 23094 17306 7718 15886]
[2632 2634 6544 6547 1324 12777 12775 12502 1325 2615 6542 7126 12739 1350
 12751 1339 7119 1343 12512 1321 21472 1715 12500 1308 18953 1315 21478
 1336 1341 12757 19312 21535 12750 8914 1434 18950 12522 5257 6539 1369
 7113 12516 12756 18954 21552 21556 1297 1312 1311 12758 12738 5256 12755
 2677 1237 2688 12684 1714 2033 12733 21542 12683 6543 1504 1713 5253 5267
 12767 12694 71 1276 19020 5249 283 12729 12744 18874 14214 12680 1592
 18962 2000 5265 1577 14236 2032 12977 1293 1616 12768 1286 12982 5082
 1786 1313 1925 376 22531 4839 12932]
[2632 2638 2629 2636 2639 6544 6546 6547 2627 2626 2625 2642 12507 1299
 12779 12510 1322 12774 6542 7126 18956 21474 12506 18959 12770 21472 1349
 12500 18953 1315 12517 1319 7053 18949 2645 21465 18955 2041 1336 12757
 19312 21535 8914 21475 1434 1369 7113 12516 21470 2039 1297 12682 8911
 14204 12738 12761 2677 1362 21540 12681 12683 6543 1703 21481 12732 2046
 12694 12743 1557 12736 288 1120 1276 1465 6494 72 18975 12748 1371 6518
 1915 2054 289 1361 12721 18871 293 255 1783 5192 7118 303 18986 203 1529
 12702 170 18968 4888 6039]
[2631 2629 2637 2630 2636 6544 6546 6545 2627 19317 19316 2625 12778 1682
 1299 12779 12510 6496 2623 1300 1345 12775 1332 6499 2620 1305 6553 6542
 1326 19313 21474 21477 1320 12506 2641 1331 2617 12739 1350 12728 12773
 6540 1333 7119 1343 18959 1328 1695 1321 18951 12770 1715 12776 12754
 12500 1315 2614 7053 18949 1342 21519 18955 19311 2621 12514 6500 1336
 1341 1694 12505 1335 1434 2037 12501 12749 1310 1366 12495 2039 1312 2040
 12761 12496 21473 12760 2655 12684 1678 21540 12683 1709 5250 1703 12694
 1722 19020 2042 12734 18962 12900]
[2632 2634 2638 2629 2637 2636 6549 6544 2628 6498 6545 6547 6550 2642
 2618 1324 1323 1304 12779 12510 18967 7054 1330 1332 2620 1680 1325 2615
 21474 21477 12506 2617 1338 12773 1334 1333 1339 1316 1328 12770 1715
 1349 12754 1315 1309 6541 12726 21519 2041 6469 6500 1694 5193 21535 2036
 18950 12522 5257 21470 1312 11964 1311 2613 21523 21473 12764 12737 2655
 1290 1515 12746 12733 1362 1678 12769 21476 1713 5253 12731 21541 21495
 12744 8915 1702 5254 21461 176 5031 18977 180 1744 2054 12523 12693 192
 1990 14258 2038 18973 1145]
[2627 6550 2642 12778 1682 1299 12779 19314 12510 18967 6496 2623 7054
 1300 1345 12774 12775 1332 1305 1270 6553 1325 18960 2615 6542 18958 7126
 6468 1348 2617 19310 1350 5251 1334 1339 1343 1328 12512 1695 21471 1321
 18951 19308 12770 1349 12500 18953 12752 1319 2645 1309 6541 18955 19311
 2621 15312 6469 6500 12771 1341 19312 12497 12750 12749 18950 12522 6493
 1366 18954 21552 2643 1370 6495 1311 2040 14204 12761 21523 12740 7122
 1684 5267 7125 2046 1275 19438 288 1276 1232 12613 1125 19617 424 2635
 2634 2638 2630 2636 2639 6549]
[2632 2635 2634 2629 2637 2636 2639 6549 6546 6545 19317 2626 19316 2625
 2618 1682 1324 1323 12507 1299 19314 19315 1300 1322 1345 1330 12775 1305
 6553 18960 2615 18958 1326 21474 1347 21520 1320 1331 2617 19310 1338
 5251 12773 1339 7119 1343 1321 12508 1715 1298 1315 12752 1319 6541 21465
 6469 12771 1335 18957 21475 12501 1699 12522 1369 12766 18954 12534 21552
 21556 21470 2039 22028 12682 18952 1312 21521 12687 2040 12759 12761
 12496 2666 21473 1337 12737 12521 12740 1290 2688 2033 21481 14203 2060
 5249 12680 2005 1782 1555 1696 12552]
[2635 2634 2638 2628 19317 2625 2616 12778 1324 1299 12777 2623 1322 1345
 1330 12502 1332 2620 1325 18960 6468 1347 19310 12499 5251 12728 12773
 1328 12508 12770 1349 12754 1315 12771 21478 1694 21535 7109 2036 1310
 12516 12495 8911 1312 1311 12758 14204 12496 12737 12740 2688 7122 1362
 1709 1713 5253 21481 71 1557 283 286 5188 12717 2043 1465 6474 7128 300
 19436 12748 21489 188 12592 5194 6516 21537 12614 1361 14258 2038 12498
 12982 363 2016 7114 352 248 15992 12696 1976 19231 285 12595 21494 12618
 1482 1576 5030 203 17122]
[2634 2631 2637 2639 6544 6546 6498 6545 6547 2627 6550 2626 2625 2616
 2642 1681 1325 2615 12503 18958 1326 6468 21520 1348 1331 19310 12739
 12728 6540 1339 7119 7127 12512 1695 21471 1349 1315 12752 1319 7053
 21519 1336 1335 7109 8914 18950 6493 21556 21470 12682 1351 11964 1311
 2040 14204 2613 14269 12761 12764 2655 12730 6543 7125 2046 7055 19438
 21550 1368 286 1365 12734 12680 1592 185 6001 1577 1289 18975 1344 1729
 1273 12494 180 1291 2660 12492 1563 175 12747 253 6000 365 7123 21534
 15992 255 1991 19318 19268 18863]
[2005 2049 1306 2043 185 18962 5268 2632 2635 2634 2638 2637 2630 2636
 2639 6551 2628 6546 6545 6547 19317 2626 19316 2619 2642 2640 1682 6552
 2624 1323 12507 12510 18967 19315 7054 1300 1330 12774 12502 1332 2620
 1681 6553 1325 2615 18956 1347 21520 21477 1348 19310 1301 12751 12728
 12773 1334 1333 1316 1343 18959 19308 1308 7053 2645 21465 2621 6469 5193
 18957 1310 1369 12516 18954 12534 21552 12495 21470 7116 2613 12755 12760
 12763 1290 12491 1578 12681 18966 1709 1703 12978 21479 21476 5267 7124
 12767 18976 12519 19438 1613 1120]
[2635 2636 6544 2628 6545 19317 2626 2625 2619 2616 2642 2618 6499 1270
 6542 12506 1338 6540 1334 1343 12512 1349 2645 12726 21519 2621 21478
 12505 12750 21475 18950 1310 5257 21556 21470 1297 1340 1311 14204 12738
 1337 1237 12737 1290 12769 21476 21541 12694 71 21550 1997 1691 12735
 18874 1999 1736 12536 14202 7128 1289 14280 1696 6523 1464 21469 12748
 1371 281 1579 6518 5373 187 1535 14201 21493 1744 1993 2660 1705 12523
 21537 1990 169 1361 1317 1679 2038 12498 114 5082 1786 1689 6522 198
 21531 15989 1911 1944 1471 18954]
[2635 2634 2631 2638 2629 2637 2639 6551 6549 6498 2627 2626 2625 2642
 1682 1324 6552 1323 12510 18967 19315 2623 7054 1345 12775 1305 1325 2615
 18958 1326 21474 1347 2641 2617 1301 1350 1339 18959 1328 12770 21472
 1715 12754 19311 12757 12518 18950 7113 12766 2035 12516 18954 21552
 12495 1370 1716 1297 7116 8911 1312 21521 1311 14269 12738 12755 21523
 1237 2655 1290 12684 12730 6543 1684 5253 5267 7124 1461 7125 2046 1556
 1784 7055 288 1722 1285 19313 21477 12728 1434 12522 6539 2643 2033 1703
 12744 1999 1465 18510 19437 180]
[2632 2634 2638 2629 2630 2636 2639 6551 6546 6498 6545 6547 6550 2625
 2619 2616 2642 2618 1682 1324 12507 18967 2623 1300 1322 12775 12753 2620
 1325 18960 6542 18958 1326 19313 1320 1331 12513 12739 12728 12773 12512
 1695 1321 12770 21472 1715 1298 18953 2614 2645 1309 1342 12726 21519
 21465 2621 12514 6500 12771 21478 1336 1341 1694 12505 12497 12750 21475
 1434 12518 12749 12509 18950 1310 7113 12766 18954 21470 1370 12687 1340
 12758 14204 14269 12764 1237 12740 1515 21467 1362 1678 18966 12686 1363
 14247 2042 12680 12745 1306 2043 16920]
[18956 2060 18960 21520 18967 18969 21532 18974 1566 1569 1576 18985 1578
 2617 2620 1598 2624 2626 2628 2629 2630 2631 2632 72 5192 5190 2636 2637
 19020 2639 15994 5249 5252 5254 1680 12978 1716 185 190 191 8911 1236
 12506 15070 12512 12520 1786 12551 1299 1301 278 4891 1310 1315 1320 1323
 1330 1331 12595 1334 12607 1345 1346 6468 1348 14673 339 340 1370 6495
 352 362 19314 6003 6519 12682 6549 12694 6552 12714 12715 1463 12739 1995
 12748 2004 7127 5080 21465 21467 21469 21473 12770 21477 12775 2034 1527
 2042 13216 15035]
[18956 18957 18958 21519 18960 22029 21521 21536 18976 2613 2615 2617 2618
 2620 2621 2624 2626 2629 2630 2632 5193 2634 2635 2636 2638 2640 2642
 2645 2666 5253 1680 1682 1695 177 12978 12979 1716 12495 12497 12499
 12501 12503 12507 12510 12516 12517 12522 1270 1297 1304 1315 1319 1320
 1323 1325 1326 1330 1332 1347 1348 1349 6498 19308 19314 19315 19317
 12683 6542 12686 6544 6545 6547 6548 6550 12694 6552 7094 12728 12749
 12751 7119 12752 7122 12755 12756 12758 21465 12766 12767 21472 21473
 1504 21477 12777 21481 2037 2039 2041 2046 15086]
[2632 2635 2631 2638 2629 2637 2630 2628 6546 6498 6547 2627 6550 2616
 12511 12778 2640 1682 1324 6552 1299 12777 19315 2623 7054 1345 12774
 12753 12502 2620 1681 1270 1680 18958 19313 21474 21477 12506 2617 6540
 1334 1328 12512 1321 12508 18951 21472 1349 12754 1298 12500 1315 12752
 1319 2614 7053 1309 19311 2621 12771 21478 1341 1694 12757 12505 5193
 12497 21462 21535 12750 2036 8914 21475 2037 12501 12518 12509 18950
 12522 5257 1369 6493 2035 12756 21552 12495 21521 6495 1340 12758 14269
 12759 12761 12760 2655 12740 1290 1515 12746 5648]
[2632 2635 2631 2629 2630 6551 2628 6545 2627 19316 2619 2616 2618 12778
 2640 2624 1299 12779 7054 1330 1680 12503 18956 1301 12739 12728 1334
 1328 12512 12770 12776 2614 7053 1336 1434 12518 12534 12495 21470 12760
 1290 1714 2033 1678 1461 12743 1285 12744 12735 14247 1995 1999 1592 185
 2032 1438 18963 252 18977 12523 7123 1565 2612 255 5255 18978 181 5190
 18888 7115 1594 14682 8913 2050 19440 18968 21440 12889 21488 1466 19383
 1618 1357 4942 4889 12487 412 13150 18558 2561 18981 13548 19396 15985
 1219 3552 355 9451 19129 22853]
[2635 2638 2637 2630 2636 2639 6498 6547 19317 2626 2625 2619 6548 12778
 2640 2624 19315 2623 1300 1270 6553 2615 7126 1347 1348 12506 1331 12739
 12751 6540 1334 12776 1308 7053 1336 12766 1366 21536 21470 7116 2613
 12761 12979 12764 12760 12684 12520 1678 6543 1693 2046 71 19438 21550
 1691 19020 12735 5188 5268 5187 6474 5265 1327 21524 12714 1438 12533
 12494 1615 1235 174 12492 12747 1619 1317 2045 1565 19319 333 12716 7118
 12616 18903 12604 5080 15068 2006 5028 1384 18968 368 14253 2659 18902
 266 12891 1541 4856 1437 6123]
[2628 6546 6547 2627 2626 2616 2642 2618 12511 2640 1304 12779 12777 19314
 7054 1300 1322 12774 12775 12753 12502 1332 6499 1305 6553 6542 19313
 21474 1348 1320 12506 2641 12499 12513 12739 1338 12728 6540 1333 1316
 1343 1321 12508 12770 21472 12754 12500 1308 21465 18955 2621 12757 19312
 12505 5193 12497 21462 12750 18957 18950 12522 22029 5257 6539 7113 12534
 2643 22028 12687 14204 12759 12738 12761 5256 2655 12746 21542 7122 21467
 1578 1678 21540 12686 1684 12762 1713 12767 18976 2046 1275 1784 1276
 2632 2635 2629 2637 2630 2639 6544 19317]
[2632 2634 2631 2638 2630 6549 6546 2627 19316 2616 2640 1324 12779 18967
 19315 1322 1330 12753 2620 1270 6542 1326 7126 21520 21477 1348 1320 2641
 19310 12499 12739 1350 1338 5251 6540 1334 1316 18951 1315 6541 1342
 18955 2621 2041 12514 6500 1341 1694 12757 12505 12497 2036 2037 12501
 12518 12749 1699 22029 1369 1716 18952 1351 21521 12687 1340 14204 12496
 21473 2655 12740 12491 21542 12683 12730 6543 1684 12769 21479 5253 7094
 18976 12732 1556 12519 71 19438 1276 1722 6517 6471 1306 250 6474 1438
 1464 1535 12606 21493 188 6527]
[15311 19438 12744 1365 2005 12613 1782 1289 21551 18880 12714 1696 19309
 15070 281 12593 1273 7130 12592 1679 2634 2631 2629 2630 6549 6544 2619
 2616 2618 12511 12778 2640 1682 6552 2624 1323 12507 1299 1304 19314
 18967 19315 2623 7054 1300 1322 1330 12774 1326 19313 18956 1347 21520
 21477 1348 1320 2641 1350 1338 5251 1343 7127 1328 12508 12770 1315 1319
 2614 2645 12726 18955 2621 15312 6469 12771 1341 12757 19312 21462 7109
 21475 12518 12749 12509 1310 18952 8911 1351 2040 12738 5256 12755 21473
 2655 12684 1515 2033 12491 1362 1678]
