Fault List:
34
29
36
28
32
29
28
29
30
28
30
26
32
34
31
35
32
31
33
33
30
24
32
34
31
33
32
27
28
26
FDR List:
0.4
0.3411764705882353
0.4235294117647059
0.32941176470588235
0.3764705882352941
0.3411764705882353
0.32941176470588235
0.3411764705882353
0.35294117647058826
0.32941176470588235
0.35294117647058826
0.3058823529411765
0.3764705882352941
0.4
0.36470588235294116
0.4117647058823529
0.3764705882352941
0.36470588235294116
0.38823529411764707
0.38823529411764707
0.35294117647058826
0.2823529411764706
0.3764705882352941
0.4
0.36470588235294116
0.38823529411764707
0.3764705882352941
0.3176470588235294
0.32941176470588235
0.3058823529411765
Time List:
77.50884795188904
81.42949676513672
79.52731704711914
77.07725191116333
82.80023407936096
80.66832113265991
80.04229617118835
81.93901515007019
76.23229193687439
76.41791009902954
77.50928092002869
79.89438509941101
76.8896689414978
77.3819432258606
77.76800107955933
80.23154973983765
75.6002550125122
75.5319139957428
76.25506901741028
77.30480718612671
77.13513112068176
76.51799511909485
76.82771277427673
76.37661385536194
76.00990414619446
78.19226598739624
76.28784584999084
77.38699913024902
76.45318508148193
78.0661952495575
Subset List:
[3598 9746 1050 7195 1068 2608 6706 4658 6716 7240 2635 7248 4690 2131
 3167 3681 1128 1678 149 661 4248 9883 159 3751 167 1198 1209 3771 7870
 9922 195 4301 4814 3288 9433 1242 3305 2794 3820 1785 9985 6925 4879 3344
 7451 7454 7459 3879 301 3381 2358 3893 827 317 319 1344 2369 4419 4423
 9035 1357 4433 2387 8020 2905 7521 1384 7531 3436 6005 898 6035 3989 9110
 2969 1437 6560 1440 930 4007 6568 8107 6578 2488 1465 6080 9666 1989 5577
 9677 2009 4065 994 9700 6632 9194 9709 2038 3062 523]
[195 3751 1989 542 149 6716 7521 6560 1785 6568 8327 2369 3989 9666 9677
 4814 1759 1384 7248 7454 2131 4248 2969 898 661 3329 1394 5824 4007 9652
 317 5735 8020 4755 3344 994 2635 4433 3749 4743 9738 2770 9709 1357 9892
 2957 443 3795 6021 3951 800 1581 4761 4315 2508 9629 1344 6109 3848 1433
 6872 341 3681 7491 7241 3365 2589 7473 4658 4205 514 1941 1317 6608 2037
 9535 1228 8279 266 9781 3136 4504 3771 3167 9985 5054 3305 7672 8091 1640
 2658 2333 7842 2063 2690 4640 3151 723 5525 6235]
[1855 317 5735 3757 6578 4722 319 994 2635 3460 4433 3723 2513 4690 2820
 4879 2770 9709 9883 1357 9456 2358 3893 2793 5577 3795 7471 1581 5083
 4761 2325 8092 1023 8178 9629 4146 7249 1865 9907 2233 3876 4500 2589
 4505 9746 4658 4205 577 2989 8182 478 4238 7921 1127 4504 3167 66 5054
 3305 8165 2658 6765 2063 502 2690 4640 245 9777 7504 6625 8095 1781 829
 9022 1965 2914 2823 9253 2758 8272 486 195 7826 1989 3030 3598 6560 2794
 7531 1678 6035 8327 9194 2369 9858 1209 2009 9677 4814 9959]
[195 3751 9655 542 149 6560 2794 1785 1678 8327 2369 3989 1209 9666 9677
 9959 1198 1440 930 1128 9700 2387 9433 7454 2131 92 898 661 3065 4007 691
 9652 1694 4583 7240 2705 7195 301 4423 1583 8020 1952 8444 2488 6005 4369
 319 994 9013 2635 4433 9110 151 4634 9738 8292 4690 2748 2820 2770 1248
 2628 257 456 9456 3503 2793 2957 159 3795 3951 800 1581 5083 1023 8178
 7249 2699 2834 6109 6997 5696 605 2617 726 3879 191 9907 3557 3848 1433
 4500 3405 4505 3646 9780 4658 2507 926 4577]
[2770 3124 9883 2628 3490 3893 4300 9892 3269 9035 5577 159 443 3795 6021
 7471 1494 2325 8170 8178 7583 9879 1344 1865 2699 605 3879 191 3876 6642
 6872 4356 341 3681 7473 699 1007 5078 577 1289 2028 5973 8279 4852 6045
 1701 4959 4828 7917 195 3751 1989 3030 149 7521 619 6560 2794 1785 6035
 8327 9194 2369 2009 2905 9959 1288 7248 6925 9700 4065 1068 2969 898 6651
 661 1691 3329 3065 1899 3820 1855 691 9652 4583 317 7240 5735 6578 7850
 2414 2608 167 8444 1465 9922 8107 9110 4743 2513]
[195 7826 3751 542 149 6716 7521 6560 1678 8327 9194 2369 9858 1209 2009
 1440 8160 930 9700 3381 6651 1691 3329 5824 9652 1694 317 7240 5735 3757
 301 4423 7850 4722 2414 1952 8444 2488 6005 6632 4369 9013 4433 9110 9738
 5559 2513 2863 8292 2820 4454 9709 1050 1357 9456 3893 6027 9892 3269
 9035 3795 6021 800 1494 5083 4761 4315 2325 1023 8178 9629 4146 1344 2699
 1751 8527 605 2617 5634 3436 3879 3557 6872 341 7491 3062 7241 7030 78
 827 9746 9754 514 741 1317 6834 1810 6174 6915 3089]
[195 3751 1989 149 6716 3598 6560 1785 9194 9858 9666 2009 9677 1198 1384
 1128 7454 1068 1357 9456 2358 543 3269 443 3795 800 2508 4146 2699 2233
 3876 6872 341 3681 3365 3762 4427 9863 2028 9513 2125 8279 1701 8182 4828
 266 7917 3962 2224 4504 66 6080 2300 4201 9669 7842 502 5525 9203 245
 6460 2760 6418 7876 4131 4018 2374 2099 243 6390 6737 6787 3591 1404 2305
 8003 4990 629 7504 2668 1502 104 2429 3364 787 3966 5143 1886 3571 4896
 2404 2322 6312 9740 9022 7434 1965 2080 5105 3171]
[9629 2699 6109 4159 5634 191 9907 4500 341 3681 3365 7473 6686 4419 1823
 577 6788 2901 346 2125 8279 8182 4187 3160 4828 7917 1686 6645 582 195
 7826 3751 9655 542 149 7521 3598 619 7531 1785 6035 6568 8327 1356 9194
 2369 3989 1209 2009 9677 1759 1198 1384 7248 6706 1128 9700 7454 3381
 4065 1068 959 46 1242 2969 498 898 6651 661 1691 3329 3065 1899 1394 5824
 4007 1694 317 2705 5735 7195 301 6578 7850 4722 2608 1465 2488 6005 319
 1772 9922 9110 268 2748 4879 9904 9709 1050 1357]
[7826 3751 3030 542 149 7521 619 1785 1678 6035 6568 8327 1356 2369 2009
 9677 9959 1440 7248 8160 930 1128 2387 3381 4065 4301 4007 1855 4583 317
 5735 4423 7850 2608 1952 1465 3344 6005 6632 4369 1772 9922 8107 4433
 3723 4743 268 4690 1545 2770 3124 9883 2628 1357 257 456 9456 3893 6027
 9892 2793 9035 159 443 3795 7471 5890 1494 4451 2325 8092 1023 8170 8178
 6872 4356 3681 3365 3762 4505 9856 2028 2573 1228 4745 9071 6645 4238
 1981 3167 66 3702 2090 6080 8165 7459 1640 6756 8059 445]
[3751 542 149 6716 3598 619 6560 2794 6568 8327 9194 2369 1209 9666 9677
 4814 2905 1384 1288 7248 8160 2387 9433 7454 4065 1232 4248 46 1242 4583
 7240 5735 7195 3757 301 4423 7850 167 8020 1952 8444 1465 1772 3460 8107
 2197 151 3749 3723 4743 9738 2513 2863 4690 1545 2820 3078 9883 2628 1357
 257 456 9456 3893 9035 5577 443 3795 6021 7471 800 1494 4761 9629 7583
 1344 2699 5696 8527 605 3436 191 9907 943 7241 7473 1007 3762 2430 4658
 4205 4427 9856 7492 4828 1159 3884 4238 9781 1241]
[7826 3751 1989 3030 9655 542 149 6035 6568 9194 2369 9858 9666 2009 9677
 4814 2905 1759 1198 1384 1440 7248 930 1128 9700 9433 4065 92 1068 2969
 898 6651 661 3329 1899 3820 9764 2011 5824 9652 4583 7240 2705 3757 301
 6578 4423 7850 167 4755 3344 319 4743 5559 2513 268 2820 9904 2770 1357
 257 456 2358 3893 543 6027 2793 159 1023 8178 9629 9879 1344 2617 5634
 2233 6872 943 341 3681 3405 7030 1007 4505 6686 4419 4658 4921 3583 1941
 5457 9863 1823 2037 2028 5973 2573 2901 1117 4238]
[195 3751 1989 9655 542 149 6716 3598 6560 1785 6568 8327 1356 9194 2369
 3989 1209 9677 4814 9959 1198 1384 1440 1288 8160 6925 930 1128 9700 9433
 3381 4065 4301 92 1068 1232 2969 498 898 8061 8982 3329 3811 3288 2011
 5824 4007 1855 691 9652 1694 4583 317 5735 6578 7850 2414 1583 1952 1465
 6632 319 9013 9110 2863 9709 2628 1357 257 456 9456 2358 3503 159 443
 3795 4315 8170 1344 4159 3876 6872 943 3681 3062 699 4419 7451 2507 7736
 577 3476 2989 7541 2552 9535 3494 5647 324 8102]
[195 7826 9655 542 149 7521 3598 1785 1678 6568 8327 9194 3989 9677 4814
 1384 7248 8160 930 6706 1128 9700 2387 7454 3381 4065 92 959 4248 2969
 898 3811 3820 2011 5824 1855 691 317 7240 5735 3757 301 7850 2608 167
 8020 1952 2488 1772 9013 515 3460 2197 151 4743 9738 5559 268 4690 2820
 4454 3078 3490 3795 3951 1494 4761 9879 7249 5696 1751 8527 605 191 9907
 3062 7241 3365 7473 3762 3646 4419 7451 4658 1941 741 1317 1444 2028 5973
 2901 4477 7474 7333 1159 7917 3132 3136 4504 2430]
[195 3751 9655 7521 6560 1678 2369 9858 1209 9677 4814 2905 1198 1384 1440
 8160 6706 1128 3381 2131 92 1068 4248 46 3288 3820 5824 691 4583 2705 301
 6578 4423 7850 167 8020 4755 8444 1465 1772 4690 2748 2770 3078 2628 2793
 2957 3795 3951 4761 7249 2699 6109 6997 726 4500 3681 7241 4419 7451 4658
 4205 5078 2037 2901 478 4745 7917 171 1127 4504 3167 241 62 2090 7459
 2658 9079 3151 6627 1942 9560 3176 3565 5955 1740 4317 2198 6756 6558
 6741 243 7262 2750 8507 6625 9741 4943 432 9075]
[195 3751 3030 149 7521 619 6560 2369 9666 9677 4814 1198 1384 7248 6706
 1128 2387 9433 7454 3381 1068 959 6651 3065 5824 4007 1694 3757 301 2488
 6005 1772 2635 515 8107 4433 3723 1545 2770 1248 1357 3269 2957 443 3951
 800 1494 1581 7842 2690 6109 5634 3436 6642 1433 2038 341 3365 4205 1317
 2028 944 6867 760 3441 6460 2760 4317 97 5923 4807 4131 2708 2099 6741
 243 1091 7689 6391 3468 6894 7043 9747 2660 2925 7724 9211 2532 787 8095
 4086 9022 1096 1965 2052 4657 2193 2289 4681 7932]
[195 3751 1989 3030 542 6560 2794 7531 1678 6568 8327 9194 2369 1209 9677
 1198 1128 9700 2387 7454 2131 4065 2969 3820 5824 317 5735 7195 3757 301
 4423 8020 1952 8444 1465 6632 4369 319 1772 994 2635 515 3749 3723 268
 2863 8292 1545 2820 4879 4454 3078 1248 9883 1050 2628 3490 9456 3503 543
 3269 9035 5890 8092 9629 4146 1344 4505 9856 3794 3166 7490 9781 66 3702
 6080 3604 8908 8091 511 1437 2333 730 3441 6460 5955 2198 4165 6784 3388
 4368 6418 1253 5923 6558 2351 6391 6643 6730 4489]
[195 1989 9655 6716 7521 2794 8327 1356 9858 1209 2009 9677 4814 2905 1198
 1384 1440 1288 6925 3381 2131 4065 92 1068 2969 8061 3065 2011 691 9652
 5735 301 7850 2414 1583 8020 1952 3344 319 1772 994 9013 3460 8107 9110
 3749 3723 4743 9738 2513 8292 4690 2770 9883 1357 257 2358 3503 3893 9892
 2957 5577 3795 6021 7471 3951 5890 1494 5083 4761 4451 2508 8092 8170
 8178 7583 9879 1344 2699 2834 5696 2617 5634 3879 191 9907 3848 943 3681
 3405 3762 4205 3583 9606 9856 1317 9513 898 4583 7195]
[195 3751 9655 149 7521 6560 2794 2369 3989 9858 1209 9666 9677 4814 1759
 1198 1384 1128 9433 3381 2131 4065 1068 8061 1691 3065 2705 5735 301 167
 4755 1772 9013 3723 1248 3893 4300 3795 800 1494 1581 4761 4315 2325 8170
 1344 3879 3062 3762 4505 9746 7451 4658 9754 514 2507 1823 577 671 3476
 2214 7474 96 1159 4745 6645 2224 6923 511 2063 502 5887 3829 6460 3133
 7876 6558 4131 9044 2351 6625 6053 6654 1965 5261 9031 7394 9596 5209
 2960 1325 7445 4548 9731 6564 6759 3976 4967 5522 8183]
[195 7826 3751 3030 9655 542 149 6716 7521 3598 619 6560 2794 6035 6568
 1356 2369 3989 9858 9666 9677 4814 1759 1198 930 1128 2131 1068 959 4248
 2969 1691 3065 3811 1899 2571 2011 5824 9652 1694 4583 7240 5735 7195
 3757 6578 4423 7850 1952 1465 6005 4369 319 2635 515 2197 4433 151 4743
 5559 2863 8292 4690 1545 4454 9883 1050 3490 2358 2793 443 4159 5634 726
 3557 3876 943 4356 341 3681 7241 3762 3646 827 9746 7451 4205 2229 5078
 9754 9606 1941 1317 2659 2507 1823 1289 6788 926 2028]
[195 542 619 6560 2794 1678 8327 9194 1209 2009 1198 1384 8160 6706 1128
 9700 2387 9433 2131 92 4248 46 498 898 6651 8982 3065 1394 5824 9652 4423
 7850 8020 6005 9013 2635 8107 4433 151 3749 3723 2820 2770 1248 9883 1050
 3490 3893 4300 6027 9892 3795 4761 4146 1344 5696 726 9907 3848 3365 9746
 2229 9754 528 1941 1317 3755 926 2028 2214 5556 3698 8279 4187 478 7917
 9071 171 1981 7921 1127 4504 241 5054 8908 5631 1072 1640 8246 1308 1263
 7842 2063 502 2825 9203 3511 9560 3772 4997]
[195 7826 3751 1989 9655 6716 7521 3598 6560 2794 7531 1785 1678 6035 2369
 9666 2009 9677 4814 2905 1384 930 6706 9433 3381 2131 4065 1899 3820 9764
 5824 4007 9652 317 7240 5735 301 4423 7850 8020 4755 8444 3344 2488 6005
 6632 4369 994 9013 3749 9738 5559 2863 8292 2820 2770 1248 9883 2628 3490
 456 3893 4300 6027 443 7471 5890 1494 1023 2699 6872 943 341 7241 2589
 7473 4419 827 4205 9606 2659 1320 671 3476 2028 7541 2573 2901 96 4852
 1701 4187 4438 9071 7490 4238 3132 3167 9905 6090]
[195 7826 3751 1989 3030 542 149 619 6560 2794 1678 8327 1356 2369 9858
 1209 9666 1384 8160 930 1128 9433 7454 3381 4065 92 898 8061 6651 8982
 661 3811 2571 2011 5824 1855 9652 1694 7240 5735 3757 7850 4722 2414 167
 1583 4755 1952 8444 4369 319 1772 9922 515 8107 4433 9110 3749 3723 4743
 4634 9738 5559 2513 268 2863 4690 4454 1248 456 2957 159 3795 7471 3951
 1494 1581 4761 2508 943 3405 2589 7473 699 4505 9780 4658 5457 1317 9863
 2507 3755 1320 2028 9513 4302 2901 2404 4841 1697]
[2571 2589 542 46 1583 4146 3124 6716 3646 7241 2635 7248 4690 3681 8292
 1128 9858 4743 3723 2699 4248 4761 9883 159 9892 3749 3751 3757 9904 691
 9907 2748 5824 195 4301 1232 2770 3795 6872 1242 4315 1759 2793 2794 1785
 8444 2820 4356 3848 268 6925 4879 2834 8982 800 3365 3879 301 2863 7471
 319 1344 2369 7491 4419 9035 1357 341 2905 7521 1899 3436 2414 898 6021
 6027 4500 2969 8092 1440 1952 930 4007 6568 8107 9652 9655 5559 1465 9666
 5577 2513 3030 2009 6109 4065 9194 3065 6651 9754]
[195 1989 9655 542 149 7521 3598 619 6560 1785 6568 8327 1356 3989 1209
 9666 9677 7248 6925 6706 2387 9433 3381 4248 46 2969 898 8061 3065 3820
 5824 4007 691 3757 6578 2608 167 1583 4755 2635 4433 4634 9738 2513 4690
 2748 2820 4454 2770 3490 9456 543 2957 6021 5083 2325 1023 6109 6997 1751
 605 2233 3876 6872 341 3365 3762 827 4658 4205 3583 7905 528 1941 1317
 2507 1823 1444 3794 1289 944 7917 3166 7490 915 582 4238 3132 1298 9985
 6080 2300 1640 511 1437 1263 4640 9600 1942 1965]
[542 6716 8327 2369 4065 2571 4007 1855 4583 317 301 6578 4423 7850 8020
 8444 6632 4369 319 1772 994 9013 3460 8107 4433 9110 3749 5559 4690 1545
 9883 2628 3490 456 2358 3503 3893 4300 6027 3269 2793 5577 443 3795 7471
 3951 5890 4761 4315 2508 2325 1023 6109 1751 2617 3879 3557 3062 7473 699
 9746 9754 1317 2659 671 9513 2989 7541 2573 5556 3494 2125 65 874 7492
 4828 7490 1298 9985 6923 2658 195 2794 6568 1356 1209 9666 2009 9677 4814
 2905 1198 1384 1440 7248 8160 6925 930 2387 2131]
[195 7826 1989 542 7521 619 6560 2794 1678 6568 8327 1356 9194 2369 1209
 2009 9677 4814 1759 1198 1384 1288 8160 930 6706 2131 959 4248 2969 898
 8061 8982 3329 3065 3811 2011 1855 9652 1694 7240 5735 7195 301 4423 7850
 1952 3344 515 4433 3749 2863 4690 1050 9035 3795 1494 2508 1344 5696 3436
 3557 6642 4356 3062 699 3762 827 9780 4658 2229 9857 264 1289 6788 9513
 2989 7541 5973 7474 96 8279 4852 8182 1159 171 582 7921 5054 6080 4201
 2658 1263 730 3441 9017 3262 4317 6756 6418 4893]
[3490 456 2358 3893 4300 6027 9892 3795 7471 3951 1494 5083 4315 2508 1344
 4356 7473 7870 9746 7905 1289 2214 4959 7035 266 1522 9781 8981 66 2333
 2520 2690 723 195 7826 3751 1989 3030 9655 542 149 6716 7521 619 6560
 7531 1785 1678 6035 8327 9194 2369 3989 9858 9666 2009 1384 1440 7248 930
 9700 9433 7454 2131 4065 92 1068 959 46 8061 6651 8982 3329 3065 1899
 3820 4007 1855 9652 7240 7195 3757 6578 4423 2414 2608 167 8020 1465 3344
 1772 994 9922 2635 515 3460 8107 2197 151 3749]
[9655 542 149 3598 6560 1785 1678 6035 6568 2369 9858 1209 9666 9677 2905
 1384 7248 930 6706 1128 9700 9433 7454 3381 2131 4065 92 1068 4248 46
 2969 898 8061 3288 7195 301 7850 8020 4755 1952 1465 9922 4433 3749 4743
 2513 4690 2770 2628 1357 257 2358 4300 1494 2325 8092 191 9907 3848 6872
 3681 2589 3762 4419 2430 827 4658 4921 7905 1941 2507 5973 4116 2214 5556
 1701 7035 4187 874 7333 9781 3702 2300 3280 9669 1437 8246 5525 245 1253
 4857 6558 2351 6390 6391 6643 7262 4230 2532 2783]
[1545 3078 3490 6027 3269 3795 1494 4451 1344 6109 2617 3879 3365 3762
 7451 4658 9856 9857 5457 1823 577 1289 9513 2989 4477 96 195 7826 3751
 1989 3030 9655 542 6716 3598 2794 7531 1785 1678 6568 8327 2369 2009 9677
 4814 2905 1759 1440 7248 6925 930 6706 1128 9700 2387 7454 2131 4301 92
 4248 1242 498 8982 661 1691 3329 3065 3288 1394 9764 2011 5824 4007 9652
 1694 7195 3757 301 4423 7850 4722 2414 2608 167 1583 8020 4755 8444 1465
 6632 319 994 9922 2635 8107 4433 9110 268 2863 2820]
[9738 268 2820 9904 3124 1050 2628 1357 456 3503 6027 159 443 3795 3951
 1494 4761 1023 7583 7249 1865 2699 3436 3879 3876 6642 4500 4356 3681
 2589 7473 4505 9746 4205 3583 1317 497 1289 2028 944 4116 346 7826 3751
 1989 3030 9655 542 149 619 6560 2794 7531 1785 1678 6568 8327 2369 3989
 9858 1209 4814 2905 9959 1198 1384 1440 8160 6925 1128 7454 3381 2131 92
 1232 1242 2969 8982 1394 9764 5824 4007 691 7195 301 6578 4423 7850 4722
 2414 2608 8020 2488 4369 319 9922 2635 515 8107 151]
