Fault List:
60
65
60
54
57
63
61
61
59
61
60
59
60
57
64
63
61
57
60
58
59
60
59
58
58
59
60
62
52
61
FDR List:
0.7058823529411765
0.7647058823529411
0.7058823529411765
0.6352941176470588
0.6705882352941176
0.7411764705882353
0.7176470588235294
0.7176470588235294
0.6941176470588235
0.7176470588235294
0.7058823529411765
0.6941176470588235
0.7058823529411765
0.6705882352941176
0.7529411764705882
0.7411764705882353
0.7176470588235294
0.6705882352941176
0.7058823529411765
0.6823529411764706
0.6941176470588235
0.7058823529411765
0.6941176470588235
0.6823529411764706
0.6823529411764706
0.6941176470588235
0.7058823529411765
0.7294117647058823
0.611764705882353
0.7176470588235294
Time List:
336.6916711330414
331.1406798362732
300.7994430065155
324.61627411842346
325.4937810897827
325.8391442298889
324.4569938182831
323.0188629627228
322.0239450931549
324.13745379447937
322.60448718070984
322.26907896995544
322.2227680683136
322.91625785827637
309.30811882019043
319.7613580226898
318.69144916534424
323.14693212509155
319.44289779663086
317.62051129341125
321.6303071975708
320.97881293296814
322.361692905426
324.67751598358154
323.860435962677
325.55179810523987
296.94151282310486
297.72949290275574
303.5403928756714
297.79168581962585
Subset List:
[195 7826 3751 1989 9655 542 149 6716 7521 3598 619 6560 2794 7531 1785
 1678 6035 8327 1356 9194 2369 3989 9858 1209 9666 2009 9677 1759 9959
 1198 1440 1288 7248 6925 930 1128 9700 9433 7454 3381 2131 4065 4301 92
 1068 959 1232 1242 2969 498 898 8061 6651 8982 661 3329 3065 3811 3288
 3820 5824 691 9652 1694 317 2705 3757 4423 4722 2414 2608 1583 8020 4755
 1952 8444 1465 3344 2488 6005 6632 4369 319 1772 994 9922 9013 2635 515
 3460 8107 2197 4433 151 3749 3723 4743 4634 9738 5559 2513 268 2863 8292
 4690 2748 1545 2820 4879 4454 9904 2770 9709 3078 1248 3124 1050 3490 257
 456 9456 2358 3893 4300 6027 9892 3269 2793 2957 9035 5577 159 443 3795
 6021 7471 3951 800 5890 1494 1581 5083 4761 4315 4451 2508 2325 8092 1023
 8170 8178 9629 7583 9879 1344 7249 1865 2834 6109 6997 5696 1751 8527 605
 2617 4159 5634 726 3436 3879 191 9907 2233 3557 3848 6642 1433 6872 4500
 943 4356 2038 341 3681 7491 3062 3405 7241 3365 7473 699 7870 7030 1007
 3762 4505 9606 741 1317 2659 497 264 2507 1823 577 1320 6608 1289 2037
 671 3476 2028 7541 2552 1117 2214 7474 96 3494 4959 874 7333 7492 3160
 478 1159 2348 266 9071 3166 6645 171 7490 915 4238 9781 3132 1981 3136
 1127 4504 3771 8981 9985 241 3702 62 6923 5054 2090 6080 3604 2204 3305
 8908 5631 3280 552 9669 7672 5586 7459 760 1072 8091 1640 2658 511 1437
 2333 8246 1308 781 1263 7842 2063 502 730 2690 9728 4640 2825 3151 723
 5887 9203 245 1942 3441 3176 6460 2760 1353 4753 4575 2093 7691 6725 4317
 2198 4165 6784 5851 3388 4368 4823 4699 6418 7162 4948 6558 1956 9103
 4807 6611 4018 3946 9044 7875 823 213 8948 2351 4000 6741 3115 6390 9654
 6737 6787 5943 1404 6391 6643 3468 9826 3205 7262 2750 7216 4990 629 4197
 2668 7724 4230 9211 104 9664 866 1874 787 9875 9831 2654 1364 9783 8426
 3448 2449 1718 5143 3429 1886 7597 6625 9937 9234 4577 950 6004 9252 1192
 4896 3742 2298 3599 2648 523 3818 5176 4031 1039 133 6312 8276 61 1096
 6654 7434 1965 4080 8408 2052 4053 5261 4231 2914 1045 2684 4721 2004
 5698 5969 9253 9596 3806 2758 9112 7210 8272 2393 9924 1124 1375 2650
 1732 1843 486 3202 4373 624 9891 9733 521 4452 3556 3984 2193 2433 712
 1208 4344 2739 1641 3672 165 1910 1660 1078 902 7558 4093 5011 4413 4987
 6796 2937 8885 3295 8637 5644 2339 1033 3046 3336 2201 1089 9743 9651 627
 4338 5678 4293 193 4702 3880 610 114 2058 3559 5912 1587 2771 9595 73
 9912 5288 1378 2515 9238 1609 4076 4808 4963 5814 4449 6571 6883 9450
 4015 1151 7259 6565 6617 6051 8324 5268 1185 9431]
[6418 6730 4284 2526 7262 2750 7216 4990 7043 629 7777 7504 2668 6747 4230
 1687 9211 2429 9664 787 998 9875 3691 7153 3966 6694 4868 8507 5204 1718
 3429 4225 3756 2121 6780 7597 9316 3571 2995 9937 4577 950 4896 3742 2298
 3599 7553 2404 2648 523 7349 3818 829 7338 5176 4031 6053 4966 6312 8276
 9740 184 1096 1965 1467 4053 1439 9045 2691 2914 3800 952 1637 7391 5105
 7679 4943 527 3139 432 5698 9552 9253 5720 3713 5639 3806 2758 9112 8272
 2393 530 1607 1375 2650 7487 486 3252 3202 4657 3549 4373 624 9891 5986
 1553 325 5209 521 3580 2960 1644 7720 1727 1157 1219 5647 1767 7779 1722
 9168 499 3263 9742 955 839 3093 6037 6940 324 1737 1026 4511 3984 2193
 6561 4548 3516 1664 2866 3577 7620 84 9767 3685 290 689 7498 3763 2289
 1903 4681 7235 5835 1775 7932 7440 4820 1319 1579 5522 3316 7117 3377
 7332 2665 6305 3456 9926 3672 791 1969 5752 2560 7673 1655 2185 9562 6570
 1328 7568 6739 902 1938 2598 5561 603 9832 4413 4114 6796 448 8885 9693
 2177 2246 3496 2201 358 9743 9651 8435 7756 193 1204 9182 445 2058 3748
 2516 3559 5726 1587 2771 1709 8453 5413 3665 2578 3404 1948 9238 4228
 6495 1609 2568 6834 4076 5814 2068 550 3949 1735 2514 6174 7259 6565 7268
 6051 5268 1185 3836 5997 2961 4541 7927 1730 8156 6692 125 2689 7918 8316
 6669 4487 6161 714 9634 4788 844 4207 9027 6817 1243 3725 227 8244 1256
 3739 9887 4692 9662 6376 2945 5135 1425 7283 1893 6650 1182 7687 922 3064
 9888 4439 7945 1468 367 3270 1191 2293 2400 2250 4287 22 4998 4552 7107
 6347 3644 8231 4545 2292 2815 9382 4748 8158 5841 7659 195 7826 3751 1989
 3030 9655 149 7521 3598 619 6560 2794 7531 1785 1678 6035 6568 8327 9194
 2369 3989 9858 1209 9666 2009 9677 4814 1759 9959 1198 1384 1440 1288
 7248 8160 6925 930 6706 1128 9700 2387 9433 7454 3381 2131 4065 4301 1232
 8061 6651 1691 3065 3811 1899 3820 9764 2011 691 9652 1694 4583 317 2705
 5735 3757 301 6578 7850 4722 2414 2608 167 1583 8020 4755 1952 8444 1465
 3344 2488 6632 4369 319 1772 994 9922 9013 2635 515 3460 8107 4433 9110
 151 3749 3723 4743 9738 5559 268 2863 8292 4690 2748 1545 2820 4879 4454
 9904 2770 9709 3078 1248 3124 9883 1050 2628 1357 3490 257 456 9456 2358
 3503 3893 4300 543 6027 9892 3269 2957 9035 5577 159 443 3795 6021 7471
 3951 800 5890 1494 5083 4761 4315 4451 2325 8092 1023 9629 7583 4146 9879
 1344 7249 1865 2699 2834 6109 5696 8527 2617 4159 726 3436 191 9907 2233
 3876 3848 6642 6872 4500 4356 2038 341 3681 3405 3365 2589 699 7870 4505
 3646 6686 4419 9780 9754 5457 1317 2659]
[195 3751 3030 9655 542 149 6716 7521 3598 619 6560 2794 7531 1785 1678
 6568 8327 1356 9194 2369 3989 9858 1209 9666 2009 9677 2905 1759 9959
 1198 1384 1288 7248 8160 6925 930 1128 9700 7454 3381 4065 4301 92 1232
 4248 46 1242 2969 498 898 8061 6651 8982 1691 3329 3065 3811 1899 3820
 1394 9764 2571 2011 5824 4007 1855 691 4583 317 7240 2705 5735 7195 3757
 301 4423 7850 4722 2608 167 1583 4755 1952 8444 3344 2488 6005 6632 4369
 319 1772 994 9013 2635 515 3460 2197 4433 9110 151 3749 3723 9738 5559
 2513 268 4690 2748 1545 2820 4879 4454 9904 2770 9709 3078 3124 9883 1050
 2628 3490 257 456 9456 2358 3503 4300 543 6027 9892 3269 2793 2957 9035
 5577 3795 6021 800 5890 1494 1581 4451 2508 8092 1023 8170 8178 9629 1344
 1865 6109 5696 1751 8527 605 5634 3436 191 2233 3557 3876 6642 1433 6872
 4500 943 341 7491 3062 3405 7241 3762 4505 6686 4419 2430 9746 9780 7451
 4658 4205 2229 5078 9754 3583 9606 9856 1941 5457 1317 497 9863 2507 3755
 1968 1444 6608 3794 1289 6788 671 926 2028 9513 4302 2989 7588 7541 4116
 2573 2901 2214 9535 5556 4477 346 7474 96 2125 8279 4852 6045 6867 1701
 4959 8182 4187 874 4438 2166 7333 3160 4828 1159 2348 266 9071 3884 2582
 3166 3962 6645 171 1267 4238 9781 2224 3136 7921 7542 1127 4504 3771 1298
 3167 8981 9985 241 3702 6923 5054 2090 3604 2300 8908 4201 5631 4888 5586
 7459 760 1072 8091 1640 511 1437 8246 1308 2520 7842 730 2690 4640 9079
 3151 723 3710 9203 245 6627 3511 9560 97 6418 7162 4948 1212 3573 1253
 6558 4807 4131 6611 4018 3946 823 2374 5183 2351 960 4738 2099 7577 243
 3115 6390 1091 9654 1464 4922 6737 2394 5943 1404 6391 1436 6643 9826
 4284 2305 6894 2750 7216 4990 629 7504 4197 7724 4230 9843 2532 2812 3629
 9664 7671 866 3364 1874 787 998 3691 2654 1364 9783 3966 6694 8426 4868
 8507 2449 1391 5143 3756 7597 3002 6625 8294 8095 9937 9234 5065 4577 950
 6004 1192 4896 3599 2404 2648 4121 6312 1096 1965 9045 2914 3800 7545 952
 1045 7391 5105 4943 4721 3139 2823 6905 6990 5969 9539 3713 9596 3806
 7210 2393 1124 3726 1375 2650 486 3252 6722 3202 6610 4657 3549 624 9891
 9733 325 5209 521 3580 1644 5468 7720 1727 804 1157 1219 3330 1767 1722
 3263 3534 955 3707 4521 6940 324 9554 4727 1737 8050 3146 1026 4511 3984
 8412 4548 3516 5360 1664 2180 84 9767 290 340 6564 7498 3763 2289 479
 4929 1839 1903 4681 1355 1208 7235 7683 7440 4967 5803 1319 4246 1579
 8115 567 7117 4825 3377 3122 2237 569 3456 1641 9926 4294 3672 1969 5752
 837 2185 6570 3785 4837 1910 1328 2320 477]
[195 7826 3751 1989 3030 9655 149 6716 7521 3598 619 6560 2794 7531 1785
 1678 6035 6568 8327 1356 9194 2369 3989 9858 1209 9666 2009 9677 4814
 2905 1759 9959 1198 1384 1440 1288 7248 8160 6925 930 6706 1128 9700 2387
 9433 7454 3381 2131 4065 4301 1068 959 1232 4248 46 1242 498 898 8061
 6651 8982 661 1691 3329 3065 3811 3288 1899 3820 1394 9764 2571 2011 5824
 4007 1855 691 9652 1694 4583 317 7240 2705 5735 7195 3757 301 6578 4423
 7850 4722 2414 2608 167 1583 4755 1952 8444 1465 3344 2488 6005 6632 4369
 1772 994 9922 9013 2635 8107 2197 4433 9110 151 3749 3723 4743 4634 5559
 2513 268 2863 8292 4690 2748 2820 4879 4454 9904 2770 9709 3078 1248 3124
 9883 1050 2628 3490 257 456 9456 2358 3503 3893 4300 543 9892 2793 2957
 9035 5577 443 6021 7471 3951 5890 1494 5083 4761 4315 4451 2325 8092 8170
 8178 7583 4146 9879 2699 2834 6109 6997 8527 2617 4159 5634 726 3436 3879
 191 9907 3876 3848 6642 1433 6872 943 4356 2038 341 7491 3062 7241 3365
 7473 699 7870 4505 78 4419 827 9746 9780 7451 4658 4427 5078 4921 9754
 3583 514 7905 9606 9856 528 1941 5457 741 2659 9863 2507 7736 2408 1823
 1968 1320 1444 6608 3794 1289 6788 2037 3476 926 2028 9513 4302 2989 7588
 7541 944 5973 2901 2214 5556 4477 346 582 4238 9781 1981 7921 1127 4504
 3771 1298 9985 241 66 3702 62 5054 6080 3305 2300 8908 4201 7423 3280
 9669 7672 7459 1072 8091 1640 511 1437 8246 1308 781 2520 6765 2063 502
 730 2690 9728 9079 3151 9600 723 5887 245 6627 1942 9777 3511 3829 4126
 6460 3578 1353 2109 4753 4145 1740 4575 2093 7691 3262 7426 9139 6784
 6756 5851 4368 4823 3133 6418 4948 4857 5923 6558 1956 4018 3946 9044
 2374 2902 960 2099 243 3204 6390 1091 6787 5943 6643 3468 4284 2305 6894
 2750 7216 7043 7504 2668 2925 7724 4230 104 4259 1874 998 9875 1973 3691
 9831 1364 1107 2556 6694 3448 5143 3429 1886 3905 4225 3756 3833 8095
 9937 9234 5065 4086 1192 2298 2648 2322 7349 3818 4031 133 4966 6312 184
 4498 61 1096 1965 1467 8408 5261 2691 2914 3800 952 1637 1896 5105 7679
 7394 4943 2684 527 3139 5698 8889 6990 5639 9596 3806 2758 7210 6886 9924
 3726 1375 1732 1843 7487 486 3252 6722 3202 6610 4657 3549 624 9891 5986
 3216 325 3580 2960 7720 6517 2419 5647 3330 7779 1722 499 3263 1325 955
 3707 3093 4521 6940 9554 4727 8050 1562 4511 3984 2193 8412 1782 3718
 6561 4548 5360 2433 2180 9731 1877 3577 7620 84 9767 2964 3685 290 340
 532 689 6564 7498 3763 435 4929 3871 7495 1839 1903 4681 6759 7235 795
 7932 4246 1579 5522 7117 1197 4825 2772 3377 218]
[195 3751 1989 3030 9655 542 149 619 6560 7531 6035 8327 9194 2369 3989
 9858 1209 9666 9677 4814 1759 1198 1384 1440 1288 7248 8160 6925 930 9700
 7454 3381 2131 4065 4301 92 1068 959 1232 4248 1242 2969 498 898 8061
 6651 8982 661 1691 3329 3065 3288 3820 9764 2571 2011 5824 4007 1855 691
 9652 1694 317 7240 5735 7195 3757 301 6578 4423 7850 4722 2414 2608 167
 1583 8020 4755 1952 8444 1465 3344 2488 6005 6632 4369 319 1772 994 9922
 9013 2635 515 8107 4433 9110 3723 4743 9738 5559 2513 268 4690 2748 1545
 2820 4879 4454 2770 9709 1248 9883 1050 2628 1357 3490 257 456 9456 2358
 3893 4300 543 9892 2957 9035 443 3795 7471 800 5890 1494 1581 5083 4315
 4451 2325 8092 1023 8170 8178 7583 9879 7249 2699 2834 6109 5696 1751
 8527 2617 5634 726 191 9907 2233 3557 3876 3848 6642 4500 943 4356 2038
 3681 3062 7241 3365 2589 699 1007 4505 6686 4419 827 9746 7451 4658 4205
 2229 5078 4921 9754 7905 9856 528 1941 5457 741 1317 497 9863 2507 2408
 1823 577 1968 1444 2037 3476 2028 9513 2989 7588 2552 1117 2214 9535 5556
 4477 346 3698 7474 3494 1228 4852 429 1701 4959 4187 874 2670 7333 7492
 3160 4828 1159 266 4745 1522 7917 9071 3884 171 1267 7490 4238 9781 3136
 7542 1127 4504 1298 3167 8981 66 3702 62 5054 3604 2204 3305 2300 4201
 4888 552 9669 7672 7459 760 1072 1640 2658 511 1437 781 2520 1263 7842
 502 730 3151 9600 3710 245 1942 9777 9560 3441 2760 3578 2109 4753 5955
 7691 6725 7426 4317 2198 3388 2636 4368 3519 3133 4699 97 1253 4857 6558
 9103 1476 6611 4018 3946 9044 4017 2374 213 4037 8948 2351 960 1961 243
 3115 4408 6390 1091 9654 7689 4922 2297 6787 3591 1404 6391 1436 6643
 3468 6730 8003 7262 2750 7216 4990 7043 629 7777 4197 2668 9747 3150 6747
 9427 2660 2925 7724 4230 9843 1687 9211 1502 2532 2429 3629 9664 4259 866
 3364 1874 787 998 9875 1973 3691 7153 1364 9783 1107 3966 2556 6694 8426
 3448 4868 2449 5204 5143 3429 1886 5118 3905 4225 3756 6780 7597 9316
 3571 6625 8294 8095 2995 9937 950 6004 9252 9741 4086 4896 3742 2298 3599
 2648 2322 523 1039 133 6053 4966 6446 184 1965 2052 4053 5261 9031 2080
 5769 2914 1045 527 4721 2004 8889 6990 9539 3713 9596 3806 2758 9924 3726
 1607 2650 7487 4657 3549 5986 1553 3216 325 5209 3580 2960 1644 804 1157
 9530 5611 7779 1722 9168 9742 3707 4521 6546 8050 1562 4511 7127 3984
 2193 8412 1782 7445 3718 3516 1664 2433 9731 3577 290 6564 2289 479 4929
 1839 6759 1208 4344 7235 1775 795 4967 5803 3316 1197 4825 8183 4313 6019
 7332 2665 4570 3988 4439 2611 8379 6580 3069]
[195 7826 3751 1989 3030 9655 542 149 3598 7531 6035 6568 2369 3989 9858
 9666 2009 9677 4814 1759 1198 1384 1440 1288 7248 8160 930 1128 9700 2387
 9433 2131 4065 4301 92 1068 959 46 1242 898 8061 8982 3329 3065 3288 3820
 1394 2571 5824 4007 9652 1694 317 7240 3757 301 6578 4423 2608 1583 8020
 4755 1952 8444 1465 2488 319 1772 9013 2635 8107 2197 4433 9110 151 3749
 3723 4743 4634 5559 2513 268 2863 8292 4690 2748 2820 4879 2770 9709 3078
 1248 3124 9883 1050 2628 1357 3490 257 456 9456 2358 3503 3893 4300 6027
 9892 3269 2793 2957 5577 443 3795 7471 800 5890 5083 4761 4315 2325 1023
 8170 8178 9629 7583 1344 7249 1865 2699 6109 6997 8527 605 2617 4159 726
 3436 191 9907 2233 3557 3876 3848 6642 1433 6872 4500 943 4356 2038 341
 3681 7491 3062 3405 3365 7473 699 7870 7030 3762 4505 6686 6645 915 4238
 7921 7542 1127 4504 3771 1298 3167 62 5054 2090 6080 3604 2204 3305 2300
 4201 7423 4888 8165 9669 7459 8091 1640 2658 511 1437 8246 1308 781 1263
 7842 6765 502 730 9728 4640 2825 3151 723 5887 5525 9203 245 9777 3511
 9560 3829 4126 6460 2760 3578 2109 3565 4145 6681 1740 4575 2093 4317
 9139 2198 4165 6784 5851 3133 4699 97 6418 1212 3573 1253 4857 5923 7876
 6558 1956 4807 4131 1476 6611 3946 9044 7875 4017 2374 213 4037 5183 8948
 2351 4408 1091 9654 4922 3591 5943 6643 3468 6730 2526 2305 6894 3205
 7262 7043 629 7777 4197 2668 7724 1687 9211 2429 787 998 3691 9831 2654
 1364 3966 2449 1718 3429 1886 3905 6780 3002 6625 8294 8095 6004 9741
 1192 3742 2404 523 7338 133 6053 6312 4498 7434 8408 2052 4053 5261 9045
 2914 7545 952 1637 5105 7679 2684 3139 2004 4124 3806 2758 8272 2393 1732
 1843 7487 3202 4373 5986 3216 6517 1157 1219 2419 499 1325 4521 1737 1562
 1024 1782 7445 3718 4548 5360 1877 2964 3685 7498 712 4929 3871 1839 5835
 3976 7932 4820 5803 1579 4825 8183 4313 6019 551 4570 2237 5547 1641 9926
 4294 1969 5752 7673 1655 2185 6570 3785 613 2598 5561 5011 4256 448 3295
 9693 8637 5644 2339 4265 1033 2930 4327 6721 9986 3046 3336 614 7622 9651
 8435 7764 5678 304 4293 9182 445 610 4893 6165 5269 4425 4374 5912 9023
 5726 2771 9912 5288 2515 7084 6664 4619 1609 421 9914 6975 3550 3708 6613
 3369 8353 550 6571 6592 9006 187 1810 3949 2514 751 9450 6174 4015 4997
 7259 9208 774 6617 7268 2209 4541 1326 3626 3153 6669 6535 5518 3302 2386
 4487 645 9634 4567 4154 5246 1243 2939 1882 7238 6603 7608 404 1469 4370
 1878 9954 1256 9656 9905 5985 2291 9834 2852 6791 2869 9346 2107 6065 553
 7081 9522 6599 4180 2472 8102 5285]
[2571 2011 5824 4007 1855 691 9652 4583 317 7240 2705 5735 7195 3757 301
 6578 4423 7850 4722 2414 2608 167 1583 4755 1952 1465 3344 2488 6632 4369
 319 1772 994 9922 9013 2635 3460 8107 4433 9110 151 3749 3723 4743 4634
 5559 2513 8292 4690 1545 2820 4879 9709 3078 3124 9883 2628 3490 456 9456
 3893 4300 543 6027 9892 3269 2793 2957 9035 5577 159 443 6021 800 5890
 1494 1581 5083 4761 2325 8092 8170 8178 9629 7583 4146 9879 1344 7249
 1865 2699 2834 6109 5696 8527 605 2617 4159 726 3436 3879 191 9907 3557
 3848 6642 1433 6872 4500 943 4356 2038 341 3681 3062 3405 7241 3365 2589
 7473 699 7870 7030 3762 4505 3646 78 6686 827 9780 4658 4205 4427 2229
 5078 9754 3583 514 7905 9606 9856 528 9857 1941 5457 741 497 9863 264 577
 3755 1968 1444 1289 3476 9513 4302 2989 7588 7541 944 2552 2901 9535 4477
 7474 2125 4852 6045 429 1701 65 4959 8182 7035 4187 874 2670 4438 7492
 478 4828 2348 4745 1522 9071 2582 1686 3166 3962 6645 171 1267 7490 915
 582 9781 3132 1981 3136 7921 1127 4504 3771 1298 3167 8981 9985 241 3702
 62 6923 2090 6080 3604 2300 4201 7423 5631 3280 4888 7672 5586 7459 760
 1640 2658 511 1437 2333 781 2520 1263 7842 6765 502 730 2690 9728 4640
 2825 9079 3151 9600 723 5887 5525 9203 245 6627 1942 9777 3511 9560 3829
 3441 9017 9847 4126 6460 2760 3578 1353 9726 2109 4753 3565 4145 6681
 1740 4575 2093 3262 6725 7426 4317 9139 2198 4165 6784 6756 5851 3388
 2636 6418 7162 7876 1956 4807 4131 1476 4018 2374 4037 2902 4000 4738
 1961 2099 6741 243 3204 6390 1091 9654 1464 2297 2394 6787 1404 6391 1436
 6643 3468 6730 9826 4284 2526 2305 7262 2750 7777 7504 4197 3150 6747
 2660 2925 7724 4230 9843 1687 9211 2532 104 2429 3629 9664 4259 7671 3364
 1874 787 998 9875 1973 3691 7153 9831 1364 9783 1107 2556 6694 4868 1391
 5143 3429 1886 5118 4225 3756 6780 7597 9316 3833 6625 8095 2995 9937
 9234 950 9741 1192 4896 3742 2298 3599 2404 2322 1781 4121 523 7349 829
 7338 1039 133 6053 6446 8276 184 9022 4498 61 1096 6654 1965 1467 4080
 8408 2052 4231 9045 5769 2691 3800 952 1045 7391 1896 5105 4943 2684 527
 3139 2823 432 8889 9552 9539 5720 5639 9596 4124 3806 2758 6886 8272 2393
 9924 1124 3726 2650 1732 1843 7487 486 3252 6722 4657 3549 4373 9986 195
 7826 1989 3030 9655 542 149 6716 7521 3598 619 6560 2794 7531 1785 1678
 6035 6568 8327 1356 9194 2369 3989 9858 1209 9666 9677 4814 2905 1759
 9959 1198 1384 1288 7248 8160 6925 930 6706 1128 9700 7454 3381 2131 4065
 4301 1068 959 46 498 898 8061 6651 1691 3329 3811]
[2052 7 2058 2063 4114 4116 6165 4126 2080 4131 2093 46 4145 2099 8246 61
 66 4165 78 2131 8279 4187 92 97 4197 104 8297 4205 4225 133 4230 8327
 4238 2197 2198 151 4248 159 4259 167 6312 2224 2229 2233 4284 193 195
 4293 4301 213 8405 8408 4327 243 8435 4344 2297 2298 8444 2300 4356 264
 268 4368 4369 6418 2322 2333 2339 4389 300 304 2358 4408 8507 6460 317
 319 2369 4419 324 325 4423 4427 4433 340 2393 4454 358 2430 2433 4496
 2449 4498 4500 4504 4505 6558 6560 2464 6564 6568 6570 6578 2488 8637 448
 456 6608 6611 478 6625 2532 4583 6632 498 6642 6643 2552 6651 511 514 515
 2571 523 528 4634 2589 542 6686 4640 6694 2598 552 2608 4657 6706 4658
 6716 577 6725 6730 2635 6737 6741 2648 4699 6747 4702 2659 2660 619 2668
 6765 2670 4722 627 629 6780 6784 2690 4738 6788 4743 6796 2705 4753 4755
 2708 661 671 691 2739 8885 699 2748 2760 8908 720 2770 6867 723 4820 4823
 6872 730 4828 741 2793 8948 2820 4868 2825 6923 6925 781 4879 787 8981
 8982 4888 4893 800 2863 9013 823 4921 827 829 9035 4943 4948 2901 9044
 2902 2905 4959 2914 874 2925 7030 2937 7035 7043 7044 902 2957 9103 915
 9110 2969 926 930 2989 943 944 9139 951 952 3002 5054 960 9168 3030 5078
 5086 9182 994 9194 3062 3065 7162 9211 3078 1033 9227 1039 9234 3093 5143
 1050 9252 3115 1068 1072 7216 3124 5176 3133 1089 1091 7240 7241 3146
 1107 5209 7262 3167 9316 1127 1128 3186 3204 3205 1159 1192 1197 1198
 1209 1212 3262 3269 1228 1229 3288 1242 7391 7394 1253 1263 9456 1267
 7423 7426 1288 1289 3336 3344 1298 7451 1308 3364 3365 1317 1319 1320
 9513 7471 7473 7474 3381 9535 9539 7495 1356 3405 5457 9560 1375 1384
 7531 3441 1394 7541 1404 9596 3460 9606 7558 3468 5525 1433 7577 1436
 1440 3490 1444 7588 3503 9651 9652 5556 9654 9655 5559 1465 3511 3519
 9664 9666 1476 9669 9677 1502 3556 3557 9709 3565 1522 7673 3578 5631
 3583 9733 1545 9738 7691 7689 9740 3598 3599 5644 9743 9746 9747 3604
 9754 7724 3629 1583 7736 3646 9792 7764 3681 9826 5735 1640 9831 3698
 9843 3702 1655 3707 3710 9854 9856 9858 9863 5769 3723 1678 1687 9883
 1694 7842 3749 3751 7850 3755 3756 3757 9904 3762 9907 1718 7870 1727
 5824 9922 7875 7876 3785 5835 1740 3794 3795 3800 5851 1759 7905 3811
 9959 1767 3818 3820 1772 1781 1782 1785 5890 3848 1823 3876 3884 3893
 1855 8003 1886 1899 1901 3951 1903 8050 6004 6005 1910 8061 3966 6021
 8071 6027 6035 1941 8091 8095 1952 4000 1956 6053 4007 8107 1965 1968
 4017 4018 8115 1969 1981 4031 1989 4037 4053 2009 8160 2028 8182 4086
 4093 6269]
[4121 4124 4126 2080 2090 2093 46 4145 4146 8246 61 4159 65 66 2125 8272
 2131 8276 4187 96 4197 8294 104 4201 8297 4225 2180 4230 2185 149 2197
 151 4248 2204 6305 4259 2214 167 171 2224 2229 2233 4284 195 4294 4302
 8183 8408 4313 8412 8426 241 2289 4344 8444 2300 257 2305 266 268 4369
 2322 2325 282 301 8507 317 319 4419 324 4423 8527 4433 340 341 4438 346
 2394 2404 4452 4454 2414 2419 6517 4498 6546 4500 4505 4511 6561 6568
 4521 6570 6578 435 2488 456 2508 6608 2513 2520 4575 479 6625 4577 2532
 486 4583 6632 497 498 6642 6643 499 2552 6651 2556 511 521 2571 2573 527
 528 2582 6681 4634 6686 543 4640 6694 552 2608 4657 567 2617 6722 582
 4681 6730 2635 4690 2648 2654 2660 2665 2668 6765 2670 624 4722 4727 4731
 6780 2691 4743 2699 2705 4753 4755 4761 671 689 691 2739 8908 4814 2770
 6867 723 726 730 4828 741 2793 760 2812 2820 4868 2823 2825 781 4879 2834
 787 791 4888 795 800 804 2862 2866 9013 4922 829 9022 4929 837 9031 9035
 6990 6997 866 4966 4967 874 2925 9071 4990 898 7043 7044 2957 915 9110
 9112 2969 926 930 2989 943 944 2995 950 951 955 5054 7117 5078 7127 5083
 998 7153 5105 9203 3062 1015 9211 1023 1024 1026 3078 9227 1039 9234 3093
 5143 1050 9252 1068 3117 7216 3122 3124 5176 3136 7235 7240 7241 3150
 7248 7249 1107 5209 1117 3167 9316 1124 1127 3176 3204 5261 1192 7338
 1198 3246 3252 3269 1228 1232 3280 3288 9433 1248 7394 3305 1263 9456
 3329 1289 3344 1298 7451 3364 3365 1317 9513 1325 7471 1328 7473 9535
 1344 7490 7491 7495 7498 1356 1357 3405 9553 1364 5468 7521 3429 1384
 3436 3441 1394 7542 3448 1404 9596 3460 5522 3476 5525 9629 1437 7583
 3490 7588 3494 5547 3503 9652 5556 3511 9655 1465 1467 3516 9664 9666
 7620 9669 5577 9677 3534 1494 3549 1502 3556 1522 3571 7672 7673 9726
 3583 9728 5631 5634 7679 9731 5639 1545 9738 9740 3598 3599 5647 9742
 9746 9747 3604 9754 1562 9764 9767 7720 1579 7724 1581 3629 9780 9781
 9783 7736 3646 5696 3681 7777 7779 1637 3685 5735 1640 9831 1641 9843
 3707 3710 9856 9857 3713 9863 3723 7826 9875 1686 9879 1687 9883 1694
 7842 9891 9892 3749 3751 7850 3755 3756 3757 5803 9904 3762 3763 1718
 3771 7870 1727 5824 1732 9926 1737 3785 9937 3794 3795 1751 3800 3806
 1759 3811 3820 1772 7917 1775 3829 1782 3833 7932 5887 9985 5890 3848
 1823 3871 3876 3884 3893 1855 5969 8020 5973 5986 1896 1901 1903 8050
 6004 6005 3962 8061 6021 6027 3984 3989 8091 8092 1952 6053 4007 1959
 8107 1965 1968 8115 1973 6080 1989 2009 2011 6109 4065 8165 2038 4086
 7055 3133 7199]
[3751 542 149 3598 619 2794 7531 1678 6035 6568 8327 1356 9194 2369 3989
 9666 4814 1759 9959 1384 7248 930 9700 2387 9433 7454 3381 4065 92 1068
 959 46 2969 898 8061 3065 3288 1899 1394 9764 2571 2011 5824 4007 1855
 9652 1694 4583 317 7240 2705 5735 7195 3757 4423 167 8020 2488 6005 6632
 4369 319 1772 9013 515 3460 4433 151 4634 9738 5559 2513 4690 2748 1545
 2820 2770 3078 9883 1050 2628 456 3503 3893 543 6027 3269 2793 9035 5577
 159 3795 7471 3951 5890 1494 1581 5083 4761 4315 4451 2325 8170 9629 7583
 9879 1344 7249 1865 2699 2834 6109 5696 1751 2617 4159 191 3557 3876 3848
 6642 1433 6872 4500 3681 7491 7241 3365 7870 1007 4505 78 6686 4419 2430
 827 9780 4205 2229 9754 3583 514 7905 9606 528 1941 5457 741 1317 497
 2408 577 3755 1968 1320 1444 1289 3476 926 2028 7541 5973 2573 2552 1117
 2214 9535 346 3494 2125 1228 8279 4852 6045 6867 429 1701 65 4959 8182
 7035 4187 874 2670 4438 2166 7333 7492 3186 3160 478 1159 2348 266 4745
 1522 7917 9071 3884 2582 1686 3166 6645 7490 915 2862 582 9781 3132 1981
 3136 7921 1127 4504 3771 1298 3167 8981 9985 66 3702 62 5054 2090 6080
 3604 2204 2300 8908 7423 5631 4888 552 8165 9669 7672 7459 760 1072 8091
 1640 2658 511 1437 2333 8246 1308 781 2520 1263 7842 6765 2063 502 730
 2690 9728 4640 9079 3151 9600 5887 9203 245 9560 3829 9017 4126 6460 2760
 3578 1353 2109 4753 3565 4145 6681 5955 1740 4575 2093 7426 4317 9139
 2198 6784 6756 3388 4368 4823 3133 6418 4948 1253 5923 6558 9103 4807
 4131 6611 4018 3946 9044 4017 823 213 2351 4000 2708 1961 2099 7577 6741
 243 3115 1091 4922 2297 6737 2394 6391 1436 6643 6730 9826 4284 2305 3205
 4990 9747 3150 6747 9427 2660 2925 7724 4230 1687 2532 3629 9664 7671
 3364 1874 998 9875 3691 2654 8426 3448 8507 2449 951 5204 1718 5143 3429
 5118 3905 4225 2121 7597 9316 3833 6625 8294 2995 9937 9234 950 6004 9252
 4086 4896 2404 2322 7349 3818 829 7338 5176 1039 6446 6312 9740 9022 4498
 7434 1965 8408 3800 282 1637 7679 4943 3139 5698 9552 9539 5639 9596 3806
 2758 6886 2393 9924 1375 3252 6722 3202 6610 9891 5986 325 5209 4452 7720
 1727 1157 1219 5611 1767 3263 115 9742 1325 3534 955 839 3707 6037 6940
 324 4731 1737 6546 1901 8050 1562 3146 1026 4511 1024 1782 7445 3718 6561
 4548 3516 5360 1664 2180 9731 7620 9767 2964 340 689 6564 7498 435 4929
 3871 1839 1903 4681 6759 4344 4820 1579 5522 7044 4825 2772 4313 551 9227
 3117 4294 1969 7673 6570 3785 1959 1078 902 1938 9792 9832 5086 6796 5173
 4455 9854 3496 7622 8435 5678 193 8299]
[195 7826 3751 1989 3030 9655 542 149 6716 7521 3598 6560 2794 7531 1785
 6035 6568 8327 1356 9194 9858 9666 9677 2905 1198 1384 1440 1288 8160
 6925 930 6706 1128 2387 9433 7454 3381 4065 4301 92 2705 7195 3757 301
 6578 4423 7850 4722 2414 2608 167 8020 4755 8444 1465 3344 6005 6632 4369
 319 1772 9922 9013 2635 515 3460 8107 4433 9110 3749 3723 4743 4634 9738
 2513 268 8292 4690 2748 1545 2820 4454 9904 2770 9709 3078 1248 3124 9883
 1050 1357 3490 257 456 9456 2358 3503 3893 4300 6027 3269 2957 9035 5577
 443 3795 6021 3951 800 5890 1494 1581 5083 4761 4315 4451 2508 2325 8092
 8170 8178 7583 4146 1344 1865 2699 2834 6109 6997 5696 1751 8527 2617 726
 3879 3062 3365 7473 7870 7030 78 4419 827 4658 2229 4921 3583 9856 528
 1941 741 1317 264 2507 7736 1823 3755 1968 3794 2028 9513 4302 944 4116
 2573 2214 5556 3494 8279 6867 429 7035 4187 4438 7333 3160 2348 266 4745
 1522 7917 3884 3962 6645 171 7490 2862 3132 1981 3136 7921 1127 3771 3167
 8981 9985 241 66 6923 5054 2090 2300 4201 3280 9669 5586 7459 760 1640
 2658 511 1437 8246 2520 7842 6765 730 2690 9728 2825 3151 723 3710 5887
 5525 9203 245 6627 9777 9560 3829 9017 3176 9847 4126 6460 1353 9726 6681
 1740 4575 7691 3262 6725 7426 4317 2198 4165 6784 6756 5851 2636 4368
 3133 97 6418 3573 5923 6558 4131 6611 213 8948 4000 6741 3115 6390 4922
 3591 1404 1436 9826 3205 7262 2750 7777 7504 4197 2668 3150 6747 2660
 2925 1687 9211 1502 2532 9664 4259 7671 866 3364 1874 787 998 1973 3691
 9831 2654 1364 1107 3966 2556 3448 4868 8507 951 5204 1718 1391 5143 4225
 3756 6780 7597 9316 3002 3833 6625 8294 9937 4577 950 6004 9252 9741 1192
 4896 3742 2298 7553 2404 2648 1781 7349 829 7338 5176 4031 133 6053 4966
 6312 8276 9740 184 4498 61 6654 7434 1965 1467 4080 2052 5261 9031 2080
 9045 2691 3800 7545 282 1637 1045 7391 1896 3139 6905 432 5698 6990 9552
 9539 5639 4124 2758 6886 8272 2393 1124 3726 1607 1732 3252 3549 4373 624
 804 1157 5647 1722 3534 4521 6037 4727 1737 6546 3146 5360 3685 5835 795
 4246 7117 1197 7332 551 9649 2237 3456 3672 1655 2185 1959 4837 1660 613
 1938 9832 4114 448 8885 2850 2263 4265 2930 9536 2201 7622 7186 300 7764
 1003 304 1204 5056 610 720 4893 6165 5269 4374 2771 8453 73 8416 9912
 1948 1092 1609 421 6975 3796 6613 3369 2286 8353 9814 7915 4076 6883 751
 6565 1052 227 2203 4735 3394 8322 3021 9745 5572 922 3064 4482 6392 6768
 2400 321 1926 3525 2720 5564 8231 1725 5134 8339 6598 8684 376 5841 999
 5250 1362 7478 2979 3600 1857 9713 1030]
[195 7826 3751 1989 3030 9655 542 149 6716 7521 3598 619 6560 2794 7531
 1785 1678 6035 6568 8327 1356 9194 2369 3989 9858 1209 9666 2009 9677
 4814 9959 1198 1384 1440 1288 7248 8160 6925 930 6706 1128 9700 2387 9433
 7454 3381 2131 4065 4301 92 1068 959 4248 46 1242 2969 498 898 8061 6651
 8982 661 1691 3329 3065 3811 3288 3820 1394 9764 2571 2011 5824 4007 1855
 691 9652 1694 4583 7240 2705 5735 7195 3757 301 6578 4423 7850 4722 2414
 2608 167 1583 8020 4755 1952 8444 1465 3344 2488 6632 4369 319 1772 994
 9922 9013 2635 515 8107 2197 4433 9110 151 3749 3723 4634 5559 2513 268
 2863 8292 2748 1545 2820 4454 9904 1248 3124 9883 1050 2628 1357 3490 257
 456 9456 2358 3503 3893 4300 543 6027 9892 3269 2793 2957 5577 443 7471
 3951 800 5890 1494 1581 5083 4761 4315 2508 2325 8092 1023 8170 8178 9629
 7583 4146 9879 1344 7249 1865 2699 2834 5696 1751 605 2617 4159 5634 726
 3436 191 9907 2233 3557 3876 1433 6872 4500 943 4356 2038 341 3681 7491
 3062 3405 3365 2589 699 7030 3762 78 6686 4419 9746 9780 7451 4658 2229
 5078 4921 3583 9606 9856 528 9857 926 2028 7588 7541 4116 2901 2214 9535
 5556 4477 346 7474 96 1228 8279 6045 1701 7035 4187 2670 4438 7333 7492
 3160 4828 2348 266 4745 7917 2582 1686 3166 3962 1267 7490 915 582 9781
 3132 1981 7921 1127 4504 1298 9985 241 5054 6080 3604 2300 4201 7423 4888
 8165 9669 7672 7459 1072 8091 1640 2658 511 1437 8246 1308 1263 7842 6765
 2063 502 730 2690 9728 9079 9600 3710 245 9560 3829 3441 9017 6460 2760
 9726 4753 1740 4575 2093 7691 3262 4317 2198 6756 4823 3133 97 6418 7162
 4948 3573 1253 7876 6558 9103 4807 4131 1476 6611 4018 3946 4017 213 8948
 2902 2351 960 1961 243 3115 4408 6390 1464 7689 4922 2297 1404 6391 1436
 6730 4284 3205 8003 7216 4990 629 4197 9747 3150 9427 2660 4230 9843 1502
 2532 104 4259 866 3364 1874 787 998 1973 3691 7153 2654 1107 3966 2556
 6694 4868 951 5204 1718 1391 5143 5118 3002 3571 8095 2995 5065 4577 950
 9741 4086 7553 2404 7349 3818 829 7338 4031 6053 4966 8276 184 9022 1096
 7434 1965 1467 4080 8408 2052 4053 5261 9031 2080 4231 2691 952 5105 4943
 2684 4721 3139 6905 2004 5698 5969 9552 9253 9539 5720 3713 9112 6886
 8272 1124 1607 1375 2650 1843 7487 486 6722 4657 3549 4373 624 9891 5986
 1553 9733 325 5209 521 1644 3556 7720 1026 5522 6165 3748 2129 5269 2516
 5608 4374 5912 8416 3475 6775 2783 3404 1948 1092 4228 4954 6495 5710
 3550 3708 3796 9626 3369 9814 9829 7915 4076 4808 4963 2068 5262 4686
 2342 5607 6571 2219 4740 6592 3251 8256]
[195 3751 1989 3030 9655 542 149 6716 7521 3598 619 6560 2794 7531 1785
 1678 6568 1356 9194 2369 3989 9858 1209 9666 2009 9677 4814 2905 1759
 9959 1198 1440 1288 7248 8160 6925 930 6706 1128 9700 2387 9433 7454 3381
 2131 4065 4301 92 1068 959 1232 4248 46 1242 2969 898 8061 6651 8982 661
 1691 3329 3065 3811 3288 3820 1394 9764 2571 2011 5824 4007 1855 691 1694
 4583 317 7240 2705 5735 7195 3757 301 6578 4423 7850 4722 2414 2608 167
 1583 8020 4755 1952 8444 1465 3344 2488 6005 6632 4369 319 1772 994 9013
 2635 515 3460 8107 2197 4433 9110 151 3749 3723 4634 9738 5559 2513 268
 2863 8292 4690 2748 1545 2820 4879 4454 2770 3078 1248 3124 1050 2628
 1357 257 456 9456 2358 3503 3893 543 6027 9892 3269 2793 2957 9035 5577
 159 443 3795 6021 7471 3951 800 5890 1494 1581 5083 4761 4315 4451 2508
 2325 9629 7583 4146 1344 2834 6109 6997 1751 605 2617 4159 5634 726 3436
 3879 191 9907 2233 3557 3876 3848 6642 6872 4500 4356 2038 3681 7491 3062
 3405 7241 3365 2589 7473 699 7870 7030 3762 4505 3646 78 6686 4419 2430
 827 9746 9780 7451 4658 4205 4427 2229 5078 4921 9754 3583 514 7905 9856
 528 1941 5457 741 1317 2659 497 9863 264 2507 7736 2408 1823 577 3755
 1968 1320 1444 6608 3794 1289 2037 671 926 2028 9513 7588 7541 944 5973
 4116 2573 1117 5556 346 3494 2125 1228 8279 4852 6867 1701 4959 8182 4187
 874 2670 4438 2166 7333 7492 478 1159 2348 266 4745 1522 7917 3962 6645
 171 1267 7490 915 2862 4238 9781 3132 1981 2224 3136 7921 1127 4504 1298
 3167 4823 3519 3133 4699 97 6418 7162 1212 3573 1253 4857 7876 6558 1956
 9103 1476 6611 4018 3946 9044 4017 823 213 8948 2902 2351 960 4000 2708
 1961 2099 7577 6741 243 3204 6390 1091 9654 1464 7689 4922 2297 6737 2394
 3591 1404 6391 1436 6643 6730 9826 4284 2526 3205 7216 4990 7043 629 7777
 7504 2668 9427 2660 2925 7724 4230 9211 1502 2532 104 2812 2429 3629 9664
 4259 7671 3364 1874 787 998 9875 7153 9831 1364 9783 1107 3966 2556 3448
 4868 951 1718 1391 5143 1886 5118 3756 2121 7597 3833 6625 8095 2995 9937
 4086 3742 3599 1781 523 7349 829 5176 4031 6053 4966 6446 6312 8276 9022
 4498 61 1965 1467 4053 9031 2080 4231 5769 2691 9553 952 7391 7679 7394
 4943 527 8889 5969 9253 5720 4124 3806 9112 7210 325 5611 8050 2193 1015
 6019 2665 9227 8297 4294 2560 9562 6570 872 4837 1910 1328 7558 5011 4256
 4987 1229 2850 9693 2263 8637 4265 1033 3496 1234 6721 9986 1274 3336 614
 7186 1089 9743 9651 627 8435 4338 5678 7756 2225 4293 1204 9182 5056 4702
 2464 114 720 2058 3748 8619]
[2052 4116 4126 2090 2093 46 4146 2099 8246 4159 66 4165 2121 2125 78 8279
 4187 92 96 97 8292 8294 104 4205 2166 4225 133 8327 4238 2193 149 4246
 151 4248 2198 2204 4259 2214 167 171 2224 2229 2233 191 195 4294 4300
 4301 4315 8426 241 245 6391 4344 8444 2300 257 4356 264 268 2320 4369
 2322 4368 6418 4373 2325 282 2333 4389 301 2358 317 319 4419 324 4433
 2387 340 341 4438 2394 4451 2404 4452 2414 2419 2429 2430 4477 4500 4504
 4505 4511 6560 6570 6578 2488 443 2507 2508 6608 2513 478 4575 6625 6627
 486 4583 6632 497 498 6643 499 6642 6651 2560 515 2571 2573 532 2582 6681
 2589 542 543 2598 2608 6706 2617 6716 2628 6725 4681 6730 2635 2636 2648
 2650 605 2654 2659 6759 2665 619 2668 6765 629 4731 6780 2684 6784 2690
 4738 4743 4745 2699 2705 4755 661 4761 689 2739 691 699 2750 2758 4807
 2760 8908 4814 6867 4820 2772 726 723 6872 4825 4823 4837 741 2794 4852
 760 4857 2812 4868 2823 6925 4879 2834 8981 8982 4888 6940 4896 800 2863
 9013 823 4922 827 9022 837 9035 9045 2901 2905 2914 9071 7035 898 7043
 2957 9110 9112 2969 926 2989 943 2995 950 951 952 955 959 960 9168 3030
 7127 5078 5083 994 998 9194 1007 7153 5105 3062 3065 7162 1023 3078 9227
 1039 5143 1050 7195 9253 7210 3115 1068 1072 3124 3132 3136 7240 7241
 7249 1107 5204 3160 5209 7262 3166 3167 9316 1128 3186 3202 3204 3205
 1159 7332 1192 1198 1209 3263 3269 3280 3288 9433 7391 1248 3305 1263
 9456 1267 7426 1288 7434 7440 3344 7451 1308 7454 7459 3365 1317 1320
 1325 7471 7474 3381 1344 7490 7491 1353 1355 1356 1357 3405 7504 9553
 5457 1364 7521 1384 7531 3436 1391 1394 7541 3448 9596 3456 3460 9606
 7568 3476 5525 1433 7577 9629 1437 7583 1440 3490 1444 7588 3503 9652
 5556 9655 5559 5561 1465 3519 9664 9666 1476 5586 1494 3549 1502 3556
 9700 9709 1522 7671 7672 3577 9726 3583 5631 5634 7683 3591 5639 1545
 9738 7689 9740 9742 3599 3598 9746 3604 9754 9764 9767 7724 1581 9777
 9780 9783 7736 3646 5696 1607 3672 7777 5735 1640 3691 1644 3698 9843
 9847 3707 3710 9857 3718 9863 5769 3723 1678 7826 1686 9879 1691 9883
 1694 7842 9891 9892 3749 1701 3751 7850 5803 3756 3757 9904 3762 3763
 9907 1718 1722 7870 1727 5824 9922 7875 9924 1732 7876 1740 9937 3795
 1751 3806 1759 7905 9959 3818 7917 1781 3829 5887 9985 5890 3848 3871
 1823 3876 3893 1855 3905 5955 1865 5969 1874 8020 1877 1886 1896 1903
 3951 8061 3966 6021 6027 6035 6037 3989 1941 8091 8092 1952 6053 4007
 1961 8106 8107 1965 1968 1981 4031 2004 2011 8160 4065 8165 8170 2028
 4080 2038 4960 4311]
[4315 4451 2325 1023 8178 9879 1344 7249 2834 6109 6997 1751 8527 605 4159
 726 3436 3879 9907 3876 1433 6872 3681 2589 7473 1007 3762 4505 3646 4419
 2430 827 9780 7451 4658 4205 2229 4921 9754 3583 514 7905 9606 5457 741
 1317 2659 497 9863 264 2507 1823 577 1968 1289 6788 2037 2028 9513 4302
 2989 7541 944 2573 2901 1117 2214 9535 5556 346 3494 1228 8279 4852 6867
 1701 4959 7035 4187 4438 7333 7492 3186 4828 1159 2348 266 1522 7917 1686
 3166 171 915 2862 582 9781 3132 3136 7921 7542 3771 1298 3167 8981 9985
 66 3702 5054 2090 6080 3305 2300 5631 3280 8165 9669 7672 5586 760 1072
 8091 2658 511 8246 1308 7842 6765 2063 730 9728 4640 3151 9600 723 3710
 5525 9203 245 6627 9777 9560 3829 3441 9017 3176 6460 9726 3565 4145 5955
 4575 2093 6725 7426 2198 6784 6756 5851 3519 4699 97 6418 7162 3573 4857
 5923 7876 6558 9103 4131 1476 6611 4018 3946 9044 7875 4017 823 4037 5183
 8948 2351 960 2708 4738 3115 6787 6391 6643 3468 6730 3205 8003 2750 7216
 4990 629 7777 4197 2668 9747 3150 6747 9427 4230 9843 2532 9664 4259 7671
 1874 1364 3966 3448 951 5204 5143 3905 4225 3756 2121 8095 2995 5065 950
 4086 2298 3599 7553 2322 1781 7349 829 5176 4031 9022 61 7434 1965 4080
 2052 4053 1439 4231 2914 1045 1896 5105 4943 2823 6905 5698 8889 6990
 5969 9253 3713 9596 8272 2393 9924 3726 1607 1732 1843 486 4657 3549 5986
 3216 3580 4452 1644 3556 7720 1727 6517 804 1157 1219 5611 7779 9168 3263
 839 3707 4521 6037 4727 4731 1026 4511 7127 3984 2193 4548 3516 9731 1015
 3685 340 532 7498 3763 712 4929 7495 1355 6759 7235 5835 4389 1775 3976
 4246 7117 1197 2772 8183 4313 3122 551 569 9926 1969 2560 6570 2598 603
 4413 6796 5173 8637 8405 7 9536 6721 9986 3046 614 9651 304 193 3235 114
 720 6165 5912 1709 7902 73 5413 9912 5288 2783 4228 4954 6495 3550 9626
 3369 2568 2535 4076 2068 5262 4449 187 2514 9450 4997 6915 1151 7259 6565
 6051 2961 4541 6692 2689 7918 667 9446 4487 645 4440 9538 8472 9691 1243
 3033 2939 5998 1469 1247 9011 2309 881 1256 3739 9656 2810 4096 9965 4556
 4735 4679 9834 5617 6769 9612 8102 538 4482 9136 4435 1931 244 2569 338
 1062 464 6924 1669 6538 1268 5070 9085 1532 653 5220 8477 6040 3190 195
 7826 3751 1989 9655 149 619 6560 6568 1356 2369 9858 7248 930 1128 7454
 3381 2131 661 3329 3065 3811 3288 1899 5824 4007 1855 4583 2705 7195 4423
 7850 4722 2414 2608 167 8444 2488 4369 1772 994 9922 9013 2635 3460 8107
 2197 4433 3749 4743 4634 5559 8292 2748 4454 9904 9709 3078 1050 2628
 1357 9456 2358 3503 6027 9892]
[195 7826 3751 1989 3030 9655 542 149 6716 7521 3598 619 6560 2794 7531
 1678 6035 6568 8327 1356 9194 2369 3989 9858 1209 9666 2009 9677 4814
 2905 1759 9959 1198 1384 1440 7248 8160 6925 930 6706 1128 9700 2387 9433
 7454 3381 2131 4301 92 1068 959 1232 4248 46 1242 2969 898 8061 6651 661
 1691 3329 3065 3811 3288 3820 1394 9764 2571 5824 1855 691 9652 1694 4583
 317 2705 5735 7195 3757 301 6578 4423 7850 2414 167 4755 8444 3344 2488
 319 1772 9013 2635 8107 2197 9110 151 3749 4743 9738 5559 268 2863 8292
 4690 2748 1545 2820 4879 4454 9709 3078 1248 3124 9883 1050 1357 3490 257
 456 9456 2358 3893 4300 543 6027 3269 2793 2957 9035 5577 159 443 6021
 7471 800 1494 5083 4761 4451 2508 8092 1023 8170 8178 9629 7583 4146 9879
 1344 7249 2834 6109 6997 5696 8527 2617 5634 726 3436 191 9907 2233 3557
 3848 6642 1433 6872 4500 943 341 3681 7491 3062 7241 2589 7473 699 7870
 7030 1007 3762 3646 78 6686 4419 827 9746 9780 4658 3583 9856 528 9857
 5457 741 1317 2659 497 9863 264 2507 577 1968 1320 1444 6608 1289 6788
 2037 671 3476 2028 9513 4302 7588 7541 944 5973 4116 2552 1117 9535 5556
 4477 346 3698 7474 96 3494 2125 8279 6045 6867 1701 65 4959 8182 7035 874
 2670 2166 7492 3186 3160 478 4828 1159 2348 4745 1522 7917 2582 1686 3166
 3962 6645 171 915 2862 582 4238 9781 3132 1981 2224 3136 1127 1298 3167
 8981 66 3702 62 6923 4317 9139 2198 6756 3388 2636 4368 4823 4699 97 5923
 7876 6558 9103 4807 4131 6611 3946 9044 7875 2374 4037 2902 2351 960 4000
 1961 7577 6741 243 3115 9654 6737 2394 6787 3591 5943 1404 6391 6643 9826
 4284 8003 7262 2750 7216 7043 7777 7504 2668 3150 9427 1687 2532 2429
 3629 4259 7671 3364 1874 787 3691 7153 9831 2654 1364 1107 2556 8426 4868
 2449 1391 5143 1886 4225 3756 6780 7597 9316 3002 6625 8294 5065 4577
 6004 9252 4086 1192 2404 2648 5176 6053 4966 6446 6312 8276 4498 6654
 1965 1467 8408 4053 5261 2080 4231 5769 2691 2914 282 952 1045 4943 2684
 3139 432 8889 6990 5969 9552 9253 5720 5639 9596 4124 9112 7210 8272 9924
 530 3252 624 9891 521 3580 2960 5468 1722 499 3534 4521 6940 9554 1737
 1024 2193 3516 5360 2433 2180 2866 1015 3577 7620 84 6564 7498 3763 4929
 1903 1355 6759 1775 7440 5803 7044 4825 2665 569 3456 1641 9926 4294 1969
 5752 837 9562 6570 1959 1328 9610 902 7558 9792 2598 9832 4987 1229 2339
 4265 2930 4327 9536 3336 614 2201 7622 7186 9743 7764 5678 2225 4293 193
 8071 1204 9182 445 4702 114 720 4893 2058 6165 2129 5269 2516 4425 3559
 900 9023 5726 1709 9595 1070]
[2058 2068 6165 4131 2090 2093 46 8246 4154 4156 62 65 4165 8268 2125 2131
 8276 84 8279 92 96 97 8292 4197 4201 4205 114 8316 125 133 4238 149 2198
 4248 159 4256 2214 167 2219 2233 195 4294 4301 213 8405 4313 4315 4316
 4317 8416 241 4338 245 2297 2300 257 4356 264 266 268 4368 2322 2325 4374
 8472 290 2342 2348 301 2358 4408 8507 319 2369 4419 2386 2387 340 341
 4438 4449 4451 4454 2408 6535 4487 4500 4504 4505 6560 6568 6571 429 6577
 6578 435 443 456 2507 2508 6608 2513 6610 6611 2516 6613 2514 2520 478
 4575 479 6627 2532 2535 6632 497 498 6642 6643 2552 511 2560 514 515 6661
 2573 528 2578 2582 6681 4634 2589 542 4640 6692 552 6706 4658 6716 577
 2628 6725 582 2635 2636 4690 6741 2648 4699 603 2654 2658 2659 6756 613
 610 619 2668 6765 2670 4722 6775 6780 2689 4738 4743 2699 2705 671 6817
 4788 699 2750 2758 2760 4808 8908 4814 2770 4820 726 6872 4828 6883 741
 4837 2793 751 4852 760 2812 6915 774 2823 2825 6923 6925 4879 2834 8981
 4888 6940 4893 800 4896 804 2862 2866 9017 827 4929 9027 9035 6997 2905
 4954 2930 9079 7035 4990 898 902 2957 2961 915 9110 926 930 943 9139 2995
 3002 959 960 5065 7117 3030 5083 994 9194 1007 7153 1015 9211 1024 1026
 9227 7186 5143 7195 1068 3117 1072 3122 3124 1078 3132 5183 3136 1091
 1096 7241 3146 7249 1107 7259 1117 7262 3167 9316 1124 1127 1128 1151
 3202 5268 3235 7333 1198 3246 1208 1209 1212 3262 3269 1228 1229 9427
 9433 1242 1243 3295 1248 9446 3305 5360 3316 1274 7423 3329 3330 1288
 1289 7434 3336 3344 1298 7451 1308 7454 3364 3365 1317 3381 3388 7487
 1344 9536 7492 1356 1357 9560 7521 1378 3429 7531 3436 1391 1394 7541
 9595 1404 9596 9606 3476 5525 9629 1437 7583 1439 1444 9649 9652 5556
 9655 5559 3511 5561 1467 3516 3519 9666 1476 9669 5577 9677 3534 1494
 9691 1502 3550 9700 3557 5611 9709 3565 1522 3573 7671 7672 3577 3578
 7673 3583 9731 9733 1545 7691 3599 5647 9746 9754 1581 5678 1583 9777
 1587 9781 7736 3646 5696 7756 9814 3672 3681 5735 1640 3698 9843 9847
 1655 1660 3708 3710 9856 9858 9863 3726 7826 9875 1686 9879 1691 9883
 1694 7842 9890 9892 3749 1701 3751 5803 1709 9904 9907 3763 5814 9912
 3771 7870 9922 9924 1732 9926 1737 3785 3795 3800 7905 9959 1767 3818
 3820 1772 7917 7921 3829 1782 1785 9985 1823 5923 3879 3884 1839 3893
 1855 5955 1874 8020 1877 5986 3946 1899 1901 3949 3951 8061 3976 6027
 3984 1938 6035 3989 1942 1941 1943 6045 4000 6053 8107 1968 4018 1973
 1981 4031 6080 1989 2009 2011 6109 8160 4065 8165 2028 8178 2038 8182 8
 1503]
[7826 3751 3030 9655 542 149 619 6560 2794 7531 1678 6035 6568 8327 1356
 9194 2369 3989 1209 9666 9677 4814 1198 1384 1440 1288 7248 8160 6925 930
 9700 7454 3381 2131 4065 92 1068 959 4248 46 1242 898 6651 8982 1691 3329
 3811 3288 1899 3820 2571 2011 5824 1694 2705 5735 7195 3757 301 6578 4423
 7850 4722 2414 2608 1583 8020 4755 1952 8444 3344 6005 6632 4369 319 994
 9922 2635 515 3460 8107 2197 9110 151 3749 3723 4634 9738 5559 2513 268
 2863 8292 2748 1545 2820 4454 9904 2770 9709 3078 1248 3124 9883 1050
 2628 1357 9456 3503 3893 543 6027 9892 3269 9035 1494 5083 4761 4315 4451
 2508 2325 1023 8178 9629 7249 1865 2834 6997 5696 8527 4159 726 3879 9907
 3557 3876 6642 6872 943 4356 341 3681 7491 3062 7241 3365 7473 699 7870
 7030 1007 3762 4505 3646 78 4419 2430 9746 7451 4658 4205 4921 9754 3583
 7905 9606 9856 528 9857 1941 741 1317 497 264 2507 7736 2408 577 3755
 1968 1320 1444 6608 3794 1289 671 3476 926 2028 2989 8279 429 1701 7035
 4828 2348 266 7917 9071 3884 6645 171 582 4238 1981 3136 7921 3167 8981
 5054 2204 7423 4888 9669 1072 8091 1437 2333 781 2520 1263 7842 6765 2063
 502 730 2690 4640 2825 9079 3151 9600 723 5887 5525 9203 245 6627 1942
 9777 9560 3829 9017 3176 9847 4126 6460 2760 1353 9726 2109 3565 4145
 5955 2093 7691 3262 9139 6756 2636 213 2902 2351 960 3115 1091 7689 6787
 3591 1436 6730 4990 7043 7777 4197 3150 2532 2812 1874 9831 8426 1886
 4225 3571 3833 6625 8095 950 4086 1192 4896 3599 2322 4121 523 3818 829
 7338 133 6053 4966 184 4498 1096 6654 7434 1965 5261 9031 2080 2914 3800
 7545 952 1637 1045 7391 2684 527 4721 3139 2823 6905 2004 9552 9253 9539
 5639 9596 4124 7210 8272 2393 9924 530 3726 1375 7487 6722 3202 4657 9891
 1553 325 5209 521 1644 3556 7720 6517 5647 1767 3263 9742 1325 3534 955
 839 4727 4731 8050 1024 7127 3984 2193 8412 1782 7445 3718 6561 3516 1664
 2433 3577 7620 84 3685 532 689 6564 7495 1903 1355 4344 7235 4389 795
 7932 7440 4967 5803 1319 567 7117 3377 3122 6019 551 3117 9926 4294 2560
 7673 1655 2185 872 1959 1660 6739 613 1078 7558 1938 9792 4093 4413 6796
 448 8885 2850 2263 8637 4455 4265 1033 9854 2930 6721 222 3336 1089 9651
 8435 2920 7756 1204 720 2129 6577 4374 900 8416 5413 2783 2578 2515 6664
 4619 1609 9914 6613 2286 9829 4076 5814 2068 4449 9006 4015 5957 9214
 6617 7268 2209 5268 4541 1943 3626 667 6669 3302 2144 1149 9817 5246 2939
 1415 6813 6603 4400 9954 881 8244 5046 2810 4556 4679 3324 6599 7922 7283
 9173 2472 303 3898 9073 4415 4964 6026]
[195 1989 149 6716 7521 619 6560 2794 1678 6035 6568 8327 1356 9194 2369
 3989 9858 1209 2009 4814 1759 1440 1288 6925 930 6706 1128 9700 2387 9433
 7454 3381 4301 92 1068 1232 4248 46 1242 498 898 8061 8982 661 3065 3288
 3820 9764 2571 2011 5824 4007 1855 691 9652 1694 4583 317 5735 7195 3757
 301 4423 7850 4722 2414 2608 8020 4755 1952 8444 1465 2488 6005 6632 4369
 319 1772 9013 2635 515 3460 2197 4433 151 3749 4634 5559 2513 268 8292
 4690 2748 1545 2820 4454 9904 2770 9709 3078 1248 3124 1050 2628 3490 257
 456 2358 3503 3893 4300 543 6027 9892 2793 2957 9035 159 443 3795 7471
 3951 800 5890 1494 5083 4315 4451 2508 2325 8092 8170 8178 9629 7583 4146
 9879 1344 7249 2834 6109 6997 1751 8527 605 2617 4159 5634 726 3436 3879
 191 9907 2233 3557 3876 3848 1433 6872 4500 943 4356 2038 341 3681 7491
 3062 7241 3365 699 7030 4505 3646 6686 4419 9746 7451 4658 4205 4427 2229
 5078 4921 3583 514 9606 9856 741 1317 9863 264 2507 1823 3755 3794 671
 2028 9513 2989 7588 944 4116 2573 2552 2901 2214 5556 4477 3698 96 3494
 2125 1228 8279 4852 6867 429 1701 65 4959 8182 7035 4187 874 7333 3186
 3160 478 1159 2348 266 7917 9071 3884 1686 3962 6645 171 1267 7490 915
 2862 4238 9781 3132 7542 1127 3771 1298 3167 241 3702 62 6080 3604 2300
 8908 4201 7423 3280 8165 7672 7459 760 8091 511 1437 781 2520 1263 7842
 6765 2063 502 2825 9079 9600 3710 5525 9203 6627 3511 3441 9017 4126 6460
 2760 3578 4753 3565 6681 1740 3262 4317 9139 2198 6784 5851 3388 2636
 4823 3133 4948 3573 1253 5923 7876 6558 9103 4807 1476 6611 4018 3946
 9044 213 4037 8948 2351 960 2708 1961 2099 7577 6741 243 6390 9654 1464
 7689 4922 2297 6737 2394 3591 5943 6391 9826 4284 2526 2305 7262 2750
 4990 7043 629 7777 2668 9747 9427 7724 4230 9843 1687 9211 2532 104 2812
 9664 4259 7671 3364 998 1973 3691 7153 9831 2654 3966 2556 6694 8426 3448
 8507 2449 5204 5143 5118 4225 6625 8095 9234 5065 6004 4896 2298 2404
 1781 4121 7349 3818 829 4031 6053 4966 4498 5261 2080 4231 2691 2914 7394
 4943 2823 6905 5698 6990 5969 3713 5639 9596 2758 9112 7210 8272 2393
 1124 1607 1375 1843 3252 6722 4373 3580 2960 5468 2419 3330 9168 3263
 9742 1325 955 839 4521 6037 6940 4727 1737 1901 8050 4548 3516 1664 2433
 2180 9731 1877 2964 3685 290 340 435 2289 4929 3871 1355 6759 1208 4344
 5835 4820 4246 5522 3316 7044 8106 4313 551 3117 3456 3672 2560 2185 6570
 4837 1328 1078 7558 2598 4093 4413 8885 3295 2339 6721 222 7186 627 8435
 1003 7756 6174 1256 538 1327 7309 2005 1388 7447]
[6161 4114 6165 6174 4131 2090 2093 4146 4156 2109 62 61 8268 2129 2131
 8279 92 96 8292 8294 4201 4205 4207 114 2166 2177 133 8327 4238 149 151
 4248 2204 159 4259 2214 167 6312 171 2224 2225 2229 2233 2237 191 195
 4300 4302 8408 4317 222 2286 241 243 245 6391 8444 2300 257 264 266 268
 4369 6418 2322 8472 2333 301 2358 6460 317 4413 319 2369 4419 325 4423
 4427 8527 4433 2387 341 4438 2393 2394 4451 2404 4454 2408 2413 4477 2430
 2433 6535 4487 4500 2454 4504 4505 6558 6560 6564 6565 6568 6570 429 432
 6578 435 443 448 456 2507 2508 6603 6608 2513 478 4583 6632 497 6642 6643
 499 6645 502 6654 511 514 515 521 2573 2589 6686 543 4640 542 6694 552
 4658 569 6716 577 2628 6725 6730 6739 6741 2650 6747 605 2659 2660 2668
 624 629 6780 6784 4738 2691 6788 4745 2699 4753 4755 2708 661 4761 689
 691 2750 2758 4807 8908 2770 726 4828 741 2793 2794 751 4852 760 6905
 6914 6915 2820 6923 781 787 8981 6940 800 9013 4921 829 9022 4929 9027
 837 9035 6990 4943 4948 2901 9045 4967 2920 874 9071 4990 2957 915 9110
 2969 926 930 2989 943 2995 950 5054 959 3030 5078 5083 3046 9194 9203
 3062 3065 7162 5118 1023 1024 3078 9234 7195 9253 1068 1072 7216 3122
 1078 3132 3136 1089 1091 7240 7241 3150 7248 7249 1107 3160 3166 3167
 9316 1124 7268 1127 1128 3176 1151 3205 1159 5261 5288 1198 1204 7349
 1209 3262 1219 1232 3280 1234 1242 1243 7391 7394 9450 1263 9456 1267
 3329 1288 7434 3344 1298 7454 7459 3364 3365 1317 1320 9513 1325 1328
 7473 7474 3381 9530 3388 9535 1344 7490 7491 9539 1353 3404 1357 1356
 7504 9554 7521 7531 3436 3441 1394 7542 3456 7553 3460 3475 3476 5525
 7583 3490 1444 7597 3503 9649 9652 5556 9654 9655 5559 1464 1467 9666
 9669 5577 9677 1494 3549 1502 9700 3557 3556 5608 5611 3565 7672 3577
 9726 3583 9728 5631 9731 7683 1545 7691 5644 3598 3599 9742 1553 9746
 3604 1562 7720 1581 9781 9783 9792 1609 3672 7777 9826 3685 9831 1640
 9832 3698 9843 3702 3707 9858 9863 1678 7826 9875 1687 1691 9883 3742
 7842 9892 3749 1701 3751 3755 3757 3762 9907 3763 1722 9914 7870 5824
 9922 7876 9924 9926 1737 1740 9937 3794 3795 1751 3800 5851 3806 7902
 7905 3811 1767 9959 3818 7915 1772 7917 7921 1781 1782 7927 1785 3836
 5887 9985 5890 9986 3848 3876 3879 3884 1839 3893 1855 5955 1865 5973
 1899 8050 6004 6005 8061 6019 6021 6027 6035 1941 3989 1943 8091 1956
 4007 8107 1965 1968 4018 8115 1981 6080 1989 2004 2009 2011 8156 6109
 8160 4065 8165 2028 4076 4080 8178 8183 8345 6489 329 8665 3468 3824 145
 7633 6544 6994 9113]
[195 7826 3751 1989 3030 9655 542 149 6716 7521 3598 6560 2794 7531 1785
 1678 6035 6568 8327 1356 9194 2369 3989 9858 1209 9666 2009 9677 4814
 2905 1759 9959 1198 1384 1440 1288 7248 8160 6925 930 6706 1128 9700 2387
 9433 7454 3381 2131 4301 1068 959 1232 1242 2969 498 898 8061 6651 8982
 1691 3065 3811 3288 1899 3820 9764 2571 2011 4007 1855 691 9652 4583 317
 7240 2705 5735 7195 301 4423 7850 4722 2414 2608 1583 8020 4755 1952 8444
 1465 3344 2488 6005 6632 4369 1772 994 9922 9013 2635 515 3460 2197 4433
 9110 151 3723 4743 9738 5559 2513 268 2863 8292 4690 2748 1545 2820 4879
 4454 9904 2770 3078 1248 3124 1050 2628 1357 3490 257 9456 2358 3503 3893
 543 6027 9892 2793 2957 9035 5577 443 6021 3951 800 5890 1494 1581 4761
 4315 4451 2508 2325 8092 1023 8178 9629 7583 4146 1344 1865 2699 2834
 6109 6997 5696 1751 8527 605 4159 5634 726 3436 191 9907 2233 3557 3876
 6642 1433 6872 4500 943 4356 2038 341 3681 3062 3405 7241 3365 2589 699
 7870 7030 1007 3646 78 6686 4419 827 9746 9780 7451 4658 4205 2229 5078
 4921 9754 3583 514 7905 9606 9856 1941 5457 1317 2659 497 9863 7736 2408
 1823 577 3755 1968 6608 2037 671 3476 9513 7541 944 5973 3698 7474 96
 2125 6045 65 4187 4438 2166 7333 7492 3186 3160 478 1159 4745 1522 7917
 3884 2582 3166 3962 171 1267 7490 915 2862 582 4238 9781 3132 1981 2224
 3136 7921 7542 4504 3771 1298 3167 8981 9985 66 3702 62 6923 6080 3604
 2204 3305 2300 8908 4201 7423 3280 4888 552 8165 9669 7672 5586 7459 760
 1072 8091 1640 2658 511 1437 2333 8246 2520 1263 7842 6765 2063 730 2690
 9728 4640 9079 9600 723 5887 5525 9203 245 1942 9777 3511 9560 3829 3441
 9017 3176 6460 2760 3578 1353 9726 2109 4753 4145 6681 5955 4575 2093
 3262 7426 4317 9139 2198 4165 6784 6756 5851 3388 2636 4368 4823 3133
 4699 97 6418 7162 4948 3573 1253 4857 5923 6558 4807 1476 6611 4018 3946
 9044 4017 823 2374 213 5183 8948 2351 960 4000 2708 4738 2099 7577 6741
 243 3115 3204 4408 6390 1091 9654 4922 2297 6737 2394 6787 3591 5943 6391
 3468 6730 9826 4284 2305 3205 8003 2750 7216 4990 7043 629 7504 2668 9747
 3150 9427 2660 2925 7724 4230 9843 1687 9211 1502 2532 104 2429 9664 4259
 7671 3364 1874 787 998 9875 1973 3691 7153 9831 2654 1364 1107 2556 6694
 8426 3448 4868 8507 951 1718 1391 3429 3905 4225 3756 2121 6780 7597 9316
 3002 3571 3833 6625 8294 8095 2995 9937 9234 5065 4577 950 6004 9252 4086
 1192 4896 3742 2298 3599 7553 2404 2648 2322 1781 523 3818 829 7338 5176
 1039 6053 4966 6446 6312 8276 9740 9022 8425]
[195 7826 3751 1989 3030 9655 542 149 6716 7521 3598 619 6560 2794 7531
 1785 1678 6035 6568 8327 1356 9194 2369 9858 1209 9666 2009 9677 4814
 2905 1759 9959 1198 1384 1440 1288 7248 8160 6925 930 6706 1128 2387 9433
 7454 3381 2131 4065 4301 92 1068 959 1232 4248 1242 2969 498 898 8061
 8982 3329 3065 3811 1899 3820 1394 2571 5824 4007 1855 691 9652 1694 4583
 2705 5735 3757 301 4423 2608 8020 1952 8444 1465 3344 2488 6005 6632 4369
 1772 994 9922 9013 515 3460 8107 2197 4433 9110 151 3749 3723 4743 4634
 5559 2513 268 2863 8292 4690 1545 4879 9904 2770 9709 1248 3124 9883 1050
 2628 1357 3490 257 456 9456 2358 3503 3893 4300 6027 9892 2957 5577 159
 443 3795 6021 7471 5890 1494 1581 5083 4451 2508 2325 8092 1023 8170 9629
 7583 4146 9879 1344 7249 1865 2699 6109 6997 5696 8527 605 4159 3436 9907
 3557 3876 3848 6642 1433 4500 341 3681 7491 3062 3405 7241 3365 2589 7473
 699 3762 4505 3646 4419 2430 827 9746 9780 7451 4205 4427 2229 5078 4921
 9754 514 9606 9857 1941 741 1317 497 9863 264 2507 7736 1823 1968 1444
 6608 1289 2037 3476 926 2028 9513 7588 944 2573 2901 1117 2214 9535 5556
 96 3494 8279 4852 6867 429 1701 4959 8182 4187 2670 4438 2166 7492 478
 4828 2348 266 4745 7917 2582 1686 3166 171 7490 2862 582 3132 1981 7921
 7542 1298 3167 9985 6923 2090 6080 2300 7423 8165 7672 5586 1640 1437
 2333 1308 2520 1263 7842 2063 502 730 2690 9728 2825 9079 3151 9600 5887
 5525 245 6627 9777 3511 3441 9017 9847 6460 2760 1353 9726 4145 6681 5955
 6725 7426 4165 6784 6756 5851 3388 4368 4823 4699 4948 3573 5923 7876
 6558 1476 6611 4018 7875 2374 2902 2351 960 2099 7577 6741 243 1091 1464
 6737 2394 5943 1404 6643 6730 4284 8003 4990 7043 629 7504 3150 2925 7724
 1502 2532 104 3629 9664 4259 3364 998 1973 3691 1364 3966 6694 8426 951
 1718 1886 3905 2121 6780 8095 9234 5065 6004 4896 3742 2298 7553 2648
 2322 1781 4121 7338 4031 4966 6312 6654 8408 4053 2080 9045 5769 2914
 1045 7394 4943 3139 2823 2004 5969 9552 5720 9596 4124 8272 2393 1607
 1732 3202 6610 9891 5986 3216 5209 2960 3556 5647 1767 1722 499 9742 4731
 6546 1562 1026 4511 7127 2193 1782 3718 5360 1877 2964 532 3763 712 479
 4929 3871 1355 7235 7683 7932 4820 1319 3316 7044 3377 8106 3122 6019
 7332 2665 6305 2739 551 9649 2237 5547 3117 3456 4294 791 837 2185 9562
 6570 1959 7568 1660 6739 7558 9792 5011 9832 5086 6796 2937 448 1229 9693
 2263 8637 8405 4455 4496 2339 7 2930 2177 1234 6721 222 3046 1274 3336
 614 2201 358 7186 9743 9651 8435 2920 300 4338 1003 9849]
[195 7826 3751 1989 3030 9655 542 149 6716 7521 619 6560 2794 7531 1785
 1678 6035 6568 8327 1356 9194 2369 3989 9858 1209 9666 2009 9677 4814
 2905 1759 1384 1440 1288 7248 8160 1128 9700 2131 4065 4301 92 1068 1232
 4248 46 898 8061 1691 3065 3811 3288 3820 1394 2571 5824 4007 1694 4583
 7195 3757 6578 4423 7850 2414 4755 1952 8444 6632 4369 319 1772 9922 9013
 8107 4433 9110 151 3723 4743 9738 2513 268 2863 8292 4690 2748 1545 2820
 4879 4454 9904 2770 9709 3078 1248 3124 9883 2628 1357 3490 257 456 9456
 2358 3503 3893 4300 543 6027 9892 3269 2793 2957 9035 5577 159 443 3795
 6021 5890 1581 5083 4451 2508 2325 8092 8170 8178 9629 7583 4146 9879
 1344 7249 1865 2699 2834 6109 605 2617 4159 5634 726 3436 3879 191 2233
 3876 3848 6642 6872 4500 943 4356 2038 341 3681 7491 3062 3405 7241 3365
 2589 7473 7870 7030 1007 3762 4505 3646 78 6686 4419 827 9746 9780 4658
 4205 4427 2229 4921 9754 3583 7905 9606 9857 1941 741 264 2507 7736 2408
 1823 3755 1968 1320 1444 1289 6788 671 3476 2028 1522 9071 3166 3962 6645
 915 2862 582 3132 1981 3136 7921 1127 4504 3771 1298 3702 62 6923 5054
 2090 6080 2204 2300 4201 3280 4888 552 9669 7459 760 8091 2658 2333 8246
 2520 1263 6765 2063 730 9728 3151 9600 723 3710 5525 9203 6627 3511 3441
 9847 3578 2109 4145 6681 1740 4575 2093 7691 3262 7426 4317 9139 2198
 4165 6784 6756 5851 2636 4368 3519 3133 4699 97 6418 7162 1212 3573 1253
 5923 6558 9103 4131 1476 6611 9044 7875 2374 213 5183 2902 2351 2708 4738
 6741 243 3115 1091 9654 7689 6737 2394 6787 6643 3468 6730 4284 2526 8003
 2750 7043 7504 2668 6747 9427 2660 2925 4230 9211 2812 9664 1874 787 998
 9875 1973 7153 9831 2654 1364 1107 3966 2556 3448 8507 5204 1718 5143
 1886 2121 6780 9316 6625 8294 5065 4577 6004 4086 4896 2648 2322 4121
 7349 5176 1039 133 6053 4966 6312 1467 2691 3800 282 952 7391 1896 7394
 2684 527 3139 6990 9253 9539 9596 2758 9924 1124 1607 3202 9891 5986 9733
 325 5209 804 9530 5611 7779 3263 3093 6037 324 3146 4511 7127 2193 6561
 3516 2433 2866 9731 1015 340 4929 4967 567 7117 1197 8183 4313 3122 6305
 9227 9649 5547 3456 9926 5752 2560 7673 6570 872 1910 1660 9610 2598 4987
 5086 2937 5173 8469 2339 1033 9854 1234 6721 6698 7622 1003 2225 1204
 5056 4702 610 114 3748 6577 4425 2413 1709 7902 9595 8416 3475 9912 2783
 9890 1948 6664 4619 1609 9914 5710 3796 4076 4449 6571 187 3949 9450 4997
 6565 6617 2209 5268 1185 5997 8156 6692 6535 9446 5518 9394 4487 2457 714
 9634 1478 9027 1243 3033 1882 7996 175 7608 404 2337]
[195 7826 3751 3030 9655 542 149 7521 619 6560 2794 7531 6035 9194 2369
 3989 9858 1209 9666 2009 9677 4814 1198 1384 1440 1288 7248 8160 6925 930
 1128 9700 2387 9433 7454 3381 2131 4065 4301 92 1068 959 1232 4248 46
 1242 2969 498 898 6651 8982 1691 3329 3065 3811 1899 3820 1394 9764 2571
 5824 1855 691 9652 1694 4583 317 7240 2705 5735 3757 301 4423 7850 2414
 167 1583 8020 4755 1952 8444 1465 3344 2488 6005 6632 4369 319 1772 994
 9922 9013 2635 515 8107 2197 4433 9110 151 3749 3723 4634 9738 5559 2513
 268 8292 4690 2748 1545 2820 9904 2770 9709 3078 9883 2628 1357 257 456
 9456 2358 4300 543 6027 3269 2793 2957 9035 5577 159 443 3795 6021 7471
 3951 5890 1494 1581 5083 4761 4315 4451 2508 2325 8092 1023 9629 7583
 4146 9879 1344 7249 1865 2699 2834 6997 5696 8527 2617 5634 3436 9907
 2233 3557 6642 1433 6872 4500 943 2038 341 3681 7491 3062 3405 7241 3365
 2589 699 7870 1007 3762 3646 78 6686 4419 2430 827 9746 7451 4658 4205
 4427 5078 9754 514 7905 9606 9856 528 9857 5457 741 1317 2659 497 264
 2507 7736 2408 1823 3755 1968 1320 6608 3794 1289 6788 2037 671 3476 926
 2028 781 2520 1263 7842 6765 9728 3710 9203 1942 9847 2760 9726 6681 1740
 4575 6725 7426 4317 4165 5851 4368 3519 97 6418 3573 1253 4857 5923 6558
 9103 4131 4018 3946 9044 7875 213 5183 8948 2351 4738 7577 6741 243 3115
 3204 4408 2394 6787 3468 9826 4284 2305 6894 3205 8003 7262 4990 629 2660
 9211 1502 2532 2429 4259 3364 998 1973 7153 9831 2654 1364 9783 1107 2556
 8426 3448 8507 5204 3429 3756 6780 3002 3833 9937 4577 6004 9741 4086
 1192 4896 3742 2298 3599 2404 2648 4121 3818 1039 6053 4966 6446 6312
 8276 9740 4498 61 1096 1467 2052 5261 9031 4231 9045 5769 2914 952 7391
 1896 5105 7394 4943 527 4721 3139 2823 6905 2004 8889 6990 5969 9539 3713
 9596 3806 2758 9112 2393 9924 530 3726 1375 1732 1843 3252 3202 6610 3549
 9891 5986 3216 325 5209 3556 7720 1727 6517 1157 5611 7779 1722 9168 3263
 115 9742 1325 3534 955 839 3093 4521 6037 4727 4731 1737 6546 1901 3146
 1026 6661 3984 2193 8412 7445 6561 4548 1664 2433 2866 9731 3577 7620
 2964 290 6564 7498 3763 479 4929 1839 1355 1208 4389 1775 7932 7440 5803
 1579 8115 3316 7117 7044 4825 8106 4313 3122 6019 7332 6305 551 9227 8297
 9649 2237 3456 9926 5752 2560 1655 837 9562 1959 165 1328 2320 613 902
 1938 9792 2598 4093 5011 603 4256 4413 4987 4114 5086 2937 448 8885 1229
 3295 9693 2263 8637 8405 4496 5644 2339 4265 7 1033 9854 2930 4327 1234
 6721 222 3046 1274 3336 2201 358 7622 7186 6903]
[195 3751 3030 9655 542 149 6716 7521 3598 619 6560 2794 1785 1678 6568
 8327 1356 9194 2369 9858 1209 9666 2009 9677 4814 2905 1759 1384 1440
 1288 7248 8160 6925 930 6706 1128 9700 3381 2131 4065 4301 92 1068 1232
 4248 2969 898 8061 661 1691 3065 3288 1899 1394 2011 5824 1855 691 1694
 7240 5735 7195 3757 301 6578 4423 4722 2608 167 1583 8020 1952 8444 5559
 2513 8292 4690 2748 1545 2820 4879 4454 2770 9709 3078 1248 3124 9883
 1050 2628 1357 3490 257 456 9456 2358 3503 3893 4300 543 6027 9892 2793
 2957 9035 5577 159 443 3795 6021 3951 1581 5083 4315 4451 8092 1023 8170
 9629 7583 4146 9879 1344 7249 2699 2834 605 2617 3879 2233 3876 6642 1433
 6872 4500 943 7491 3405 7241 4505 9746 4658 4205 4921 3583 514 7905 1941
 1317 2659 264 7736 2408 1823 577 3755 1289 2028 7541 9535 5556 346 7474
 96 1228 8279 4852 6045 6867 2670 3186 3160 4828 2348 1522 7917 3884 3166
 3962 7490 2862 4238 1981 2224 3136 7921 4504 1298 3167 8981 241 66 3702
 6923 6080 3604 2204 3305 2300 4201 5631 3280 7672 8091 1640 2658 781 2520
 1263 2063 502 730 3151 5887 9203 1942 3511 9017 3176 9847 6460 2760 2109
 3565 4145 6681 5955 1740 4575 7691 3262 4165 6756 2636 4368 3133 4699
 7162 4948 1253 4857 7876 6558 1956 4807 6611 4018 2902 960 4000 2708 3115
 3204 4922 6737 6787 1436 6643 6730 9826 2526 2305 7262 7216 4990 7043 629
 7777 7504 4197 2668 3150 9427 2660 2925 7724 1687 9211 2532 104 2812 9664
 4259 7671 3364 998 9831 1107 6694 3448 4868 2449 5143 2121 6625 8294 4577
 950 9741 2298 3599 2322 7349 3818 829 7338 5176 4031 1039 133 6053 6446
 9740 184 4498 61 7434 1467 2052 9031 9045 3800 9553 952 1637 1045 5105
 4721 3139 2823 6905 6990 5969 9552 9253 9596 3806 9112 7210 6886 530 1124
 3726 1607 1375 2650 7487 486 3252 3202 6610 3549 624 5986 325 2960 4452
 1727 1219 5611 7779 115 4521 324 9554 6546 1024 4548 3516 1664 3577 7620
 9767 340 7498 4929 6759 1208 7235 5835 1775 7683 4820 3122 7332 9649 5547
 3672 2185 4837 1910 2320 9610 9792 4093 603 6796 2850 3295 8469 2263 2339
 7 1033 9854 2930 2177 1234 6721 222 1274 3336 358 7622 9743 9651 8435 300
 7764 2225 304 8071 445 2464 114 720 6577 1828 4374 2413 8453 9595 8416
 3475 5413 9912 3404 7084 1092 8268 6664 4954 6495 1609 9914 6975 3708
 3796 9626 6668 9814 2535 4808 5262 5607 6571 4740 6592 6883 9006 1810
 1735 751 9450 6174 6915 3089 7259 9208 6565 774 6617 5268 4541 7927 4441
 1730 3567 125 1326 2689 7918 667 6669 9446 5518 9394 6914 4297 2457 4156
 645 5921 6161 9634 844 1149 4440 6912 9693]
[195 7826 3751 1989 9655 542 149 7521 3598 619 7531 1678 6035 6568 8327
 9194 1209 9666 2009 9677 4814 1759 9959 1384 1440 1288 7248 930 9700 2387
 9433 3381 2131 4065 4301 92 1068 959 4248 46 8061 8982 661 1691 3329 3811
 3288 3820 1394 9764 2571 2011 5824 4007 691 9652 1694 4583 317 7240 2705
 5735 7195 3757 301 6578 4423 7850 4722 2608 1583 8020 4755 1952 8444 1465
 2488 6005 6632 4369 319 9922 9013 515 3460 8107 2197 4433 9110 151 4743
 4634 9738 5559 268 2863 8292 4690 2748 1545 2820 4454 9904 2770 9709 3078
 9883 1050 2628 1357 257 456 9456 2358 3503 3893 4300 543 6027 1494 1581
 4761 4451 2508 2325 8092 8178 9629 4146 9879 1344 7249 1865 2699 2834
 6109 5696 1751 8527 605 2617 4159 5634 3436 191 9907 3557 3876 3848 6872
 4500 943 341 3062 7241 3365 2589 7473 699 7030 1007 3762 4505 78 6686 827
 4658 4205 4427 5078 9754 3583 514 9857 2507 1968 1444 6608 671 926 2028
 4302 5973 4116 2573 2552 5556 3698 3494 8279 6045 4187 4438 2166 4828 266
 4745 1522 9071 3884 3962 915 582 3132 7542 1127 4504 3167 66 3702 5054
 2300 4201 552 7459 760 511 2333 7842 6765 2063 730 9728 2825 3710 245
 9777 3441 2760 3578 1353 9726 2109 3565 4145 5955 1740 4575 2093 3262
 6725 9139 2198 6784 4368 4699 97 6418 7162 3573 5923 7876 4131 4018 4017
 213 2351 960 4000 2708 4738 1961 7577 6741 243 1091 2297 6787 3591 1436
 2526 3205 7262 2750 4990 4197 2668 9747 6747 9427 7724 2532 2812 9664
 7671 866 3364 998 9875 1973 7153 9831 2654 1364 9783 1107 6694 4868 2449
 1718 5143 1886 3905 6780 7597 9316 3571 6625 8294 8095 9937 9234 5065
 6004 9252 1192 4896 3742 2648 2322 7349 3818 5176 4031 1039 133 6053 4966
 6312 8276 9022 6654 1965 1467 4080 8408 2052 4053 2080 4231 9045 2691
 2914 3800 952 1637 1896 5105 7679 7394 4943 2823 2004 432 5698 8889 6990
 9552 9253 5639 9596 2758 6886 8272 2393 530 1607 3202 4373 5986 3216 5209
 521 1644 5468 7720 1727 6517 804 1219 2419 5647 5611 9168 499 3263 1325
 4521 9554 6546 1901 8412 3718 1664 2433 9731 7620 3685 6564 712 2454 7495
 1839 7235 5835 1775 795 3976 8115 7044 2772 6019 7332 2665 6305 9649 569
 3456 1641 9926 2185 1328 9832 4114 5086 6796 1229 2850 5173 3295 4455
 2930 2177 6721 9986 358 7622 7186 1089 627 4338 7764 5678 193 2464 114
 6165 4425 4374 5912 2771 1709 2578 6664 4228 6495 6668 2568 8353 9829
 7915 2535 4808 2342 5607 4740 6883 187 1810 2514 751 9450 4015 4997 1151
 3089 7259 5957 6565 9214 774 5268 3836 2961 4541 5978 7468 3567 8156 1943
 6692 1326 2689 7918 3626 6535 9446 5518 3302 7141]
[195 7826 3751 1989 3030 9655 542 149 6716 7521 3598 619 6560 2794 7531
 1785 1678 6035 6568 8327 1356 9194 2369 3989 9858 1209 9666 2009 9677
 4814 2905 1759 9959 1198 1384 1288 7248 8160 6925 930 6706 1128 9700 2387
 7454 3381 2131 4065 4301 92 1068 959 1232 4248 46 1242 2969 498 898 8061
 6651 8982 661 1691 3065 3288 3820 1394 5824 4007 1855 9652 1694 317 7240
 2705 7195 3757 301 6578 4423 7850 2414 2608 1583 8020 1952 1465 3344 6005
 4369 319 9013 4433 151 3749 4743 4634 9738 5559 8292 4690 2748 1545 2820
 4454 9904 9709 3078 1248 3124 9883 1050 2628 3490 257 456 9456 2358 3893
 4300 543 6027 9892 3269 2793 2957 9035 5577 3795 6021 5890 5083 4761 4315
 4451 2508 8092 1023 8170 7583 9879 1344 7249 1865 2699 2834 6109 6997
 5696 1751 8527 2617 4159 5634 726 3436 3879 9907 2233 3557 3876 3848 6642
 6872 4500 943 4356 2038 341 3681 7491 3062 3405 7241 3365 2589 7473 699
 7870 7030 1007 3762 4505 3646 78 6686 4419 2430 827 9746 9780 7451 4658
 4205 2229 5078 4921 9754 514 7905 9606 9856 528 9857 1941 5457 741 1317
 2659 497 9863 264 2507 7736 2408 1823 577 3755 1968 1444 6608 3794 1289
 6788 2037 671 3476 2028 9513 4302 2989 944 5973 4116 2573 2552 2901 1117
 2214 9535 4477 346 7474 96 3494 2125 6867 429 1701 4959 4187 874 7492
 3186 478 2348 4745 1522 7917 9071 3884 3962 915 582 9781 1981 3136 1127
 4504 66 3702 62 5054 6080 3604 3305 9669 760 1437 2333 2063 9079 9600 723
 3710 5525 9203 245 1942 9777 3511 9560 3441 9017 4126 6460 2760 4145 2093
 7691 6725 4317 2198 4165 6756 4368 4823 3133 97 7162 1212 3573 4857 1956
 9103 4807 4131 6611 3946 7875 213 5183 2708 243 4408 6390 1091 6737 1404
 6643 9826 2526 2305 6894 3205 8003 7043 4197 2668 3150 2925 7724 2532 104
 2812 2429 3629 4259 3364 1874 998 3691 7153 9831 2654 9783 1107 2556 3448
 4868 8507 2449 5204 5143 3905 4225 3756 6780 7597 9316 3571 3833 9937
 9234 9741 4086 4896 3599 7553 2404 2648 3818 7338 4031 1039 6312 7434
 1965 8408 5261 9045 2914 3800 282 1637 1045 5105 7394 4943 2684 3139 2823
 6905 5698 8889 5969 9552 9253 9539 5720 9596 4124 6886 8272 1124 2650
 1732 1843 7487 486 4657 3549 4373 9891 5986 1553 3216 325 5209 2960 4452
 3556 6517 1219 5647 5611 1767 7779 9168 115 1325 839 6037 4727 1901 8050
 1562 1024 3984 1782 7445 4548 1664 2866 9731 1015 84 2964 3685 340 6564
 7498 3763 435 2289 2454 4929 1839 4681 6759 1775 3976 7932 4967 5522 567
 7117 4825 3246 3122 2665 4570 2237 569 4294 2560 1655 837 6570 1328 613
 1078 7558 1938 603 9832 1454 971 351]
[195 7826 3751 1989 542 6716 7521 3598 619 6560 7531 1785 1678 6035 6568
 8327 1356 9194 2369 3989 9858 1209 2009 9677 4814 2905 1198 1384 1440
 7248 6925 930 6706 1128 9700 2387 9433 3381 2131 4065 4301 92 1068 959
 1232 4248 46 1242 2969 898 8061 661 1691 3329 3065 3288 1899 3820 1394
 9764 4007 1855 9652 1694 4583 317 7240 2705 5735 7195 3757 301 4423 7850
 4722 2414 2608 167 1583 8020 4755 1952 8444 1465 3344 2488 4369 319 1772
 994 9922 9013 2635 515 3460 8107 2197 151 4634 9738 4690 2748 1545 2820
 4454 9904 2770 9709 3078 1248 3124 1050 456 9456 2358 3503 3893 543 6027
 9892 2793 2957 5577 3795 7471 3951 800 5890 1494 1581 4761 4315 4451 2508
 8092 1023 8170 8178 4146 9879 1344 7249 2699 2834 6109 5696 1751 2617
 4159 5634 726 3436 3879 191 9907 2233 3876 3848 4500 943 341 3681 7491
 7241 3365 3646 78 2430 827 9746 9780 7451 4658 4205 2229 5078 4921 9754
 514 7905 9856 1941 9863 2507 3755 1968 1444 3794 1289 2037 926 2028 9513
 4302 7541 4116 2573 2552 1117 2214 5556 346 3698 7474 96 2125 1228 8279
 4852 6045 6867 429 1701 65 4959 8182 4187 874 2670 2166 7492 3186 478
 4828 2348 266 4745 1522 7917 3884 2582 3962 6645 171 1267 7490 915 582
 4238 9781 3132 2224 7921 7542 1127 4504 3771 1298 3167 8981 9985 66 3702
 62 6923 5054 2090 6080 3604 2204 3305 2300 8908 4201 7423 3280 4888 8165
 7459 760 1072 8091 1640 511 1437 8246 781 2520 6765 2063 502 730 2690 723
 3710 5887 5525 9203 245 6627 3511 9560 3829 3441 3176 9847 6460 3578 4753
 5955 2093 7691 9139 6784 6756 5851 2636 4368 3133 4699 97 6418 7162 1253
 4857 6558 9103 4131 1476 6611 4018 823 2374 213 4037 8948 2902 2351 960
 2708 7577 243 3115 3204 4408 6390 9654 7689 4922 2297 2394 3591 6391 1436
 6730 9826 4284 2526 6894 8003 7262 2750 7216 4990 7777 4197 2668 3150
 6747 9427 2660 1502 2532 3629 3364 1874 2654 9783 2556 6694 8426 4868 951
 5143 3429 4225 9316 8095 5065 4577 950 9741 2322 4121 6053 4966 8276 9022
 61 1096 6654 7434 1965 4080 4053 2914 952 1045 5105 4943 527 3139 6905
 432 5969 5720 9112 8272 1375 2650 7487 3202 3549 624 9891 9733 5209 3580
 1644 1727 2419 7779 499 3263 9742 3707 4727 1737 6546 340 1355 4344 7235
 5835 7044 3117 4837 4093 603 4256 4413 4987 448 8885 3295 9693 2263 8637
 8405 4455 4496 4265 7 9854 2930 2246 4327 3496 1234 6721 1274 7186 8435
 1003 304 4702 3880 900 5726 7902 9912 9890 3708 3369 2286 8353 9814 7915
 2342 751 3089 9208 3836 110 7918 6669 6535 9446 4487 4156 645 6161 9538
 9691 7433 7996 1470 1469 1878 34]
[7826 1989 7521 7531 1678 1356 2369 1209 2009 9677 2905 1440 7248 6706
 1128 2387 9433 7454 3381 2131 92 959 1232 1242 8061 6651 8982 1691 3065
 3288 5824 1855 9652 7240 3757 301 6578 4423 7850 1583 1952 1465 6005 4369
 2635 3460 8107 2197 4433 9110 151 3749 4743 9738 5559 2513 268 8292 1545
 2820 4879 4454 9904 2770 9709 3078 1248 3124 1050 2628 1357 257 456 2358
 3893 4300 543 9892 2793 2957 9035 5577 159 443 3795 6021 7471 3951 800
 5890 1494 4761 4451 2508 1023 8178 7583 4146 7249 2699 2834 6109 6997
 1751 8527 2617 4159 3436 3879 191 3557 3848 1433 943 2038 341 7491 3062
 7241 3365 2589 7030 1007 3762 4505 827 9746 9780 7451 4205 4427 2229 5078
 4921 9754 9856 528 1941 741 1317 2659 497 264 2408 1823 1320 2028 4302
 2989 944 2552 2214 346 7474 3494 2125 4852 429 1701 65 8182 4187 874 4438
 2166 7333 7492 3186 478 1159 7917 3884 3962 2862 582 4238 7921 1127 4504
 3771 3167 9985 241 62 5054 2090 6080 3305 2300 8908 3280 4888 9669 5586
 760 8246 6765 730 2690 9079 9600 723 245 9017 3176 2760 3578 1353 3565
 5955 4575 3262 9139 6784 5851 2636 4368 3133 4699 6418 7162 1253 4857
 5923 6558 4807 4131 4018 3946 7875 4017 823 213 5183 2902 2351 960 2708
 4738 1961 2099 7577 6741 243 3115 4408 6390 9654 4922 2297 2394 6787 5943
 1404 6391 1436 6643 3468 9826 2305 6894 8003 7262 7216 4990 7043 7777
 4197 2668 3150 6747 9427 2660 2925 7724 4230 9843 1687 9211 2532 104 2429
 3629 9664 4259 866 3364 787 998 1973 3691 7153 1364 1107 3966 8426 3448
 4868 8507 2449 1718 5143 3429 1886 5118 2121 7597 3833 6625 8095 5065
 4577 950 6004 9252 4086 3599 2404 4121 7349 3818 5176 1039 133 6053 6446
 6312 9022 1965 4080 8408 2052 4053 9031 4231 9045 2914 952 1045 7391 1896
 7679 4943 2684 4721 3139 2823 6905 2004 8889 5969 9552 5720 3713 9596
 3806 2758 9112 7210 6886 2393 9924 3726 1375 3202 4657 3549 1553 9733 325
 5209 1644 3556 804 1219 5611 1767 1722 499 115 9742 3534 955 839 4521
 6037 324 1737 1901 1562 3146 1024 2193 1782 7445 4548 3516 5360 1664 2433
 2866 1015 7620 3685 290 7498 3763 3871 1839 1903 4681 6759 4344 7235 1775
 7440 4820 4246 3316 7117 7044 4825 2772 8183 3377 8106 7332 2739 9649 569
 3456 1641 3672 2560 7673 837 2185 9562 872 165 2320 7568 1078 902 1938
 4093 603 4256 4987 4114 5086 6796 8885 1229 2850 3295 8469 2263 8637 2339
 4265 7 1033 9854 2930 1234 6721 9986 3046 1274 3336 9743 9651 2920 7764
 4293 193 1204 3235 610 2464 114 5269 1828 900 5912 9595 5413 3665 2783
 1378 2578 3404 1948 4619 6495 9914 6975 3550 7566]
[195 7826 3751 3030 9655 6716 7521 619 2794 1678 6568 9194 2369 3989 9858
 2009 9677 4814 2905 1759 9959 1198 1384 1288 8160 6925 930 6706 1128 9700
 2387 9433 7454 3381 2131 4065 4301 959 4248 898 8061 6651 8982 661 3065
 3811 1899 3820 1394 2011 4007 1855 9652 4583 317 7240 3757 301 6578 4423
 7850 4722 2608 1583 8020 4755 8444 1465 3344 6005 6632 4369 319 1772 994
 9922 9013 2635 515 3460 2197 4433 9110 3723 4743 4634 9738 5559 2513 268
 2863 8292 1545 4454 2770 9709 3078 1248 3124 9883 1050 2628 1357 3490 456
 2358 3503 3893 4300 6027 9892 5577 3795 6021 3951 800 1494 1581 5083 4761
 4315 4451 2508 2325 8092 8178 9629 4146 1344 7249 1865 2699 2834 6109
 6997 5696 1751 605 2617 4159 726 3436 3879 191 2233 3557 1433 6872 4500
 943 4356 2038 341 3681 7491 3062 7241 7473 699 7870 1007 4505 3646 78
 4419 827 9746 9780 4658 4427 5078 9754 514 9856 528 1941 741 1317 497
 2507 7736 6645 582 9781 3136 7921 7542 3771 3167 241 66 2090 2300 4201
 3280 4888 8165 9669 7672 7459 760 1640 2658 2333 8246 6765 2063 730 9728
 9600 5525 6627 9777 4948 1212 3573 1956 4018 9044 2374 213 5183 4000 243
 3115 6390 4922 6737 6391 1436 3468 2305 6894 3205 7262 2750 7043 629 9747
 2660 7724 2532 2429 998 3966 8426 3448 2449 1718 1886 6780 9316 3571 8294
 9252 4896 2322 1781 7338 5176 1965 1467 4080 2052 5261 1439 4231 2914 282
 5105 3139 2004 8889 9552 5720 9596 2758 8272 2393 1124 1375 1843 3252
 6610 4657 5986 1553 325 5209 3556 5468 6517 804 5611 3330 1325 3534 4727
 8050 7127 7445 4548 3516 2433 2180 2866 689 1903 6759 4344 4389 1775 4820
 4967 1319 4246 1197 3246 3122 6305 569 3456 4294 2560 7673 837 6570 3785
 165 2320 7568 7558 4093 4114 5086 6796 2937 1229 2263 2339 2246 4327 6721
 3336 7622 5678 2225 193 5056 445 114 2129 6577 1828 3929 9023 5726 8416
 3475 5288 2783 2578 3404 2515 4954 1609 9914 5710 3708 4808 5262 2342
 6592 6883 187 1735 751 9450 1151 9208 6051 8324 2961 7468 8156 125 1326
 2689 6535 9394 4487 4297 645 4783 4316 6161 4154 6817 5246 372 1052 1882
 7238 6603 7608 404 4370 3988 1241 9905 2810 8816 5926 3106 1638 1611 4692
 2869 1918 2945 5038 6769 8102 3021 1182 2134 2082 9057 7687 4011 9997
 4785 495 7448 1689 3185 1721 4312 3634 2049 2426 4142 2361 1466 5495 9046
 6688 3218 670 2183 5564 1266 4376 4545 2053 1868 1786 6011 5947 8339 2116
 3688 6598 8198 3206 6827 7002 3950 5642 2911 1857 3892 9619 467 8867 1402
 3287 3352 1343 3222 1486 6967 2136 876 1363 2397 7534 7430 18 7472 457
 5945 349 8954 588 5950 1269 9913 4712 2043]
