Fault List:
64
61
69
70
66
64
63
71
65
71
71
71
65
63
72
70
74
67
70
66
73
64
68
64
67
63
65
68
72
67
FDR List:
0.46715328467153283
0.44525547445255476
0.5036496350364964
0.5109489051094891
0.48175182481751827
0.46715328467153283
0.45985401459854014
0.5182481751824818
0.4744525547445255
0.5182481751824818
0.5182481751824818
0.5182481751824818
0.4744525547445255
0.45985401459854014
0.5255474452554745
0.5109489051094891
0.5401459854014599
0.48905109489051096
0.5109489051094891
0.48175182481751827
0.5328467153284672
0.46715328467153283
0.49635036496350365
0.46715328467153283
0.48905109489051096
0.45985401459854014
0.4744525547445255
0.49635036496350365
0.5255474452554745
0.48905109489051096
Time List:
194.54749202728271
190.9819619655609
187.5670349597931
190.07620978355408
189.52468609809875
190.28836297988892
190.5447051525116
189.04659986495972
187.94790816307068
181.1422688961029
170.74554634094238
174.23735785484314
189.30482530593872
188.14849996566772
188.50057315826416
188.74317717552185
188.16126894950867
188.5264208316803
190.56197595596313
189.6016628742218
190.69132328033447
190.57239079475403
188.43213891983032
189.31833481788635
190.32834887504578
181.89441466331482
179.62852811813354
180.55288290977478
182.96152997016907
179.0700080394745
Subset List:
[3951 661 2995 2449 324 6611 4248 443 6775 6725 9606 4302 2571 8091 4583
 5134 7491 3757 3567 8982 1942 8507 9655 1404 7542 2957 9675 2735 3033
 5710 2705 7849 9234 4634 1583 6651 7454 1641 8948 528 7178 6716 1014 6035
 6087 3808 1573 5111 779 9910 1855 3166 7921 9139 3989 1364 3879 1192 870
 8160 4300 1212 483 7842 3416 2698 3503 3381 5201 8132 245 6575 3723 898
 3186 9904 2969 9513 1823 3702 9433 4408 8213 1288 149 3146 1709 9755 8327
 1436 1759 8444 1782 4948 1678 9754 3475 2925 7195 797 9700 9552 2658 7850
 2979 5083 1044 8262 2611 4584 9654 5678 7498 4477 3755 3598 4126 7875
 8275 2298 2690 9709 7541 4323 1696 5835 4990 8 4454 502 3404 2938 3115
 283 4451 1740 944 1877 1198 2488 6593 1469 1785 5394 3460 7162 6625 542
 9847 7187 9888 1356 2358 167 7474 3204 4419 9666 930 9959 7249 1879 2743
 5204 9595 1050 3838 7445 3846 4018 7426 8158 1124 1522 7240 3577 2689
 3216 3305 3824 3132 8270 257 5735 1273 152 9998 7135 9738 96 4368 4312
 7492 4094 7583 1039 4238 4359 741 551 3502 7870 4879 9826 2574 9832 2930
 4560 6681 7434 3206 2237 4959 1701 3994 8170 4230 3002 2166 3623 3124
 7471 1441 321 1644 508 2697 877 5011 7673 9906 4072 7996 495 5288 9764
 8435 5306 3341 3574 959 3751 264 1197 4118 6793 4389 1941 3902 670 4702
 6788 119 9702 3674 9103 1345 6905 6570 2825 8329 1999 2467 3769 6535 8182
 2617 6495 7108 4640 3012 191 1473 4283 9694 645 1778 2043 1200 6746 1447
 9562 3795 3117 5379 3663 3519 9211 4096 7808 4212 6627 4726 1023 7198
 7283 1865 3820 2214 683]
[4248 6775 6725 4302 2571 8183 8091 7491 3757 1942 8507 9655 1404 2735
 9234 1583 6651 2009 8948 528 7084 7178 1014 6087 552 3808 3559 1573 5111
 779 9910 3166 7921 9139 1364 2430 3879 1192 870 8160 4300 1212 2289 5608
 9110 483 7842 3416 2698 5056 3381 245 6575 3723 898 3186 9904 9651 9513
 9634 4948 9754 797 9552 2658 7850 2979 1044 8262 4584 3755 3598 7875 8275
 2690 9709 8258 362 4323 4990 8 4454 3404 4498 3115 4451 2513 1232 944
 1877 5269 478 3334 6593 4798 1469 3460 6625 9847 1502 1356 167 261 4722
 6390 5601 6706 182 1024 9666 4814 930 2743 1135 3846 4018 8158 6765 7521
 2507 6530 2689 1378 257 5735 9998 96 7473 9698 1039 4359 195 7870 8144
 7434 2237 2429 4230 2166 3623 577 7459 543 9243 7996 3341 3065 959 7577
 3751 4665 9600 3254 2859 6659 3902 119 3674 5647 6905 4201 2052 1127 7558
 2309 3785 9008 1846 468 2099 2457 1627 3136 8381 66 6495 7108 5468 9793
 191 6643 1208 7999 1394 5343 4011 1901 7574 3795 92 7578 456 3519 844
 8122 5841 8245 1072 3762 4986 6610 689 7698 7689 1882 1561 1928 344 9965
 9883 2420 7208 325 3773 6059 1068 3150 3490 7499 8530 1078 7414 1259 4922
 7539 4315 7756 3742 5209 1493 9877 4541 7361 8412 4888 7511 3061 624 3494
 217 1153 4013 3189 9840 4316 9922 6661 9554 2823 2118 1052 218 7262 7718
 7468 874 184 1634 935 7070 550 4257 2004 6665 2300 1737 1120 4261 213
 4496 4452 9044 2460 604 6749 3154 1981 358 3427 6136 3530 3466 331 692
 9168 829 4373 8292 4739 3750 8119 3552 9316 9309 7302 4789 6077 8008 4386
 5533]
[1024 4096 3078 4615 4619 5134 1039 2574 1550 9234 1044 532 4118 5143 7195
 9243 6686 4126 7198 1573 9253 551 552 7210 1581 3117 4656 4657 6706 2611
 2099 4146 9780 7736 59 4156 3136 577 8258 9793 2659 6725 8262 582 3654
 5184 6735 7248 5201 7249 8785 6739 2131 8276 7252 6744 2650 1114 3674 605
 1115 2651 2658 9826 1124 4197 2146 5735 9315 1641 4201 9835 1644 4205
 3685 3688 8300 627 3702 8823 6775 4740 6788 3206 1159 4230 2185 2698 3723
 7819 2697 1678 4238 8329 7826 149 5269 2197 2713 1691 9883 670 1696 3746
 7842 3749 1701 3751 5288 7849 7850 1709 1197 9904 9906 2739 5298 9910 182
 3254 2233 5306 699 1212 3769 7870 4283 1209 9925 6347 7673 4302 211 2772
 1751 4312 7574 3808 741 7921 245 1782 7413 7414 6905 1274 8444 3329 7426
 261 3334 3335 1288 3846 1286 779 264 4368 787 3718 7445 8981 283 1823
 4389 3879 9513 2859 2348 7471 7474 3381 2358 4408 3384 8507 6460 827 3902
 1855 321 7491 324 5960 3404 844 6990 1874 340 1877 1879 3416 2905 4959
 4451 4967 1384 362 6507 3946 2925 3951 2930 2419 1394 7542 5495 3448 3450
 6523 483 898 6530 2946 9606 6535 3464 2957 6542 5519 2449 3474 6035 3475
 3989 9110 5011 4504 2969 3994 8091 1436 9629 1941 8095 1952 7583 9634
 2979 6563 1954 9126 6564 429 3502 6575 944 1968 4018 2995 2989 4013 2488
 443 3516 1470 5056 1473 1989 456 9675 2507 9677 1999 4560 2513 9679 6611
 468 9687 5083 9691 6620 478 4059 6625 9698 4065 9700 3557 9702 3559 5608
 2535 3555 5611 6627 2029 3574 8182 3577 6651 508 3583 6722 3406 6095 9200
 2522 6652]
[3951 661 2995 2449 324 6611 4248 443 6775 6725 4302 2185 8183 4583 7491
 3567 8982 1942 9655 9907 1404 7542 2957 9675 2735 2705 4657 3989 2430
 1192 8160 9780 7842 2698 5056 7248 3503 3381 5201 3723 898 3030 9629 9904
 2969 2535 9651 4408 1288 4086 4205 9755 8327 1436 8444 1159 8095 9634
 7819 6686 1678 9754 3475 2925 7195 9700 2658 5083 1044 8262 4584 5678
 7498 429 8275 4284 8258 1433 4323 1696 1243 5835 4990 8 1581 4454 3404
 3115 283 4451 2513 944 5269 1198 478 2488 3334 6593 4798 1469 1785 7162
 2241 7187 1356 6390 5601 7474 3876 1024 9666 930 7249 2743 1135 1050 7445
 1091 7426 1124 7521 6530 2689 1378 8270 257 1952 152 9738 6523 1874 2387
 96 4312 7492 7583 3748 9016 1039 4238 4359 195 9728 6940 7394 2574 9832
 2930 2713 6681 7434 4959 2429 3994 9194 4230 5611 2166 3623 3124 5621
 8299 3746 1441 4504 1644 877 4065 7673 3516 9243 7996 495 5288 2422 8435
 9835 1114 5306 5824 1092 3884 3341 3574 959 7577 4665 3254 497 2946 4389
 2859 1941 6659 3902 4702 3674 3464 9253 1345 4201 2552 6542 9712 699 3448
 59 6570 2665 3450 1999 4727 211 1127 8003 7558 2419 3769 1846 7338 1117
 1384 6535 3468 468 2099 2457 532 7235 8020 3818 1033 2029 1627 4199 7437
 8381 2617 66 1317 514 9777 6912 6120 4640 9793 6914 6643 1473 6739 4197
 2146 9315 8445 1579 6710 5960 691 645 1778 2204 8181 2043 1901 7574 3654
 4137 6746 2040 3117 1982 92 6718 3855 6990 2659 1550 1954 2389 2986 6818
 5143 6620 6460 9831 6004 1023 9679 1375 5262 8726 2960 5176 787 2989 6391
 970 3754 3133 3405]
[1024 514 515 4615 8 1033 7178 2571 3598 528 2065 9234 7187 1044 8213 4118
 1559 6681 4634 9755 9754 7195 542 1050 4640 9762 9253 1573 552 7210 3115
 4656 4657 6706 2611 9780 6709 7736 59 3132 3136 8258 7235 2116 6725 8262
 1091 582 7240 3146 3577 5710 8270 7248 8785 8273 5201 8275 7249 5204 6744
 1114 3674 1115 605 2650 9826 2146 9315 1127 5735 4201 2665 8299 9835 4199
 4712 1641 4205 6765 3186 5111 4722 3702 4727 8823 9847 3707 2689 2690
 1669 3206 4743 8327 2697 6793 8331 2185 3723 4238 1159 1678 2705 3216
 9875 149 4248 152 1691 1696 7842 3751 167 7850 3755 1198 2735 9904 9907
 2739 182 2743 1208 699 1212 2237 8381 191 4284 7162 195 7875 9925 5835
 4302 4814 7376 3280 211 2772 1751 4312 9433 1243 1759 4323 9959 3305 3818
 3824 7921 9970 2289 8948 245 1782 6390 8445 3838 6912 261 1286 3334 3846
 7434 3341 7437 5394 7445 283 7454 1823 3876 1319 3879 4231 2348 7473 1846
 2358 3384 4408 7999 1855 8003 324 7491 4419 7498 1356 9552 4433 2387 8020
 1364 1877 1879 5468 7521 870 4454 6507 877 2925 9071 2930 2419 7541 2422
 7542 3448 9595 1404 4477 4990 2946 6530 3460 7558 6535 3464 9606 2957
 6542 9103 2449 4498 6035 3475 9110 7577 3994 8091 2969 9629 1433 8095
 1952 1441 9634 930 9126 6570 4011 7084 943 1968 3503 6575 944 4018 9654
 9655 7608 1469 5056 4545 6593 9666 7108 3012 8132 9675 2507 2516 468 9687
 9691 5083 2011 9694 7135 8160 478 9698 483 9700 6625 9702 8158 4072 5608
 4584 9712 497 6643 3574 1014 2552 7673 4086 6651 508 502 4094 3583 3289
 1028 5644 2430]
[9755 8327 1759 8444 1159 9634 7819 1782 6686 9754 2925 9700 2611 3598
 4126 8275 4284 2690 8258 362 5835 8 1581 4454 502 4498 283 1232 944 3334
 6593 1469 6625 542 9847 7187 1502 2358 4722 6390 7474 6706 4419 182 1024
 4814 930 7249 5204 9595 619 7445 2650 1091 4018 8158 582 1124 1522 7521
 2507 7240 4967 2689 3305 9071 257 152 9738 2233 2387 4368 7492 693 4094
 7583 9698 3748 9016 1039 9875 741 6507 9728 2902 551 8144 9826 2574 2930
 4560 7434 3206 2237 4959 2429 1701 3002 5611 7471 6563 577 4504 321 2697
 9687 877 4065 543 3557 9243 7996 3384 7736 8435 9835 1114 4656 5824 1092
 3065 3751 3254 6793 2946 4389 6659 3902 8785 4702 119 3674 9253 2116 2552
 6709 6570 2665 4743 8329 4727 211 1127 7671 2467 8003 605 9008 9620 1846
 7608 1115 468 2099 9503 7235 1751 2348 9126 8381 9762 66 4301 2325 7108
 5468 6912 6120 3555 9793 6914 9610 1473 346 4197 4478 2146 9694 2065 9970
 8445 4857 4615 4011 5960 691 1778 2043 3654 4137 3001 2040 3117 6024 5379
 7531 3778 9211 1550 2986 3955 6460 4726 7826 2855 7198 621 9679 5976 627
 8047 1425 1910 4265 3474 2408 9382 1429 3951 661 2995 2449 324 6611 443
 6775 6725 9606 4302 2185 8183 8091 4583 5134 3757 3567 8982 1942 9655
 9907 1404 7542 2957 2735 3033 2705 4657 9234 8823 1583 6651 2009 7454
 8948 528 7084 7178 1014 6035 552 3808 3559 1573 779 9910 3335 3166 7921
 9139 3989 1364 3879 1192 870 8160 4300 1212 9780 9110 483 7842 3416 5056
 3503 3381 245 6575 3723 3186 9629 2969 2535 9651 1823 3702 9433 4408 1288
 4086 3146]
[3951 661 2995 2449 324 6611 4248 443 6775 9606 4302 2571 2185 8091 4583
 7491 3757 8982 1942 8507 9655 9907 1404 2957 2735 3033 5710 2705 4657
 7494 9234 8823 4634 6651 2009 1641 528 7084 7178 6716 1014 6035 6087 552
 3808 3559 5111 779 9910 1855 3166 7921 9139 2430 3879 870 4300 2289 5608
 9110 7842 3416 5056 7248 3503 3381 5201 245 6575 3723 898 3186 3030 9629
 9904 2969 2535 9513 1823 3702 9433 4408 4086 149 3146 1709 4205 1759 8444
 3280 9634 1782 4126 7875 8275 2298 2690 362 1433 1691 1696 1243 5835 1581
 4454 283 9925 4451 2513 1232 1877 5269 1469 1785 6625 542 9847 1502 167
 9666 2772 9595 1050 3838 7445 3846 2650 1091 4018 7426 8158 582 1124 1522
 6765 6530 7240 3577 4967 2689 3216 3305 3824 3132 1378 9071 257 5735 1273
 9998 7135 9738 1874 6790 3749 4368 4312 7492 693 7583 9698 3748 9016 1039
 1286 4238 4359 195 2902 551 3502 7870 8144 7394 9826 2574 9832 2930 2713
 4560 7434 3206 2237 2429 1701 4230 5611 3124 8299 3746 7471 6563 577 321
 6735 2697 9687 4065 543 5011 1968 3557 3516 9243 3384 2422 46 8435 9835
 6744 4656 3341 3065 7577 3751 4118 1941 3902 8785 670 119 9702 5647 9253
 2552 9691 6542 699 2052 59 7402 8331 6570 2825 4743 3450 4727 3556 211
 7691 1127 7558 2309 3785 9620 1115 1384 3707 1781 468 9503 2457 532 8020
 3818 1751 8182 4199 943 7437 8381 9762 4439 7504 6495 7108 5468 6120 4640
 9793 6643 1473 1208 2146 4283 1319 4712 5343 4011 5960 691 645 2320 2204
 8181 1357 4341 1901 7574 3795 3117 1954 5943 8094 3046 3494 4380 2720
 4961 469]
[3757 3567 1942 9655 9907 1404 7542 2957 9675 2735 3033 5710 2705 7849
 7494 9234 8823 4634 1583 6651 2009 528 7084 7178 1014 6035 3808 779 9910
 3335 3166 1364 2430 3879 1192 870 2289 5608 9780 9110 483 7842 2698 7248
 5201 8132 245 6575 3723 898 3186 9629 9904 2969 2535 9651 1823 3702 9433
 4408 4086 149 9755 8327 1159 8095 9634 7819 1782 6686 1678 9754 3475 2979
 8262 4584 9654 5678 7498 429 3755 3598 4126 7875 4433 8275 4284 7541 8258
 362 1691 4323 1696 1243 5835 8 4231 4454 4498 3115 9925 4451 1740 2739
 1198 6593 1469 3460 542 1502 1356 2358 261 4722 6390 2011 5601 7474 6706
 4419 9666 4814 2772 7249 1135 9595 1050 3838 7445 3846 1091 4018 7426 582
 1124 6765 2507 6530 2689 3216 3824 1378 257 5735 152 9998 7135 1874 3749
 96 4368 1559 7583 9698 9016 1286 4238 6940 551 2574 2429 3994 4230 2166
 2697 7459 5011 9906 9243 495 46 8435 6744 5824 3341 7577 2946 1941 3902
 8785 9702 1345 6542 699 59 6709 7402 6570 4727 7691 8003 3785 605 1846
 7338 3707 3558 9793 6739 4478 7999 1669 4712 9970 8445 4615 4011 5960 691
 1357 4341 3654 1447 9562 3795 3117 1982 6718 7531 3663 3778 5236 6784
 1954 3955 9677 8469 6620 1969 5639 6737 2960 787 2989 1762 936 7049 3754
 3133 9496 1684 2770 5183 3476 627 4254 7735 4356 2339 3474 1911 4131 5892
 1072 1173 1933 151 4782 9539 3984 2038 736 3150 6582 7923 5495 3550 5209
 9877 7361 7241 3504 4500 7511 6571 975 3061 341 3662 5752 2021 9669 3189
 4761 9922 4031 4076 1727 2118 1000 7262 4461 2744 7476 8928 9985 9834 874
 184 7521]
[3951 661 2449 324 6611 4248 443 6775 6725 9606 4302 2571 2185 8183 4583
 5134 7491 3757 8982 1942 8507 9655 9907 7542 2957 9675 3033 5710 4657
 7849 7494 9234 8823 4634 6651 2009 1641 528 7084 7178 1014 6035 6087 3808
 3559 9910 7921 9139 3989 1364 870 8160 4300 5608 9110 7842 3416 2698 5056
 7248 3381 245 6575 898 3186 9629 9651 3702 9433 4408 149 3146 1709 4205
 9755 8327 515 8444 1159 8095 9634 1782 6686 1678 9754 3475 2925 7195 797
 9700 7850 5083 1044 8262 2611 4477 429 4433 2298 4284 2690 9709 8258 362
 1433 4323 5835 4990 8 502 2938 4498 3115 4451 944 1325 2488 3334 6593
 4798 1469 1785 5394 7162 6625 542 2241 7187 9888 1502 261 4722 5601 3876
 6894 4814 2743 5204 3838 2650 582 1124 4967 3216 3305 3824 3132 1378 9071
 1952 1273 6523 3749 96 7473 7492 4740 7583 6507 551 4879 7394 9826 9832
 2930 6681 7434 1701 5611 2166 3124 7471 6563 1441 577 4504 508 2697 9906
 4072 3384 7736 495 9835 4656 5824 1092 3884 4118 2946 6659 670 119 5647
 9253 1345 2467 7558 3785 538 7608 3468 4825 9503 532 7235 3818 2348 9126
 8381 9762 7504 1989 1317 2325 5468 9777 4640 3012 6914 4283 4545 4712
 8445 4857 4011 5960 1357 1447 3795 2131 92 3778 1550 6784 1954 2986 4096
 6620 4523 7413 6460 9732 1969 7826 684 7283 1865 4146 5644 3820 6997 3811
 5892 2829 6975 8122 8245 1072 4577 3599 6610 1882 6827 1928 4423 2905 344
 4177 7208 8278 1081 736 3773 4873 2408 1748 6642 3150 7499 2556 1078 6582
 6787 7923 7414 5140 5495 4922 9664 7539 4315 5209 9926 9877 9005 4541
 4500 975 9628]
[2449 6611 4248 443 4302 4583 149 9755 8327 515 1159 8095 3280 9634 1782
 1678 9754 3475 7195 797 9700 2658 7850 9654 4477 429 3755 3598 4433 4323
 5835 4990 1581 4454 3115 283 9925 2739 1198 1469 5394 3460 6625 7187 9888
 2358 4722 6390 5601 6706 3876 4419 182 4814 2772 7249 1879 1135 619 3838
 7445 2650 1091 4018 7426 8158 582 1124 1522 6765 2507 6530 2689 3305 3824
 1378 9071 257 1952 5735 1273 9998 7135 6523 1874 2233 2387 6790 3749 96
 4368 4312 1559 693 4094 3748 9016 1039 1286 9875 4238 4359 195 6507 9728
 2902 551 3502 7870 8144 4879 9826 2574 9832 2713 4560 6681 7434 2429 1701
 8170 9194 3228 4230 5611 3623 4156 3746 7471 6563 1441 577 4504 6735 1644
 508 2697 7459 9906 4072 9243 8435 1114 4656 3341 959 4118 3902 119 9103
 7402 2825 8329 4727 211 7376 7558 3785 3769 9620 3468 468 2099 9503 1627
 2348 66 6495 2325 9610 1319 4545 4615 1579 5960 691 8181 9562 3795 3117
 2131 1982 6024 92 7578 3663 3778 844 2659 1296 4212 2855 1023 7198 621
 1470 3685 2815 3946 761 994 2305 1026 5851 6952 6587 1045 5298 166 1772
 5841 4986 4017 6768 6827 344 3061 9669 9922 1185 4076 1440 1727 2118 1000
 1052 7718 4461 2744 317 8928 9985 7917 7963 1209 7070 550 2004 3898 1912
 1618 3183 2456 8065 1886 7805 7742 846 3744 6414 1472 2322 1077 6597 2699
 4299 1221 4340 9889 7899 4817 7543 4710 8440 2914 6045 5192 6458 8071
 2365 1703 3153 2805 2018 7856 4075 4878 6501 4890 9659 4876 3342 7265
 1326 6609 6641 2404 9890 243 2068 8452 4809 2292 2769 990 9249 3470 3992
 5049 8330]
[2995 2449 324 6611 4248 6775 4302 2571 2185 8183 8091 7491 3757 8982 1942
 8507 9655 9907 1404 9675 7849 7494 6651 2009 1641 528 7084 7178 6087 552
 9910 3335 3166 1364 2430 1192 870 4300 2289 9780 9110 483 7248 3503 3381
 8132 245 6575 3723 898 3186 3030 9904 2535 9651 9513 1823 3702 4408 8213
 1288 4086 149 3146 4205 9755 8327 515 1759 8095 3280 7819 1782 1678 9754
 3475 7195 797 9700 9552 2658 7850 2979 5083 1044 8262 2611 9654 5678 429
 3598 4126 4433 2298 2690 9709 8258 1433 4323 1696 1243 5835 4990 1581
 4454 502 2938 4498 9925 4451 2513 1877 1198 1325 478 2488 3334 6593 7162
 6625 9847 7187 9888 1502 1356 2358 261 7474 6706 3876 6894 182 1024 2772
 930 2743 5204 9595 1050 3838 7445 3846 2650 4018 8158 582 1124 6765 7521
 6530 7240 3577 1378 8270 9998 9738 2387 3749 96 7492 4740 693 3748 4359
 195 9728 7870 4879 7394 2574 2930 6681 7434 2237 1701 3994 8170 9194 3002
 5611 3623 5621 3746 4504 1644 4065 543 9906 9243 7736 9764 1114 3751 264
 9600 4118 2859 3902 6788 5647 9253 1345 9712 2052 3450 7691 8003 3785
 9008 538 1384 3707 6535 468 9503 7235 8182 2348 3136 943 2617 2325 6120
 3555 3012 191 6643 346 4197 9892 4283 8273 9694 9315 8445 4857 5960 645
 2204 8181 1357 7574 1200 4137 6746 73 9562 3001 3795 3117 2131 1982 6718
 3855 3778 1550 1296 2389 5143 6620 6627 1969 6004 4509 684 7198 5349 3820
 9017 5262 6737 8726 2815 6981 2989 3133 1899 2770 3946 5183 827 8047 4918
 4808 7127 2778 4356 9739 1911 4820 4966 8122 5841 4577 4986 3599 5519
 4782 9539 9227]
[3951 661 2995 2449 324 6611 4248 6775 9606 8183 8091 4583 3757 7542 2957
 9675 3033 5710 7849 8823 2009 1641 8948 528 7178 1573 779 9910 3335 3166
 7921 1364 2430 1192 8160 1212 9110 483 7842 3416 2698 7248 3381 8132 898
 3186 9629 9904 2969 9513 3702 4408 1288 4086 149 3146 4205 9755 8327 9634
 7819 1782 4948 1678 2925 9654 4433 1877 2488 261 6390 6706 4419 182 1024
 9666 4814 930 1879 1135 619 7445 3846 2650 4018 8158 582 1522 7521 2507
 6530 4967 2689 3305 3132 1952 1273 152 1874 6790 7492 4740 9698 1286 195
 6507 6940 551 7870 2574 9832 2930 6681 3206 1701 3994 4230 3002 3623 3124
 4156 6563 4504 508 9687 3516 9243 7996 3384 495 5288 46 9835 1114 5824
 1092 1317 7108 5468 9777 6912 3012 9793 6914 191 6643 9610 1473 4197 1007
 1319 8273 9694 4712 1394 4615 5960 691 2204 8181 1357 1901 7574 4137 2584
 6746 1447 3795 2040 2131 1982 92 3855 7531 456 844 9211 2659 1550 1296
 1954 3955 9677 1093 6460 6627 9732 3062 4509 7283 3754 9646 7127 4059
 3762 1173 151 4782 2064 1928 3773 1748 7106 5140 3832 5495 7539 866 4315
 9877 9005 4541 7361 1584 7241 7511 6571 341 4180 3662 5752 5720 1727 1000
 1052 7568 2582 2744 9789 935 9636 6605 4452 6749 1429 2750 3523 3750 2063
 610 5814 688 1374 9465 1178 3898 3109 9692 956 4491 4063 6688 4399 1900
 4228 226 9733 2911 1755 5219 6694 4692 6385 8353 1912 9639 3738 6552 6796
 2028 4056 3776 8151 1527 9116 2351 3859 4274 7858 4140 9779 8012 4921
 4335 3183 4007 7676 6080 8357 3698 7653 5434 9893 6637 613 1344 6065 9342
 426 5144]
[3951 661 2995 2449 324 6611 4248 6775 6725 9606 2571 4583 5134 7491 3567
 8982 1942 8507 9907 1404 7542 2957 9675 2735 3033 5710 2705 4657 7849
 7494 4634 1583 6651 1641 8948 7178 1014 6035 3808 3559 5111 779 9910 1855
 3335 7921 9139 1364 2430 3879 1192 870 4300 1212 2289 9110 483 7842 7248
 3503 3381 245 3723 898 3030 9629 9904 2969 2535 9651 9513 1823 3702 8213
 1288 3146 1709 4205 8327 1436 515 1759 8444 1159 8095 3280 7819 1782 4948
 1678 9754 3475 2925 797 7850 2979 5083 8262 9654 5678 7498 4477 3755 4126
 7875 4433 2298 4284 2690 9709 7541 362 1691 4323 5835 8 1581 502 2938
 3115 283 9925 1232 944 1877 1198 1325 2488 6593 1469 1785 3460 7162 6625
 542 9888 1356 2358 167 4722 6390 2011 5601 3876 6894 1024 9666 4814 2743
 9595 3838 7445 3846 1091 7426 1124 1522 7521 2507 7240 4967 2689 3216
 3305 3132 1378 9071 8270 6523 2233 2387 3749 3748 1039 1286 4359 195 6940
 551 7394 2930 4560 3206 4959 2429 1701 3994 9194 4230 3002 3124 3746 7471
 6563 577 4504 6735 508 2697 3583 543 1968 7673 4072 495 5288 8435 6744
 4656 5824 3751 4118 2946 4389 3902 8785 6788 119 3674 9103 1345 6905 2552
 9691 9712 2052 6709 7402 2665 2825 8329 4727 211 7671 7376 7558 2309 2516
 2419 605 3769 9008 1846 7338 7608 1384 6535 3468 468 9503 7235 8020 282
 1751 2348 3136 9126 7437 8381 2617 9762 4439 700 7504 66 1317 2325 6912
 9793 191 1473 6739 4197 1208 2146 9892 1007 1669 4545 9315 1579 691 2320
 4137 2584 6746 3795 2131 7578 6718 3855 3663 456 9211 2659 1550 6784 2986
 4096 3593]
[3951 661 2995 2449 324 6611 4248 443 6775 6725 9606 4302 2571 2185 8183
 8091 4583 5134 7491 3567 8982 8507 9907 1404 2957 9675 2735 3033 7494
 9234 4634 6651 7454 8948 7178 6035 1573 5111 779 9910 1855 3166 7921 9139
 3989 1364 2430 3879 1192 870 8160 2289 9780 9110 483 7842 3416 5056 7248
 3381 6575 3723 3186 3030 9629 9904 2969 2535 9651 1823 9433 8213 1288
 4086 149 3146 4205 9755 1436 515 1759 1159 8095 3280 9634 7819 1782 1678
 797 9700 2658 2979 8262 2611 4584 9654 5678 7498 429 3598 4126 7875 4433
 8275 2298 4284 8258 362 1691 4323 4990 1581 502 2938 4498 283 2513 1232
 2739 944 5269 1198 478 3334 6593 4798 1469 1785 3460 6625 542 2241 9847
 7187 1502 4722 2011 5601 3876 6894 182 1024 930 7249 1879 2743 1135 3838
 3846 2650 1091 7426 582 1124 6765 2507 6530 3577 3216 3132 9071 7135 6523
 6790 96 4312 4094 9016 1039 4238 4359 6507 9728 2902 8144 9826 4560 4959
 2429 3228 3623 6563 1441 877 5011 3557 7996 2422 9764 5306 3341 3065 7577
 497 2946 3902 4702 3674 9253 1345 2116 6542 699 3448 2052 59 7402 8331
 6570 8329 3450 1999 3556 211 7671 7376 8003 2309 2516 605 3769 9008 1846
 538 7338 7608 1115 1384 3707 532 7235 3818 1033 8182 2348 9126 2617 4439
 700 7504 1989 6495 1317 514 6912 3012 6739 4197 9892 7999 9694 7210 1394
 9970 8445 4857 5343 4615 6710 4619 5960 691 1778 8181 1357 4137 2584 6746
 1447 3795 2040 1982 6024 92 5379 3663 456 9211 1550 5236 2986 3955 4096
 5143 9677 1093 6620 4726 7826 9831 3062 4509 1023 7198 7283 9679 5349
 1375 1259 4930]
[6530 2689 3305 3132 1378 9071 8270 257 1952 5735 1273 152 9998 7135 9738
 6523 1874 2387 6790 3749 96 4312 7473 4740 1559 693 4094 7583 9698 9016
 1039 9875 4359 741 195 6940 551 7870 8144 4879 9826 2574 9832 2930 2237
 1701 3994 3228 4230 3124 5621 8299 4156 3746 6563 4504 508 2697 9687 7459
 877 4065 543 5011 1968 7673 3557 4072 3516 3384 46 8435 3574 3751 264
 2946 4389 1941 3902 119 9702 9253 9691 6542 7402 2825 8329 1127 7376 2516
 3769 9008 9620 1115 532 7235 1751 1627 943 8381 4439 700 6495 1317 514
 2325 7108 9777 9793 6643 6739 4197 9892 7999 1007 9694 4545 4712 1394
 9970 4857 4615 4619 2320 1778 1357 4341 2043 3795 3778 1550 7808 7413
 6460 9831 435 7283 1375 4081 3511 9783 7874 6737 2815 6981 9173 3688 1274
 827 3476 5409 2305 2970 4755 7735 1045 2339 9227 8094 1911 3811 4131 1772
 2093 5892 3252 5841 3102 8245 4986 3599 1933 9539 3984 344 7490 1068 3150
 3490 7499 8530 7923 7414 795 5650 3832 4911 866 3287 6008 4315 9926 7398
 4541 7241 3504 7511 6571 624 341 4180 3494 217 2021 9669 1015 4013 3189
 8255 4316 2823 2118 1000 1052 3154 84 3176 7588 4852 4511 5038 4929 5360
 1101 4314 4228 4954 2945 2341 4203 2569 2913 6919 65 3432 1771 3951 661
 2449 6775 4302 8091 4583 5134 7491 3757 8982 1404 2735 7494 1583 8948
 7178 1014 3808 3559 779 3166 7921 3989 1364 2430 3879 1192 4300 5608 9780
 9110 483 7842 3416 2698 7248 3381 245 6575 898 9629 2969 1823 3702 149
 4205 9755 8327 9634 4948 9754 2658 5083 4584 4477 429 4126 4433 2298 2690
 9709 7541 8258]
[5306 5824 3884 3254 2946 2859 670 6788 3674 9103 6905 9691 2052 59 8331
 2665 2825 3450 4727 7691 7376 3785 605 3769 538 1115 3468 468 2099 9503
 8020 3818 1033 1751 1627 8182 2348 4199 943 2617 4439 700 514 2325 7108
 9793 9610 1473 4197 9892 4283 1669 8273 9694 4545 4712 1394 4615 4011 691
 7574 3795 92 6718 7531 3663 3778 3519 844 5236 1954 2389 2986 5143 6620
 9732 3062 4509 5349 1865 5644 3820 4081 9150 8276 5176 2815 6981 936 63
 9173 970 3754 5594 3946 627 1142 2970 6700 2628 2339 9227 6612 6565 9792
 4966 2093 4211 1882 2064 3984 4177 7208 3773 3287 4315 9005 5184 4180
 3662 5752 9669 4207 4031 4076 1440 1727 1000 7718 2582 9985 9834 1634 935
 550 6665 2300 5940 6605 1120 4261 4496 1169 3530 2750 4390 2063 4350 7809
 610 7672 2812 4852 3794 8253 1888 9692 8301 6537 247 3636 9733 3893 5217
 3358 8353 3791 4071 3499 4950 5973 4954 3880 2668 6796 3776 6599 902 7055
 915 2351 4274 2250 3344 5984 9924 4134 6392 479 7212 793 6813 2269 3261
 4907 8178 8759 125 4239 8508 3275 1221 2748 7117 9182 9107 1965 9782 1022
 3437 8413 6473 9203 5054 3951 661 2449 324 6611 4248 443 6775 2571 8183
 8091 8507 9907 2957 4657 1583 6651 1641 6087 3808 5111 3335 7921 3989
 9110 483 3416 2698 3503 3381 5201 8132 245 6575 3723 898 9629 9904 2535
 3702 4086 149 3146 4205 9755 8327 1436 515 8444 1159 8095 3280 9634 7819
 6686 4948 1678 3475 2925 7195 797 2658 7850 2979 1044 8262 2611 4477 4433
 8275 2690 9709 1691 1696 1581 4454 3115 283 944 5269 1198 478 6593 6625
 542 9847]
[3951 661 2995 2449 324 4248 443 6775 6725 9606 4302 2571 2185 8183 4583
 5134 7491 3757 3567 8982 1942 8507 9655 9907 1404 7542 2957 9675 2735
 3033 5710 2705 4657 7849 7494 9234 8823 4634 1583 6651 2009 7454 1641 528
 7084 7178 6716 1014 6035 6087 552 3808 3559 5111 9910 1855 3166 7921 9139
 3989 3879 1192 8160 4300 5608 9110 7842 3416 2698 7248 3503 3381 5201
 8132 245 6575 9904 2969 2535 9651 1823 9433 4408 1288 4086 149 3146 4205
 9755 8327 1436 515 1759 1159 8095 3280 9634 7819 1782 6686 4948 1678 9754
 2925 7195 797 9700 9552 2658 7850 2979 5083 8262 4584 9654 7498 4477 429
 3598 4126 4433 8275 2298 2690 7541 8258 4323 1696 1243 4990 8 1581 4231
 4454 502 3404 4498 3115 283 4451 2513 944 5269 1198 478 2488 3334 6593
 1469 3460 6625 542 2241 1502 1356 167 6390 2011 7474 3876 182 1024 930
 9959 7249 1135 9595 619 1050 3838 7445 3846 1091 4018 7521 2507 6530 7240
 3577 3216 3305 3824 1378 9071 8270 1952 5735 152 9998 9738 6523 1874 2387
 6790 4368 4312 4740 1559 4094 9698 9016 1039 1286 4238 4359 741 195 9728
 6940 551 3502 7870 4879 9826 2574 2713 4560 3206 2237 2429 1701 3228 4230
 5611 3623 3124 8299 4156 3746 7471 6563 577 4504 321 1644 508 877 7673
 3557 3516 8435 6744 3065 3574 7577 2946 1941 3464 699 2052 6570 8329 3450
 7691 1127 7376 605 3769 3707 2457 532 7235 3136 7437 2617 9762 1989 66
 1473 6739 1669 2065 9970 5960 1357 2043 4137 6746 2131 1982 6718 3663
 2659 5143 9677 4212 7413 6460 9732 1865 3820 78 5262 3685 9530 936 63
 3718 970 4601]
[3951 324 6611 443 6775 8948 3166 9139 1364 1192 870 3416 3503 3381 5201
 245 6575 3723 3186 9629 9904 2969 2535 9651 9513 1823 3702 8213 149 3146
 4205 515 9634 1782 1678 9754 2925 9700 9552 7850 1044 8262 9654 3755 3598
 4126 4433 8275 2690 8258 362 1433 1581 4231 2938 4498 283 4451 2739 944
 1877 5269 1198 1325 478 2488 3334 1469 1785 5394 6625 542 9847 261 6390
 2011 5601 7474 4419 6894 182 1024 4814 930 9959 7249 1879 2743 1135 5204
 619 1050 3838 7445 2650 1091 4018 7426 8158 582 1124 1522 6765 7521 2507
 6530 7240 3577 4967 2689 3824 3132 9071 257 1952 5735 1273 9998 9738 6523
 2233 3749 96 4368 7473 4740 4094 9698 3748 9875 4238 741 6940 551 3502
 8144 4879 7394 9826 2574 9832 2930 7434 3206 4959 2429 1701 9194 3228
 4230 5611 3623 5621 4156 3746 6563 577 4504 321 508 2697 3583 4065 5011
 7673 3557 9906 9835 1092 2946 4743 7376 2419 538 1115 2099 8020 1627 2348
 8381 700 66 6495 4301 1317 514 7108 6120 3555 9793 9610 346 4197 2146
 9892 8273 9694 4712 4615 4011 6710 63 5209 2300 5940 837 7713 806 8292
 6886 1217 2090 2211 2921 9768 4852 4108 4511 3534 4313 4915 4567 2862
 3394 9268 3898 3109 1101 1234 2901 3580 1029 3905 956 2203 4399 3492 8092
 1900 7876 4228 3636 61 7216 781 9733 8232 3893 2911 9057 5219 9254 499
 4968 4810 960 9649 4071 4053 4421 4863 2159 1572 9045 9944 4307 3738 3880
 2668 1618 2028 4613 3776 6599 968 2351 2395 5182 9206 7653 1413 1082 6598
 4358 5962 5434 3263 7444 1406 9380 1676 6637 9830 9932 3963 3008 6734
 1970 8079 6566]
[528 1014 6087 3808 3559 1573 9910 1855 3335 9139 1364 2430 3879 1192 870
 8160 4300 1212 5608 7842 3416 5056 7248 3381 5201 245 3723 898 3186 3030
 8095 3280 9634 7819 1782 4948 1678 9754 3475 2925 7195 8275 2938 3115 283
 9925 2739 944 5269 1325 478 2488 4798 1469 3460 542 2241 9847 1356 4722
 2011 3204 6706 182 1024 4814 2772 7249 1879 2743 9595 619 3838 7445 3846
 4018 582 1522 2507 6530 3577 2689 3305 3824 1378 9071 5735 1273 7135 9738
 6523 2233 96 4368 4312 7492 4094 9698 9016 4238 741 195 6507 9728 6940
 551 8144 7394 2574 9832 2930 6681 7434 3206 2237 4959 2429 8170 3228 4230
 5611 3623 3746 7471 6563 577 4504 321 6735 2697 9687 3583 4065 543 9906
 4072 8981 3516 7736 495 8435 9835 4656 5306 5824 1092 959 7577 9600 6793
 2946 4389 2859 3902 670 4702 119 9702 3674 3464 9253 1345 9691 3448 2052
 59 6570 1999 211 7691 1127 7671 7376 8003 3785 3769 1846 538 1384 3468
 4825 8020 1627 3136 4199 943 8381 6495 1317 7108 3555 6914 1473 346 4478
 1669 8445 4857 4615 4619 5960 2204 2043 7574 4137 73 1447 9562 3795 7578
 3519 844 1296 1954 5143 6620 6460 435 1865 1375 1470 9783 4681 78 6737
 2960 6391 3718 970 3754 4287 7888 9646 3946 1274 3476 9626 7423 1910 7127
 3405 2339 1732 3773 7490 7679 6642 1068 7923 5495 4911 7539 866 7398 7361
 4500 3061 5752 1153 4013 8255 9922 4031 4076 2823 1000 7718 2582 4461 317
 7468 7917 9834 7963 184 1415 6872 213 2750 5536 5749 806 2793 3523 7588
 3552 6417 436 610 6867 9768 3794 4915 2987 7779 9268 9880 1242 3580 1266]
[3951 661 2995 2449 324 4248 443 6775 6725 9606 4302 2571 2185 8183 8091
 4583 5134 7491 3757 8982 1942 8507 9655 1404 9675 3033 5710 9234 4634
 6651 7454 1641 8948 528 6716 1014 6035 6087 3808 1573 5111 1364 2430 3879
 1192 2289 5608 483 3503 5201 6575 898 3186 9629 9904 2969 9651 9513 1823
 3702 9433 4408 8213 4086 149 3146 1709 4205 9755 1436 515 1759 8095 7819
 9754 2925 9700 9552 2658 7850 5083 1044 2611 9654 5678 7498 4477 429 3598
 4433 7541 362 1433 1691 4323 1243 4990 1581 4454 9925 4451 2513 5269 478
 2488 3334 1469 6625 542 1356 167 261 6390 2011 7474 3204 7249 2743 1135
 9595 619 7445 1091 4018 582 1124 1522 6765 7521 2507 6530 7240 3577 4967
 2689 3216 3305 3824 3132 1378 9071 8270 1952 5735 1273 7135 6523 1874
 2233 2387 3749 7473 7492 4740 693 4094 7583 9698 1039 4238 4359 741 195
 6507 9728 2902 6940 551 3502 7870 4879 7394 9826 2574 9832 2713 6681 7434
 2237 2429 1701 3994 9194 3228 3002 3623 3124 4156 7471 6563 577 321 1644
 2697 7459 4065 543 1968 7673 4072 7996 3384 2422 8435 9835 4656 959 264
 4118 6793 2946 1941 670 4702 6788 119 9253 9103 1345 699 3448 2052 59
 6709 7402 2665 2825 1999 4727 3556 7691 7376 8003 3785 3769 1846 282 2029
 1627 3136 9126 8381 4439 66 6495 1317 514 2325 6643 9610 7999 8273 9694
 4545 9970 6710 5960 691 645 2320 8181 4341 2043 1200 3654 4137 6746 3001
 3795 2040 3117 1982 92 7578 3855 3778 456 3519 2659 1550 1296 2986 4096
 9677 1093 7808 4212 6460 9732 4726 1969 3062 7198 621 1865 9150 970 5567
 3754 6513]
[3951 661 2449 324 6775 2571 9139 3989 1364 2430 3879 1192 870 4300 2289
 5608 9110 483 7842 2698 7248 3503 5201 8132 245 6575 898 3186 9904 9651
 9513 1823 3702 9433 4408 4086 9755 8327 1436 515 1759 8095 9634 7819 1782
 4948 1678 9754 7195 797 9552 7850 2979 5083 1044 8262 2611 4584 9654 5678
 7498 4477 3598 4433 8275 2298 2690 7541 8258 4323 1696 4990 1581 4231
 4498 3115 283 4451 2513 1877 5269 1325 478 2488 6593 4798 1469 5394 542
 9847 7187 1356 2358 167 6390 2011 5601 4419 1024 9666 4814 1879 1135 5204
 9595 619 1050 3838 7445 3846 4018 7426 582 1124 6765 7521 2507 6530 3577
 2689 3216 3824 8270 257 1952 1874 4740 9698 3748 1286 9832 2930 7434 2429
 4230 8299 7471 4504 543 9906 4072 9764 46 8435 9835 6744 1114 4656 5306
 5824 1092 3884 3341 3065 959 264 9600 3254 4118 497 2946 1941 8785 3674
 6905 4201 9712 699 59 8331 3450 1999 4727 3785 3769 1846 538 1384 2099
 3818 1033 1627 8182 9762 4439 700 66 6495 1317 7108 6120 3555 4640 9793
 9610 1473 4197 1208 8273 9694 4712 9970 1579 1901 3654 92 3778 2659 1550
 2389 3955 4096 6620 435 9679 4146 1375 1687 1899 1142 5851 6952 1910 5261
 7268 6565 6617 3811 1772 9792 2829 6975 5841 8245 1072 4577 3762 4986
 5519 7698 151 3106 7689 1882 2064 1561 1928 2905 344 9883 4489 4177 6564
 1732 7208 2229 325 4251 4873 2408 7490 6642 1068 3150 3490 2556 6787 7106
 5495 1755 4494 3521 1663 7777 1808 3817 2313 1749 8107 5192 4260 9456
 6558 4748 2018 7579 4075 8198 2635 2205 6677 1062 1607 8998 8728 243 3871
 3456 7193 2750]
[1026 515 2052 8 1033 7178 2571 2574 3599 5134 528 9234 1044 5601 4118
 1559 1050 9243 4634 9755 6686 7195 542 4131 1573 551 3623 552 3115 5678
 1583 1584 2608 9780 3132 577 1092 8262 8270 6735 5710 7248 7249 6746 605
 96 9826 1124 5735 9832 4712 9831 9835 1641 6765 621 619 3186 627 5111
 4722 1142 8823 3702 2689 3204 6790 3206 8327 6793 2698 1159 7819 4238
 1678 3216 2705 1684 661 149 152 2713 4248 1691 9888 3746 7842 3748 3749
 1701 9700 167 7849 3754 6827 3757 1198 2735 9904 2739 182 2233 699 1212
 2237 7870 4284 5824 2241 3778 195 7875 7162 3785 7673 4302 4814 1232 4312
 3808 7394 4323 741 3305 3818 6894 3824 7921 8435 8948 7413 6390 3832 1273
 4857 2297 8444 8445 3838 2815 1785 257 2309 3846 1286 4359 264 7434 3334
 261 3341 9998 4879 4368 5394 7445 8981 8982 283 6940 7454 2339 3876 9513
 7469 1325 7471 7473 7474 9016 4408 4922 8507 1855 9539 7492 324 7491 7494
 4419 3404 1356 9552 4433 8530 4948 1877 2902 1879 4959 7521 1378 4451 478
 870 4454 362 6507 7531 9071 3951 2930 2419 6004 7541 2422 7542 6523 2429
 2430 4477 6530 2946 3460 1502 9606 1933 2449 4498 5011 6035 3989 1942
 3475 1433 3994 8091 1436 9629 8095 1441 9634 2467 2979 930 1447 6570 2986
 4523 6571 3502 7084 3503 4018 2995 9139 9655 2488 3001 3002 443 1469 5056
 6593 9666 8132 6087 2507 9675 9677 1999 8144 4560 2513 6611 3033 5083
 2011 8158 7135 8160 4065 9698 3555 3556 3557 9702 2021 4072 4583 3559
 5608 483 2535 4584 9709 4081 1522 6643 5621 3574 8183 1014 3577 4086 6651
 502 4094 3583 2755]
[1024 9728 515 2052 8 1033 7178 528 9234 4118 6681 538 4634 9754 7195 6686
 543 4126 1050 9764 9253 1573 551 552 3623 3115 1581 46 1583 4656 4657
 2099 2611 6709 9783 7736 4665 6716 4156 6718 63 3136 8258 7235 1092 2116
 3654 4163 6725 582 3146 7240 3577 78 6735 7248 5201 7249 2131 8276 3674
 2651 2650 1114 3166 2658 1124 1127 4199 4201 1641 9835 619 4205 6765 5735
 9832 3186 7283 5111 4727 6775 8823 3707 2689 2690 4740 6790 4743 1159
 8329 2185 2698 7819 4231 1678 4238 2705 2197 149 5269 4248 3228 670 1696
 9888 6818 7842 3746 3749 1701 167 1192 7849 7338 3754 7850 1709 9906 2739
 3254 9910 182 3769 2233 1212 8381 4284 4287 4798 2241 2237 7875 5824 9925
 4300 1740 4302 1232 2770 3795 1751 9433 1759 1762 4323 7394 7402 6894
 7921 2289 1267 1781 245 1782 1785 2298 1273 8444 8445 257 7426 261 3334
 3335 779 4368 787 8982 283 6940 797 7454 1823 4230 3876 3879 9513 7473
 3381 2358 3384 8507 6460 3902 1855 1345 321 8003 7491 7492 7494 5960 7498
 3404 9552 4433 1874 2387 8020 1364 4952 346 9562 7521 1378 870 4967 1384
 362 2925 877 3951 2930 2419 7541 7542 3450 2938 1404 4477 2430 4990 9595
 3464 7049 2960 2449 4498 6035 9620 3989 1942 9110 3475 2457 2969 8091
 1436 1433 3994 8095 7583 9634 936 6570 4011 7084 943 3503 944 4018 2995
 9139 9651 9654 9655 7608 3001 3002 443 3516 959 5056 6593 9666 970 2507
 9677 1999 9679 2513 4560 6611 2516 468 9173 9687 3033 2011 1502 8160 6625
 5601 3556 9702 4583 9709 3567 8182 8183 502 7673 7162 6651 508 3574 1344
 865 6619]
[6611 443 6775 6725 9606 2571 2185 8183 8091 4583 3757 8982 1942 8507 9907
 7542 2957 9675 3033 5710 2705 4657 7494 9234 8823 6651 2009 1641 528 7178
 6716 1014 6035 6087 552 3808 3559 1573 5111 779 1855 3166 7921 9139 3989
 1364 2430 1192 870 8160 4300 1212 2289 9780 483 7842 3416 2698 7248 3381
 5201 6575 898 3030 9629 9904 2969 2535 9651 9513 1823 8213 149 4205 8327
 515 8095 3280 9634 4948 1678 9754 3475 797 9700 9552 7850 2979 5083 1044
 8262 2611 4584 7498 4477 429 3755 7875 4284 2690 4323 1696 8 4454 1740
 1469 1785 3460 6625 2241 1356 2358 167 4722 2011 5601 7474 6706 4419 6894
 1024 4814 930 7249 1879 2743 1135 9595 619 1050 7445 3846 7426 8158 1124
 6765 7521 2507 6530 2689 3216 3305 3824 1378 9071 5735 1273 152 7135 6523
 2387 6790 3749 4312 7473 7492 4740 4094 7583 9698 1039 1286 9875 195 6940
 551 8144 7394 9826 2574 9832 2713 7434 3206 2237 1701 3994 9194 3228 3623
 3124 5621 8299 7471 6563 1441 577 4504 2697 3583 7459 543 5011 7673 9906
 4072 3384 495 9764 9835 1114 3065 959 2946 2859 8785 1345 2552 3448 7402
 3769 7235 3818 943 7437 7504 1317 3555 191 4197 9694 6710 4619 5960 645
 2320 1357 991 5841 1072 4986 3599 4017 1933 3106 6827 1561 1928 9841 4423
 2905 344 7481 2038 4177 6059 1748 6642 6747 7539 4315 5209 7398 1493 9877
 9005 7361 7241 3504 4500 7511 6571 624 3494 4380 217 1015 3189 9840 9922
 4076 1727 7262 4461 317 7476 8928 9985 7468 7917 1634 7419 550 2004 4261
 213 4496 6749 457 1169 9382 829 1495 8292 425 2063 4350 3176 6417 436]
[3951 661 2995 2449 324 6611 6775 6725 2571 8091 4583 5134 7491 8507 1404
 7542 9675 2735 2705 4657 7849 7494 9234 1583 2009 7454 8948 7084 6716
 6035 6087 552 3808 3559 1573 9910 1855 3166 7921 9139 3989 1192 8160 2289
 483 7842 2698 7248 245 6575 3723 898 3030 9629 2969 9433 4408 149 3146
 9755 8327 1436 1759 1159 9634 6686 1678 9754 2925 7195 9700 2658 7850
 2979 5083 1044 8262 2611 3598 4126 7875 4433 8275 4284 362 1243 5835 1581
 4454 2938 4498 3115 283 9925 2513 1232 1877 5269 1198 478 1469 5394 3460
 7162 6625 542 7187 1502 1356 2358 4722 6390 5601 7474 3204 182 1024 4814
 2772 930 9959 1879 2743 1135 5204 9595 1050 8158 582 1522 2507 6530 7240
 4967 3824 1378 8270 5735 96 7473 7492 4740 1559 693 3748 1039 195 6940
 9826 2574 6681 7434 2237 3623 5621 8299 6563 4504 508 4065 543 5011 9243
 46 8435 9835 6744 1092 3341 3065 3574 3751 4118 497 2859 1941 6788 2552
 2825 8329 3450 1127 7671 2467 7558 2309 605 3769 1115 1781 532 1033 1751
 2348 8381 1989 2325 9793 6643 6739 4478 9892 8273 5343 6710 5960 1778
 1357 7574 73 3795 2040 6024 5379 3778 456 1954 2389 1093 8469 6004 2855
 435 5639 3685 3329 63 1267 7489 1910 2339 3474 8453 5261 8094 151 4782
 2297 1928 6564 2420 1431 2229 3773 7106 5140 3832 3287 4315 9926 7398
 1493 9877 4541 4888 7241 3504 4500 975 3061 1089 3662 2021 1015 4013 3189
 9840 6661 3158 1440 1727 1052 9985 9636 6605 2460 1169 692 5536 9168 2063
 4350 3176 8912 9672 7809 1878 3631 3794 4915 774 6783 9465 3109 6688 3492
 4228 3636 9057 9372]
[3951 2995 2449 324 6611 4248 6775 9606 2571 2185 8183 8091 4583 5134 6035
 6087 3808 3559 1573 779 1855 3166 1364 2430 3879 1192 8160 4300 1212 2289
 5608 9780 483 7842 3416 2698 5056 7248 3381 5201 245 6575 3723 898 3186
 3030 9904 2969 9651 9513 1288 4086 149 3146 1709 4205 8327 1436 8444 1159
 8095 3280 9634 1782 9754 3475 7195 797 9552 7850 5083 4584 9654 3598 7875
 8275 2690 9709 4323 1243 8 4231 4454 4498 3115 4451 2513 944 1198 2488
 3334 6593 4798 1469 3460 6625 542 2241 9847 9888 1502 1356 167 261 4722
 6390 5601 7474 3876 4419 6894 182 9666 2772 930 9959 7249 1879 2743 5204
 9595 619 1050 3838 7445 3846 2650 1091 4018 7426 582 1124 1522 6765 7521
 6530 2689 3216 3824 3132 5735 1273 9998 7135 9738 1874 2233 6790 3749 96
 4368 4312 7473 7492 4740 1559 693 4094 9698 9016 9875 4238 4359 741 195
 2902 6940 551 7870 8144 9826 2574 9832 2930 2713 4560 6681 7434 2429 3994
 9194 4230 3002 5611 8299 3746 6563 1441 577 4504 6735 2697 9687 7459 877
 4065 543 5011 7673 9906 9243 7996 3384 7736 495 2422 46 8435 9835 6744
 1114 4656 5824 3065 3574 3751 264 497 4389 2859 1941 8785 670 4702 6788
 9253 9103 1345 4201 9712 2052 59 6709 7402 8331 6570 2665 2825 4743 3450
 4727 211 7691 7376 3785 2419 3769 9008 9620 1846 7608 1115 1384 3707 6535
 468 2099 9503 3558 2457 532 7235 8020 282 2029 1627 2348 9126 943 7437
 8381 2617 66 6495 2325 7108 3555 9610 1669 9315 9970 6710 5960 645 8181
 1200 3654 2584 3795 1982 9211 1550 1296 3955 9677 4426 9921 395 4068 4950]
[1855 7921 1364 2430 870 8160 4300 5608 483 7842 3416 2698 7248 3503 3381
 5201 245 6575 3030 9904 9651 9513 1823 3702 8213 4086 9755 515 8444 1159
 3280 9634 7819 1678 9754 7195 797 9552 2658 7850 2979 8262 9654 5678 7498
 3755 3598 7875 2690 8 1581 4231 4454 3404 2938 4498 3115 9925 4451 2513
 1232 1877 1325 2488 3334 6593 4798 1469 7162 6625 542 1502 2358 167 4722
 6390 2011 5601 7474 3204 3876 6894 182 1024 4814 2772 930 7249 4018 195
 6507 9728 2902 6940 7870 8144 4879 7394 9826 2574 2930 2713 6681 7434
 3206 1701 8170 3228 4230 5611 2166 3623 5621 3746 7471 6563 1441 4504
 6735 1644 2697 9687 7459 877 543 1968 7673 3557 9906 4072 3516 9243 7736
 495 8435 9835 4656 1092 3341 3574 959 3751 4665 4118 4389 2859 1941 8785
 4702 119 9702 3674 1345 4201 2552 699 3448 2665 8329 1999 4727 1127 7671
 2467 7376 2516 605 9620 532 8020 8182 2348 4199 9126 7437 8381 4017 7490
 6642 7499 8530 6787 5140 5650 4121 6747 7539 9926 5184 9669 4207 4761
 5720 1727 8928 7419 7070 3466 692 1495 8912 4361 4108 3631 1414 5038 2225
 7090 3967 9747 1374 9268 5360 1888 4228 8952 9649 4863 2159 304 958 6492
 1618 2028 6599 1992 7440 4868 349 6154 6722 9695 7982 5600 7439 969 7408
 8538 3275 2654 9182 5701 9853 1965 8280 6730 9782 1494 1556 2678 2143
 8296 5654 1861 1904 2191 1860 9817 7252 1808 6573 8440 4176 9491 1689
 1749 4745 460 2145 8267 4339 8835 1638 8097 1549 5784 3981 3705 4939 6458
 1268 5926 1279 6759 7099 9456 507 7057 1410 7372 2790 104 8293 6803 9063
 4878 38 728 1380 132]
[4454 502 3404 2938 4498 3115 283 9925 4451 2513 2739 1198 1325 478 2488
 3334 6593 4798 1469 1785 5394 7162 6625 542 7187 9888 1502 1356 2358 167
 261 4722 2011 5601 6894 1024 9666 2772 7249 1135 5204 619 3838 7445 3846
 4018 7426 8158 582 1124 1522 6765 7521 2507 6530 7240 3577 2689 3305 3824
 3132 1378 9071 8270 257 152 7135 9738 1874 6790 3749 1559 693 9698 195
 6507 6940 551 3502 8144 9826 9832 2930 2237 1701 9194 3623 3124 4156 3746
 1441 6735 877 9906 6744 4656 1092 3065 3574 7577 4665 264 1197 4118 2946
 670 119 9253 2116 4201 699 2052 59 7402 8331 6570 2665 2825 8329 3450
 1999 3556 211 7691 2467 8003 2516 605 3769 7338 7608 3707 6535 468 532
 8020 3818 1033 1751 1627 8182 2348 9126 7437 9762 4439 7504 66 2325 7108
 9777 3012 9793 6643 6739 346 4478 2146 1319 8273 4545 2065 4712 9970 4857
 691 1778 8181 1357 2584 6746 3001 3795 3117 6024 7578 3855 7531 3663 3778
 844 1550 5236 2986 4096 8469 4523 6460 1969 9679 661 2995 2449 324 4248
 443 6775 4302 2571 2185 8183 8091 4583 5134 7491 3757 1942 9655 9907 1404
 7542 2957 9675 2735 3033 4657 7849 9234 8823 4634 1583 6651 7454 1641 528
 6716 1014 6035 6087 3808 3559 5111 779 1855 3166 7921 9139 1364 2430 3879
 8160 4300 1212 2289 5608 9780 9110 483 3416 2698 7248 3381 5201 245 3723
 898 3186 3030 9629 9904 2535 9651 1823 3702 9433 8213 1288 4086 149 3146
 1709 9755 8327 1436 1759 8444 1159 9634 7819 1782 6686 4948 1678 9754
 2925 7195 797 9700 9552 2658 7850 2979 5083 1044 8262 2611 4584 5678 7498
 4477]
[2995 2449 324 6611 4248 443 6775 6725 9606 2571 8183 8091 4583 5134 7491
 3757 3567 8507 9907 1404 7542 2957 2735 3033 5710 2705 4657 7849 7494
 9234 8823 4634 6651 2009 1641 6716 1014 6035 552 3808 3559 1573 9910 1855
 3335 3166 7921 2430 3879 1192 8160 2289 5608 9780 9110 483 7842 2698 7248
 3381 5201 245 898 3186 3030 9629 2969 9651 9513 1823 3702 9433 1288 4086
 149 1709 4205 515 1759 8444 8095 3280 9634 7819 1782 6686 4948 1678 9754
 3475 2925 7195 797 9700 9552 2658 7850 2979 1044 8262 4584 9654 4477 429
 3755 3598 7875 4433 2298 4284 2690 9709 7541 8258 1433 4323 1696 5835
 4990 1581 4231 502 3404 2938 4498 3115 283 9925 4451 1740 2739 944 1877
 5269 1198 1325 478 2488 6593 4798 1785 5394 3460 7162 6625 542 7187 9888
 1502 1356 261 4722 6390 7474 4419 6894 182 9666 930 9959 2743 1135 5204
 9595 3838 3846 2650 1124 6530 9071 1273 7135 551 2574 4959 8170 3623 1441
 4504 321 1644 508 2697 543 1968 7673 9906 4072 8981 3516 7996 495 2422
 9764 8435 9835 6744 1114 5306 1092 3341 3065 3574 959 4665 264 1197 3254
 4118 2946 1941 8785 119 3674 2116 4201 2552 9691 699 3448 6709 7402 2665
 2825 4743 8329 1999 3556 211 1127 2467 7376 8003 2309 2516 3769 9008 7338
 7608 1115 1384 3468 4825 468 2099 9503 3558 2457 8020 3818 1751 2348 4199
 8381 4301 1317 2325 6912 6914 6739 4478 1669 8273 9970 1579 6710 4619
 5960 1778 3654 4137 6746 3117 3663 1550 2389 3955 7808 7413 6004 2855 684
 7198 1375 4163 2233 6790 3749 96 4368 4740 1559 7583 9698 1039 9875 4238
 741 9728 2902]
[4201 6542 699 3448 2052 59 8331 4743 7671 2467 3785 2516 605 3769 9620
 7338 1117 1115 6535 3468 4825 468 9503 2457 8020 3818 1033 1627 2348 1989
 6643 6739 346 9892 9315 9970 4615 1901 3654 3795 1982 92 7578 3855 3663
 3778 456 2659 2986 3955 4096 6620 4523 7826 6004 1375 1470 340 4952 3511
 9017 3685 6997 1762 6391 7049 9646 761 827 9626 2970 8047 6725 9606 4302
 2571 2185 8183 8091 5134 7491 3757 3567 8982 1942 8507 7542 9675 2735
 3033 5710 2705 4657 7849 7494 9234 8823 4634 1583 6651 1641 8948 528 7084
 7178 6716 1014 6035 3808 3559 1573 779 9910 1855 7921 9139 2430 8160 1212
 2289 5608 9780 483 7842 3416 2698 5056 3381 5201 245 6575 3723 898 3186
 3030 9629 9904 2535 9651 9513 1823 9433 4408 8213 4086 149 3146 4205 9755
 8327 1436 515 1759 8444 3280 9634 7819 9754 2925 7195 797 9700 2658 2979
 5083 1044 8262 2611 4584 5678 7498 4477 4126 2298 4284 2690 9709 7541
 8258 362 1433 1696 4990 1581 4454 3404 2938 4498 3115 9925 4451 1740 1232
 5269 1198 1325 3334 1469 5394 3460 7162 2241 7187 1356 2358 261 6390 5601
 3204 6706 6894 4814 2772 9959 7249 2743 9595 7445 3846 1091 7426 582 1124
 6765 2507 6530 7240 3577 4967 2689 3216 3305 3132 1952 9998 9738 6523
 6790 3749 96 7473 1559 693 7583 1039 9875 4238 4359 741 195 9728 6940 551
 3502 7870 4879 7394 2574 9832 2930 2713 6681 7434 3206 2237 4959 1701
 9194 3228 3002 5611 3623 3124 5621 4156 7471 321 2697 4065 1968 7673 9906
 9243 3384 7736 5288 8435 6744 1114 4656 5306 1092 3884 3574 3751 9600
 4118 6793 497 6659]
