Fault List:
36
39
36
31
35
35
35
30
36
35
30
34
33
31
38
37
35
28
33
32
36
32
35
33
29
32
38
39
32
41
FDR List:
0.36
0.39
0.36
0.31
0.35
0.35
0.35
0.3
0.36
0.35
0.3
0.34
0.33
0.31
0.38
0.37
0.35
0.28
0.33
0.32
0.36
0.32
0.35
0.33
0.29
0.32
0.38
0.39
0.32
0.41
Time List:
78.96145105361938
78.25256204605103
75.76551103591919
75.0151150226593
76.78668594360352
76.52075910568237
80.6757869720459
78.96510910987854
79.96405673027039
80.01338601112366
79.65437722206116
78.69639420509338
78.71340918540955
79.76928472518921
80.0492730140686
79.7500307559967
79.98142600059509
80.29823589324951
79.99403119087219
80.46457314491272
79.79994320869446
79.14412212371826
80.56045508384705
79.01495122909546
79.69774413108826
79.21881985664368
78.69398975372314
79.53645896911621
78.90000009536743
79.09576797485352
Subset List:
[3951 2995 2449 324 4248 6775 6725 4302 2571 2185 8091 4583 7491 3757 8982
 1942 8507 9907 1404 7542 2957 9675 2735 2705 4657 9234 6651 2009 1641
 7178 6716 1014 3808 9910 1855 3166 7921 1364 2430 1192 8160 4300 2289
 9780 9110 7842 3416 7248 3503 3381 5201 245 3723 898 3186 9904 2969 2535
 3702 8213 1288 4086 149 3146 1159 8095 3280 1782 4948 9754 2925 797 9700
 9552 2658 7850 1044 4584 7521 3824 152 6790 3749 96 7473 9875 4359 741
 195 2574 9832 2930 2713 577 508 2697 9687 877 7673 3516]
[3951 2449 6611 4248 6775 4302 2571 8183 3757 3033 7849 7494 6716 3808
 3559 9910 1855 1364 2430 1192 4300 5056 2969 2535 4086 3146 515 1759 8095
 797 7850 5083 4584 7498 4433 5835 8 4454 4498 283 9925 4451 5269 478 2488
 3334 6593 4798 3460 542 9888 167 5601 6894 182 1024 9666 2772 930 619
 7445 1091 4018 8158 6765 2507 6530 3305 1952 5735 1273 1874 2387 6790
 4312 4094 9698 3748 1286 4359 741 6940 8144 9832 2930 1701 3002 3623 59
 6709 7402 8331 6570 2665 2825 211 2467 8003 2309 543]
[779 1855 9139 502 4498 3115 283 1325 478 3334 5394 3460 1356 261 2011
 5601 4419 4814 930 7249 1879 2743 1135 1091 4018 6530 2689 3305 7492 4094
 9698 1039 4359 8144 9832 8170 9243 3384 9835 4656 5824 3341 3751 5647
 7402 3556 2309 2029 8381 7108 6120 9793 1473 6739 4615 5960 1778 3001
 9677 6620 4523 6004 3062 1023 9679 5349 340 970 5409 1961 2628 5261 1772
 4966 3599 689 9290 3984 3773 9168 3750 5423 8889 4558 2089 8229 2028 4613
 9849 8183 4657 1641 7084 6087 3808 3559 1364 4300 5608 483]
[3951 661 2449 324 4248 443 6725 9606 2185 8183 5134 7491 8507 9655 9907
 1404 7542 2957 2735 4657 7849 9234 8823 8948 528 552 3808 3559 1573 5111
 3335 3166 3989 2430 870 2289 5608 9780 483 7842 3416 3381 245 6575 898
 3186 3030 9904 2969 2535 9513 1823 3702 9433 8213 4086 3146 1709 4205
 8327 1759 8444 9634 1678 9552 2658 7850 7498 4477 3755 3598 7875 8275 362
 1696 1581 2938 283 1740 1232 2488 3334 1469 5394 7162 3876 930 1050 1522
 7240 2689 3824 1952 5735 152 7135 9738 4094 9503 1981]
[3951 661 2995 324 6611 4248 443 6775 6725 9606 2571 2185 4583 7491 9655
 9907 1404 9675 3033 2705 7849 7494 8823 2009 7454 8948 1014 6087 552 3559
 1573 5111 1855 3166 1364 4300 9110 483 3416 5056 7248 5201 6575 3723 2535
 9513 3702 3146 1709 4205 9755 3280 9634 4948 1678 9754 3475 2658 8262
 9709 4323 4454 502 283 1325 3334 6593 3460 9888 7474 6894 2772 2743 1135
 9595 1050 7445 3846 1091 2689 7473 9698 3748 195 9728 6940 7870 2574 2713
 4560 7434 1701 3124 6563 1644 2697 7459 543 5011 3358]
[3951 661 2995 324 4248 443 6775 9606 8183 8091 4583 5134 3567 1942 8507
 9655 1404 3033 5710 2705 4657 4634 7454 8948 528 7084 7178 3808 3559 1573
 9910 1855 9139 1364 2289 9780 483 7842 3416 5056 3381 5201 245 6575 898
 9629 2969 1823 9433 8213 4205 1159 9754 3475 797 7498 4126 7875 4433 8275
 7541 362 1691 1696 5835 8 502 283 4451 1740 2488 3334 4798 5394 3460 6625
 542 2358 167 5601 7474 4419 2772 1879 619 3838 7445 4018 2507 3824 1874
 2233 4094 9875 4359 195 2429 3994 9194 4584]
[3951 661 2995 2449 324 6611 4248 443 6775 6725 9606 4302 2571 2185 8091
 4583 5134 8507 9655 9907 7542 2957 2735 3033 5710 2705 4657 7849 7494
 6651 2009 7454 528 7178 6716 1014 5111 3989 1364 3879 8160 4300 9780 483
 7842 3416 2698 3381 6575 3723 9629 9433 4408 8213 149 3146 1159 3475 2925
 7195 9552 2658 5678 7498 429 4433 362 1696 4451 1740 478 2488 3334 1469
 1785 5394 6625 1502 261 7474 4419 6894 1024 9666 930 1135 3838 1091 7426
 1124 6765 2507 6530 7240 4967 3305 3824 8270 5735 9883]
[2995 2449 324 4248 6775 2571 2185 8183 4583 5134 7491 3757 8982 9907 9675
 2735 3033 5710 2705 4657 7494 9234 8823 4634 6651 7454 8948 528 7178 1014
 6035 6087 552 3808 779 9910 1855 3166 7921 9139 3989 2430 870 2289 5608
 9780 3416 5056 8132 245 898 3030 9904 9513 8095 9634 2611 9709 2513 944
 1198 6593 167 261 6390 5601 4419 6894 182 1024 2743 3838 7445 3846 1091
 7426 6530 3216 3824 1378 257 9998 1874 2233 6790 96 1559 693 9698 3748
 1039 1286 4238 195 8144 9826 2930 2713 7434 523]
[3951 2995 2571 2185 8183 8091 4583 3567 8982 8507 9907 1404 7542 3033
 5710 2705 7849 6651 7454 8948 7084 3808 3559 1573 779 9910 3166 7921 1364
 2430 3879 870 2289 9780 7842 3416 2698 5056 3503 3381 5201 8132 6575 3723
 9629 9651 9433 4408 1288 4086 1436 515 1159 4948 9754 9700 9552 2658 8262
 2611 7498 7875 4433 9709 1691 4323 1243 8 4231 4454 2938 1232 944 1325
 6593 1469 5394 3460 542 9888 2358 4814 1879 3846 7426 1124 7521 6530 7240
 2689 8270 1952 5735 6790 3749 9698 6940 3502 4879 119]
[930 4018 7426 582 1522 6765 7521 6530 3577 3824 3132 8270 3749 4368 4312
 9698 3748 4238 741 195 2902 3502 9826 9832 2930 2713 6681 7434 3206 2237
 4959 1701 3994 6563 577 4504 2697 3583 7459 4065 9764 46 8435 9835 6744
 1114 4656 1092 3341 3951 661 2449 324 6611 443 6775 9606 4302 8823 7454
 1641 6035 3559 5111 9910 3166 7921 3879 1192 870 9780 483 3503 5201 3723
 898 3030 9433 3146 1159 9634 1782 4948 9754 797 7850 9654 7498 4433 9709
 8258 362 4454 3115 4451 5269 6593 1469 7162 6625]
[1159 8095 9634 4948 1678 9552 2658 2979 1044 8262 9654 429 7875 4433 8258
 1691 4323 1581 4231 4454 2938 283 9925 1740 6625 7187 9888 2358 3838 7521
 7473 9698 6940 8144 4560 1701 3623 321 6735 9687 7673 3384 5288 3951 2995
 2449 324 6611 4248 443 6775 6725 9606 2571 2185 8183 8091 5134 8982 8507
 9655 9907 2735 3033 5710 7849 6651 7454 8948 528 7084 6716 1014 3808 1573
 779 1855 3335 2430 3879 1192 8160 1212 2289 5608 9110 483 3416 5056 7248
 5201 245 6575 3723 898 9629 9904 9651 9513 1823]
[661 2995 324 4248 6775 6725 9606 8183 8091 5134 7491 3567 1942 9907 7542
 9675 2735 2705 7494 9234 8823 1583 2009 7454 8948 7178 6035 6087 3559
 1573 5111 9910 1855 3166 9139 3989 3879 1212 9780 9110 483 2698 3503 5201
 8132 6575 3186 3030 2969 2535 3702 8327 1759 1159 9634 1782 4948 3475
 2925 797 9552 2658 7850 2979 5083 9709 1691 5835 4990 1581 4231 4454 502
 3115 9925 4451 2739 944 1877 5269 3334 1785 7187 4722 6390 3204 3876 6894
 182 4814 582 7521 2507 3305 3824 9071 6523 1874 96 4368]
[8 7178 5134 1044 9754 9755 1050 4126 1573 552 4657 9780 1091 7248 8275
 3166 1124 1641 619 4205 1135 8823 3204 8327 1159 149 5269 1192 9904 9907
 2739 9910 182 2743 2241 4300 4814 1232 2772 3808 245 1782 6390 1785 8444
 3334 3335 3846 7445 8982 1823 3879 9513 3381 2358 8507 4419 1364 3416
 4451 362 7541 7542 2938 2430 898 6530 9606 2449 6035 1942 9110 8091 1436
 8095 9634 429 3503 6575 4018 9139 9655 443 1469 5056 6593 2507 2513 3033
 2009 5601 483 2535 4584 3567 1014 5111 502 3577 3183]
[3951 661 2995 2449 324 6611 4248 443 6775 9606 2571 8183 8091 4583 7491
 3757 8982 9655 1404 3033 9234 8823 4634 6651 2009 7454 8948 528 7084 1014
 3559 1573 779 9910 1855 1364 2430 870 8160 1212 5608 483 7842 3416 2698
 5056 7248 3381 245 6575 3030 9629 9904 2535 9651 9513 3702 8213 1288 9755
 3280 6686 9754 2925 797 9552 7850 5083 8262 9654 3755 3598 4126 8275 2298
 2690 4231 4454 2938 3115 9925 1740 944 478 930 2743 1135 619 6530 2689
 3824 1378 152 6523 7492 9698 4238 6940 551 429]
[2995 2449 6611 4248 443 6725 9606 2571 2185 8091 4583 5134 8982 1942 8507
 1404 9675 3033 5710 2705 7849 1583 6651 7454 1641 3559 5111 779 1855 3166
 7921 1364 3879 8160 9110 483 3416 5056 3503 3381 5201 245 6575 3723 3186
 9904 2969 2535 1288 1709 4205 8327 1436 515 8095 797 2658 2979 2611 7875
 2298 8258 1691 4990 4231 502 2938 4498 283 4451 2513 5269 3334 6593 1469
 1785 5394 6625 542 7187 2358 167 261 3876 4419 7249 1135 5204 619 3846
 582 6530 4967 2689 1378 96 2930 6681 3746 428]
[4248 6775 4302 4583 3757 9675 3033 2705 4634 6651 2009 7454 7084 7178
 3559 1855 1364 1192 9780 3381 5201 245 6575 1709 515 6686 3475 2925 9700
 5083 2611 9654 7498 3598 4284 2690 8 4231 3115 4451 478 3334 6593 542
 7187 4722 6390 3876 4419 6894 182 1024 9959 1050 4018 1124 1522 7521 2507
 6530 9071 257 5735 152 9738 1874 2233 2387 3749 7473 4740 4094 9698 741
 195 6507 7394 9832 7434 3002 3623 6563 508 2697 7459 5011 9906 495 2422
 9835 4656 1197 870 8160 3416 9629 149 9755 9634 9754]
[3951 661 2995 2449 6611 4248 443 6775 6725 4302 2571 8183 8091 5134 3757
 3567 8982 1942 7542 2957 2735 3033 2705 4657 7849 9234 4634 6651 528 7178
 1014 6087 552 3559 1573 779 3335 3166 7921 9139 3989 1364 3879 1192 870
 1212 483 2698 5056 3381 245 3030 2535 9651 9513 3702 4408 4086 149 3146
 1709 8444 1159 3280 7819 1678 9754 2925 7195 797 9552 5083 4584 429 4126
 7875 8275 2298 2690 7541 1243 8 4454 542 9888 1356 4419 1135 5204 582
 7521 9071 1273 4368 1039 4359 741 8144 7394 2930]
[515 8 7178 1044 4634 7195 1573 1583 4657 6725 5710 7249 4205 6765 3186
 3702 6775 8823 2689 3204 8327 4231 2185 2698 3723 2705 661 5269 4248 167
 1192 3755 9904 9907 2739 9910 1212 2241 7875 9925 4302 4814 3280 1232
 1759 245 1782 6390 1785 2298 779 8982 283 797 9513 7474 8507 7491 324
 4433 1364 3416 4451 2925 3951 4477 898 2449 4498 3475 3989 8091 8095 2979
 3503 6575 9654 443 5056 9675 2513 6611 3033 2011 478 1502 8158 483 4583
 3559 5608 4584 9709 3567 1014 8183 502 7162 4849 693]
[3951 661 2995 2449 324 4248 443 6725 9606 2185 8183 8091 4583 5134 8982
 1942 8507 7542 9675 3033 4657 7494 9234 8823 4634 6651 2009 7178 6716
 6087 552 3808 779 3335 3166 1364 870 1212 2289 9780 483 7842 2698 5056
 3503 3381 8132 6575 3186 9629 9904 2969 9651 9513 1823 3702 4408 149 9755
 515 8095 7819 2925 9700 7850 8262 3598 4433 2690 9709 1696 1243 5835 4231
 4454 4498 4451 3334 6593 5394 3460 7162 9016 7870 4959 2429 3746 7471
 6563 508 2697 877 543 9906 4072 3384 495 8435 6744 4523]
[2697 9687 543 9906 8435 2946 4702 3674 2116 6542 59 6709 1127 7671 9008
 1117 1384 3468 7235 8182 2325 6912 6120 9892 9694 1447 3795 6024 9211
 2659 5236 1296 4096 4509 7198 7849 7494 2009 1641 528 3808 1855 3166 7921
 3989 7248 6575 9629 2535 9755 1436 1159 9634 1782 9754 7850 7498 3755
 4433 2690 4990 8 283 1198 2488 3334 6593 1469 6625 2241 9888 261 6390
 7474 3876 4419 4814 2772 930 9595 1091 1522 7521 5735 4312 7473 4238 551
 7870 8144 2930 7434 3206 1701 3994 3623 5621 3746 577 4504]
[8 1581 4231 502 4498 3951 661 2995 6611 443 4302 8091 4583 7491 3757 3567
 8507 7542 2957 9675 2735 3033 7494 4634 6651 2009 1014 6035 779 3335 3166
 3989 1364 870 5608 9780 9110 2698 3503 5201 8132 245 6575 3723 898 9629
 2535 9651 9513 4086 149 1709 4205 1436 1759 1159 7819 9754 3475 7195 797
 9700 1044 8262 7498 3598 7875 8275 2690 7541 4990 9925 4451 2739 1325
 3334 7162 542 1356 2358 6390 3876 182 1024 9666 4814 1879 9595 619 1050
 1091 4018 2507 2689 3824 3132 152 7135 2233 3749]
[3951 661 2995 2449 6611 4248 443 6725 4302 2571 2185 8183 8091 4583 5134
 3567 8982 1942 7542 5710 2705 4657 7849 8823 1641 8948 6716 3808 5111
 9910 1855 3335 3166 9139 1364 2430 1192 8160 2289 9110 483 7842 3503 3381
 245 6575 3723 898 3186 8213 4205 9755 515 8444 8095 9634 1782 6686 9754
 7195 2658 5083 4584 4477 429 8275 2690 4323 1243 5835 4231 502 2938 3115
 4451 2739 1198 1325 6593 4798 1785 5394 7162 6625 9847 261 2011 5601 2772
 1879 5204 3838 582 3132 3749 9016 1286 551 2574 2208]
[3951 661 324 4248 443 6775 4302 2571 2185 8183 5134 3567 8507 9655 9907
 1404 2735 3033 5710 4657 7849 7494 9234 8823 4634 1583 2009 8948 1014
 6035 6087 552 3808 779 1855 3166 7921 1364 2430 4300 9780 9110 3416 5056
 3503 3381 6575 3723 898 3030 3146 9755 1436 6686 1678 9552 2658 2979 5083
 1044 2611 3755 3598 4433 2298 2690 9709 4323 1581 502 2938 9925 2513 5269
 1325 478 2488 3334 5394 6625 9847 7187 1502 1356 4722 5601 9666 4814 1879
 5204 3846 2650 7426 8444 1159 9634 7819 3475 2925 797]
[1581 944 478 6625 542 9888 2358 1135 2507 6530 3824 2233 7492 8144 6681
 7434 3228 3623 3951 661 2995 2449 324 6611 443 6725 9606 4302 2571 2185
 4583 3567 8982 8507 1404 7542 2957 9675 5710 2705 7849 8823 1583 6651
 7454 1641 7084 1014 6035 552 3808 3559 1573 779 9910 7921 1364 2430 1192
 870 2289 5608 483 7842 3416 2698 5056 3503 5201 6575 898 3186 9629 9904
 2535 9513 9433 4408 4205 9755 9634 6686 4948 9754 2925 797 9552 5083 1044
 8262 4584 429 7875 2298 9709 7541 8258 362 1691 5835]
[2574 9755 542 551 7208 3115 1581 4657 8262 582 6735 7248 7249 5209 2650
 2658 9826 1124 1641 4722 2689 2690 8327 4231 2697 2698 3723 7819 3228 167
 1198 2735 2739 9910 1212 2241 9925 4302 4814 3808 3305 6894 2289 1782
 1785 8444 3334 779 9998 7445 283 797 3876 9005 4419 7498 4433 1364 3416
 7521 1378 4454 2925 4461 2930 7542 9595 6523 4990 2430 3460 6035 9110
 4504 1433 1436 9634 6563 944 2488 3002 1469 5056 8132 2513 9687 3033 7135
 6625 5601 483 9698 3559 5608 2535 9194 1000 502 2153 3124]
[3951 661 2995 324 6611 4248 6775 9606 4302 4583 7491 8982 1942 8507 9907
 7542 9675 5710 2705 4657 7494 8823 2009 7454 8948 528 6035 6087 552 1573
 779 3166 9139 3989 1364 3879 8160 4300 1212 2289 9780 483 5056 3503 3381
 5201 8132 3723 3186 9629 2535 9651 9433 8327 515 1759 8095 3280 7819 1782
 1678 3475 2925 7195 797 9552 7850 1044 9654 4477 3755 4433 2298 2690 9709
 362 4323 4990 1581 4231 3404 4451 1740 944 1877 1325 6593 5394 3460 2358
 3876 2743 1135 4230 6563 1441 2697 7459 9906 9243]
[3598 4433 8275 4323 1696 283 4451 1469 5394 3460 6625 9847 9888 2358 4419
 9666 930 1091 7521 2507 3132 1378 551 7870 8144 7434 8299 6563 2697 7459
 9906 4072 5288 2052 7402 6570 4727 1127 3769 9620 1384 2449 6611 4248 443
 6725 8183 8091 4583 5134 3567 9655 9907 7542 2735 2705 7494 8823 4634
 6651 7454 1641 8948 7178 6035 6087 3559 779 1855 3335 3166 3989 870 5608
 9110 483 7842 3416 2698 7248 3381 5201 8132 245 3186 3030 9629 9904 2969
 9513 1823 3702 9433 4408 8213 149 4205 9755 515 1759]
[515 8 4634 9754 9243 5678 4657 6716 4156 3146 5201 5204 5735 9835 3702
 6775 4231 2185 2698 2697 2705 661 1696 3746 1701 1192 5288 7850 3757 1198
 2743 1212 2237 5824 2241 9925 5835 4302 4814 3808 4323 245 257 261 3334
 3846 779 3341 9998 5394 8982 283 7454 3879 3381 2358 8507 1855 1345 324
 7494 7498 1356 1364 1877 1378 870 877 2930 7541 2938 1404 4477 6530 9606
 2957 2449 6035 3989 9634 7084 3503 6575 2995 9139 9655 443 1469 6593 2507
 6611 3033 5083 8160 6625 9698 9702 4583 3567 2964]
[3951 6611 4248 6775 9606 8183 8091 4583 7491 3757 1942 9907 3033 2705
 4657 1583 2009 1641 6716 1014 6035 6087 552 3559 1573 5111 779 9910 3166
 1364 2430 3879 2289 9780 9110 483 2698 5056 5201 8132 6575 8444 3280 9634
 1782 7195 9700 8262 2611 9654 4477 2690 4451 944 2488 1469 6625 9888 2358
 261 2011 6706 4814 930 9595 7426 2507 6530 4967 2689 9071 9738 6790 4740
 9728 2930 6681 7434 2237 1701 9243 3384 7736 46 6744 4118 8785 3674 9103
 2116 2052 4454 502 283 3334 1356 3876 182 582 3216]
[3951 2449 6611 9606 4302 2571 2185 8091 3757 3567 8982 1942 7542 3033
 1641 7178 1014 3808 3559 779 7921 3879 1192 870 483 3416 2698 7248 3381
 5201 245 3723 898 3030 9904 2969 9651 1823 8213 149 4205 9755 8327 515
 8444 1159 8095 3280 9634 7819 1782 1678 3475 797 2658 2611 4126 1581 4498
 3115 9925 4451 5269 3334 1469 1785 3460 9888 1502 6390 5601 3204 930 1135
 5204 7426 2689 6790 4238 6940 1701 4230 3623 6563 2697 3583 4065 7673
 3557 3516 9243 9835 1092 4665 6905 59 6709 211 7691 96]
