Fault List:
91
85
90
81
85
81
83
85
79
83
82
79
90
90
75
85
81
83
82
80
78
80
80
85
81
86
86
80
83
80
FDR List:
0.6642335766423357
0.6204379562043796
0.656934306569343
0.5912408759124088
0.6204379562043796
0.5912408759124088
0.6058394160583942
0.6204379562043796
0.5766423357664233
0.6058394160583942
0.5985401459854015
0.5766423357664233
0.656934306569343
0.656934306569343
0.5474452554744526
0.6204379562043796
0.5912408759124088
0.6058394160583942
0.5985401459854015
0.583941605839416
0.5693430656934306
0.583941605839416
0.583941605839416
0.6204379562043796
0.5912408759124088
0.6277372262773723
0.6277372262773723
0.583941605839416
0.6058394160583942
0.583941605839416
Time List:
323.7756049633026
338.5764319896698
341.41616892814636
339.2440519332886
341.01528906822205
341.6097857952118
340.9057557582855
342.00286388397217
343.9539170265198
340.0857231616974
343.4896249771118
337.18986988067627
333.5754497051239
340.0360131263733
336.37953519821167
340.2853331565857
340.28787779808044
338.52709698677063
340.85543990135193
340.88965606689453
371.24939012527466
382.1053409576416
349.8855571746826
347.89940881729126
358.53239011764526
351.63579392433167
362.65775895118713
344.8608467578888
371.44217896461487
369.223748922348
Subset List:
[1212 2289 5608 9780 9110 483 7842 3416 2698 5056 3381 5201 8132 245 6575
 3723 898 3186 3030 9904 2969 2535 9651 9513 1823 3702 9433 4408 8213 1288
 4086 149 3146 1709 4205 9755 8327 1436 8444 1159 8095 9634 7819 6686 1678
 9754 797 2658 1044 2611 9654 5678 8275 4284 7541 362 4323 1696 1243 5835
 4990 1581 4231 4454 3404 2938 4498 3115 283 9925 4451 2513 1232 2739 1877
 5269 1198 1325 478 2488 3334 6593 4798 1469 1785 5394 3460 6625 2241 9847
 7187 1502 2358 167 261 4722 6390 2011 5601 7474 3204 6706 3876 4419 6894
 9666 4814 2772 9959 7249 1879 2743 1135 9595 619 1050 3838 7445 2650 1091
 4018 7426 8158 582 1124 1522 6765 6530 7240 4967 2689 3305 3824 3132 9071
 8270 1952 5735 152 9998 9738 6523 1874 2233 6790 3749 96 4368 4312 7473
 7492 1559 693 3748 9016 1039 1286 9875 4238 195 6507 6940 551 4879 2930
 4560 7434 3206 2237 2429 1701 8170 9194 3228 4230 3002 5611 2166 3623
 4156 3746 7471 1441 4504 2697 7459 877 5011 7673 8981 3516 9243 7736 495
 2422 46 8435 9835 6744 1114 4656 5306 1092 3884 3341 3574 3751 264 9600
 1197 3254 4118 6793 4389 1941 670 4702 6788 9702 3674 5647 9103 1345 9691
 6542 9712 699 3448 59 7402 8331 6570 2665 2825 8329 1999 4727 3556 211
 2467 7376 7558 2309 2419 605 9008 9620 1846 538 7608 1117 3707 3468 1781
 468 2099 9503 3558 2457 532 7235 8020 3818 1033 1751 2029 1627 8182 2348
 4199 9126 943 7437 8381 700 7504 1989 6495 4301 1317 514 2325 7108 6912
 6120 4640 3012 9793 1473 346 4197 4478 1208 2146 1007 4283 1669 4545 9315
 4712 9970 8445 4857 4615 1579 4011 4619 691 645 1778 8181 4341 2043 1901
 7574 1200 4137 6746 1447 9562 3795 2040 3117 2131 1982 6024 92 5379 7578
 6718 3855 7531 3663 456 9211 6990 2659 1550 5236 1296 6784 2986 3955 6818
 5143 9677 7808 4212 6620 7413 6460 9732 7826 9831 6004 3062 1023 435 7198
 7283 621 9679 5349 1865 5644 1470 3820 4163 4952 3511 9783 9017 5262 3685
 7874 2815 6981 2989 1762 6391 7888 1684 7423 5495 9877 9005 4541 8412
 6571 3061 1089 5752 9669 3189 8255 2608 5720 9922 2823 7476 8928 3962
 7419 935 6665 2300 1737 9636 213 4452 3154 3427 9382 7713 3530 3466 692
 9168 829 6886 2057 9672 4015 610 1878 572 4852 4108 4511 3631 1414 4171
 6002 3561 872 2863 227 4567 7724 3394 7204 3898 1101 3580 7876 4690 2005
 9733 8232 3893 8889 9057 5300 5219 6312 4071 3833 121 958 4950 6453 9128
 523 4307 4954 2341 5331 2028 4613 3776 902 9849 9116 2351 9766 1567 4921
 6474 177 7731 3975 4625 8361 3183 7676 3260 2809 7653 8536 8184 1868 9638
 7637 5858 8374 5905 4128 6885 7205 7393]
[3951 661 2995 2449 324 6611 4248 443 6775 6725 9606 4302 2571 2185 8091
 4583 5134 7491 3757 3567 8982 1942 9655 9907 1404 7542 2957 9675 2735
 3033 5710 2705 4657 7849 7494 8823 4634 1583 6651 7454 1641 8948 528 7084
 7178 6716 1014 6035 6087 552 3808 3559 1573 5111 779 9910 1855 3335 3166
 7921 9139 3989 1364 2430 3879 1192 870 4300 1212 2289 5608 483 3416 2698
 5056 7248 3381 8132 245 6575 3723 898 3186 3030 9629 9904 2969 9651 9513
 1823 4408 8213 1288 4086 3146 1709 9755 8327 1436 515 1759 8444 1159 8095
 3280 9634 7819 1782 6686 4948 1678 9754 3475 7195 797 9700 9552 2658 7850
 2979 5083 1044 8262 2611 4584 7498 4477 429 3755 3598 4126 4433 8275 2298
 4284 9709 7541 8258 362 1433 1691 4323 1696 4990 8 1581 4231 4454 502
 3404 2938 4498 3115 283 9925 4451 2739 944 5269 1198 1325 478 6593 4798
 1469 5394 6625 542 2241 7187 9888 1502 1356 2358 167 4722 6390 2011 5601
 7474 4419 182 1024 2772 9959 7249 1879 1135 5204 619 1050 3846 2650 1091
 7426 8158 582 1124 6765 6530 7240 2689 3824 1378 9071 8270 257 1952 5735
 1273 152 7135 9738 6523 1874 2233 2387 6790 3749 96 4368 4312 7473 4740
 1559 7583 9698 9016 1039 1286 4238 4359 741 195 6507 2902 6940 551 3502
 7870 8144 4879 2574 2713 4560 6681 7434 2237 4959 1701 3994 8170 9194
 3228 4230 5611 3623 3124 5621 8299 3746 1441 577 4504 321 6735 1644 2697
 9687 3583 7459 4065 543 5011 1968 7673 3557 9906 4072 8981 3516 7996 7736
 495 5288 8435 9835 6744 1114 5306 5824 1092 3341 7577 4665 264 1197 2946
 4389 2859 6659 8785 4702 6788 9702 3674 3464 9253 1345 6905 2552 9712
 3448 59 7402 2825 4743 8329 3450 1999 4727 3556 211 7691 1127 7671 2467
 7376 8003 2419 9008 9620 1846 7338 7608 1117 1115 1384 3468 2099 7235 282
 3818 1033 1751 2029 2348 3136 4199 9126 7437 8381 2617 9762 4439 700 7504
 6495 4301 1317 514 7108 9793 191 9610 4197 4478 1208 2146 8273 2065 9970
 8445 5343 4615 6710 4619 5960 691 2320 1778 2584 6746 73 3795 1982 6024
 6718 3855 3663 456 844 6990 2659 1296 9677 7808 9732 1969 7826 9831 3062
 2855 1023 7198 7283 621 340 4952 3511 4681 78 9150 5262 3685 9530 2815
 787 6391 2651 3754 1687 1684 2770 827 3476 994 4755 7127 1917 4356 2628
 62 3474 1308 8453 166 6617 3811 1772 3245 2829 8122 3102 3762 1626 4017
 5519 4211 689 1933 6768 1561 1928 4423 9290 3984 344 7481 9883 4849 4489
 6564 671 325 736 3773 1748 7490 6642 3490 2556 7414 5650 5495 3550 7539
 3287 4315 3742 5209 9005 4541 7361 4888 7241 3504 7511 6571 624 5184 4180
 3494 217 1153 3189 9840 4316 2608 8709]
[9110 7842 3416 2698 5056 7248 3503 3381 5201 8132 245 6575 3723 898 3186
 3030 9629 9904 2969 2535 9651 9513 1823 3702 9433 4408 8213 1288 4086 149
 3146 1709 4205 9755 8327 1436 515 1759 8444 1159 9634 7819 1782 1678 9754
 5394 3460 7162 2241 9847 7187 1356 261 4722 6390 5601 7474 3876 182 9666
 2772 7249 2743 1135 5204 9595 619 1050 3838 2650 4018 8158 582 1124 6765
 7521 6530 7240 4967 2689 3216 3305 3824 3132 1378 9071 1952 5735 1273
 9998 7135 2233 6790 3749 4368 7473 4740 693 9016 1039 4359 195 6507 551
 7870 9832 2930 4560 6681 7434 2237 4959 8170 3228 4230 3623 3124 5621
 8299 3746 7471 6563 577 4504 321 2697 9687 3583 7459 4065 543 5011 3557
 9906 4072 9243 7996 7736 495 2422 46 8435 9835 6744 1114 4656 5824 1092
 3884 3341 3065 3574 3751 497 2946 4389 2859 1941 670 6788 9702 3674 3464
 5647 9103 1345 6905 2116 4201 2552 9691 9712 3448 2052 6709 7402 8331
 6570 2665 2825 3450 3556 211 1127 7376 2309 3785 2419 605 9008 1846 7338
 1115 3468 4825 468 3558 2457 8020 1751 2348 4301 2325 7108 6912 4640 3012
 9793 6914 346 4478 1208 2146 1669 1319 9694 4545 7210 9315 4712 1394 4857
 5343 4615 6710 4619 691 645 8181 1357 7574 1200 3654 4137 2584 6746 3001
 3795 2040 3117 2131 6024 92 7578 6718 3778 2659 1550 6784 1954 2986 3955
 5143 7808 4212 6620 4523 9732 4726 7826 9831 6004 684 7283 9679 5644 1470
 340 4163 4081 3511 4681 78 3685 9530 8276 8726 2197 5176 787 2989 6997
 6391 3718 3754 1687 1267 2691 2770 5409 627 2305 8061 7423 7469 1425 4808
 2949 4254 1045 4265 2628 9879 3474 1308 9227 8453 9739 166 8094 9035 7268
 6565 3811 4131 9792 4820 2093 2829 3252 5841 3102 8245 4577 1626 689 151
 4782 2064 1561 1928 344 4489 2420 1081 1431 3773 6059 7490 7679 6642 6582
 6571 975 3061 341 217 3662 9669 1153 4761 5720 6661 4076 1727 9554 2823
 218 7568 4461 317 8866 9789 9985 7963 1634 7419 935 7070 550 2004 6950
 9636 5940 6872 4261 9044 2460 604 9752 1981 358 1169 6136 9382 837 3530
 692 9168 84 2793 1495 6886 8119 3176 2211 1878 2921 8066 4852 4108 4511
 6347 3898 3893 2939 2794 7430 7752 4310 7366 1640 7837 1596 3339 5769
 3349 9533 4405 479 4426 95 7212 4731 486 2472 7451 8227 4020 1004 4297
 5974 8314 9198 8165 3681 7742 846 9584 4907 8178 5075 6020 5631 1587 4995
 1819 2299 511 8543 1289 9976 1595 7077 7900 6111 1300 5380 4893 2917 757
 5403 4809 2110 3436 7306 939 412 114 4569 9501 2086 9022 3925 1183 5845
 899 5936 1282 5373 687 3895 512 2463 5882 4469 3096 3039 4217 2830 7965
 7714 890 1779 2704 2405 1049 4133 5354 7894]
[661 2449 324 6611 4248 6775 9606 4302 2185 8183 8091 4583 5134 3757 3567
 8982 1942 8507 9655 1404 7542 2957 9675 2735 4657 7494 8823 4634 6651
 2009 1641 528 7084 7178 1014 6035 3808 3559 1573 3335 3166 7921 9139 3989
 1364 2430 3879 1192 870 4300 1212 2289 5608 9780 9110 483 7842 3416 2698
 7248 3503 3381 5201 8132 245 6575 3723 898 3186 3030 9629 2969 2535 9651
 9513 1823 3702 9433 4408 1288 4086 149 3146 1709 4205 9755 8327 1759 8444
 1159 8095 3280 9634 7819 1782 6686 4948 9754 3475 2925 7195 797 9700 9552
 2658 2979 1044 4584 5678 429 3755 4126 4284 2690 9709 8258 1691 4323 1696
 1243 4990 1581 4231 502 3404 2938 4498 3115 283 1232 2739 944 5269 1198
 2488 3334 4798 1469 5394 3460 6625 542 2241 7187 1502 1356 2358 167 2011
 5601 7474 6706 3876 4419 6894 182 9666 4814 2772 930 2743 1135 9595 619
 3838 3846 1091 8158 1124 6765 7521 2507 6530 3577 4967 2689 3305 3824
 1378 9071 8270 1952 5735 9998 9738 1874 2233 2387 6790 4312 7473 4740
 1559 3748 1039 9875 4238 195 6507 6940 551 7870 4879 7394 2930 4560 7434
 3206 2429 9194 3228 5611 4156 6563 1441 577 4504 6735 508 9687 3583 7459
 877 543 7673 3557 9906 8981 3516 9243 7996 495 2422 9764 9835 6744 5824
 1092 3884 3065 3574 7577 3751 4665 264 1197 4118 6793 497 2946 2859 3902
 8785 4702 119 9702 3674 9253 1345 2116 2552 6542 9712 3448 2052 59 6709
 7402 6570 2825 4743 8329 1999 4727 211 7671 2419 605 3769 9620 1846 1384
 6535 3468 468 2099 9503 2457 532 7235 1033 1751 2029 8182 4199 8381 9762
 7504 6495 1317 7108 6912 6120 3012 9793 6914 6643 1473 6739 4478 1208
 2146 9892 7999 1007 4283 1319 7210 9970 8445 4857 4615 2204 8181 4341
 2043 1901 3654 6746 9562 3001 3795 2040 1982 92 3855 3778 3519 9211 6990
 2659 1550 1954 2986 3955 5143 9677 1093 7808 6620 4523 6460 6627 9732
 1969 9831 3062 4509 1023 684 435 1865 5644 340 3511 4681 78 9017 9530
 2197 6981 2989 1762 970 5567 3688 3133 7888 1899 2691 1684 5183 827 3476
 994 1142 2970 8047 8061 1635 1425 2219 4755 7735 1917 9879 2339 9227 6612
 166 8094 9035 3811 991 9792 4820 3245 5892 3599 1173 4782 6768 3106 1882
 1561 4423 344 7481 9883 6564 2420 671 498 9827 4251 736 3773 4873 6642
 7499 2556 8530 6582 7923 7106 1259 795 3832 5495 3550 4121 4922 6008 4315
 7756 9877 9005 4541 4888 1584 3504 3061 5752 2021 9669 8255 9840 5720
 6661 3158 1185 2118 1000 218 7262 4461 2744 8928 9789 7468 7917 3962 874
 1209 6665 2300 9636 6605 6872 213 2460 1981 457 358 1169 6136 9382 7713
 331 692 882 829 4373 2129 3523 8292 3750 4350 8912 4828]
[3951 661 2995 2449 324 4248 443 6775 6725 9606 4302 2571 2185 8183 4583
 5134 7491 3757 3567 8982 1942 8507 9655 9907 1404 7542 7178 552 3559 5111
 3335 1364 2430 870 8160 4300 1212 2289 5608 9780 9110 483 7842 2698 7248
 3503 3381 5201 8132 245 6575 3723 898 3186 3030 9629 9904 2969 2535 9651
 1823 3702 9433 8213 4086 149 3146 1709 4205 9755 1436 515 1759 8444 3280
 9634 7819 1782 4948 1678 9754 3475 2925 797 9700 9552 2658 7850 2979 5083
 1044 8262 2611 4584 9654 5678 7498 4477 429 3755 3598 4126 7875 4433 2298
 4284 2690 9709 7541 362 1433 1691 4323 1696 1243 5835 4990 8 1581 4231
 3404 4498 3115 283 9925 4451 2513 1232 2739 944 5269 1198 1325 478 2488
 3334 6593 1469 1785 5394 3460 7162 542 2241 9847 7187 9888 1502 1356 2358
 167 261 4722 6390 5601 7474 3204 6706 3876 4419 6894 182 1024 9666 4814
 2772 930 9959 7249 1879 2743 1135 5204 9595 619 1050 3838 7445 3846 1091
 4018 8158 1124 1522 2507 6530 7240 3577 2689 3216 3305 3824 3132 1378
 9071 1952 5735 1273 152 9998 7135 9738 6523 1874 2233 2387 6790 3749 96
 4368 4312 7473 7492 4740 1559 4094 9698 3748 9016 1039 9875 4238 4359 741
 195 6507 9728 2902 6940 551 3502 7870 8144 4879 7394 9826 2574 9832 2930
 2713 4560 7434 3206 2237 4959 8170 9194 3228 4230 5611 3623 8299 4156
 3746 7471 6563 1441 577 4504 321 6735 508 2697 9687 3583 877 5011 7673
 3557 7996 495 9764 8435 9835 5824 1092 3065 3574 3751 4665 9600 1197 6793
 2946 1941 670 119 3674 5647 9103 2116 3448 2052 6709 7402 2825 4743 8329
 7376 2309 3785 2516 605 9620 1846 538 7338 1117 6535 3468 9503 3558 2457
 8020 2029 1627 8182 2348 4199 943 8381 2617 7504 1989 66 4301 2325 7108
 4640 9793 6914 191 8181 2043 1901 3654 4137 6746 1447 3795 1982 6024 3778
 844 2659 1296 6784 3955 6818 9677 7808 4212 6627 3062 2855 684 435 7283
 4146 1470 3820 340 4952 4081 3511 9017 6737 8726 5176 6997 9173 2651 3754
 1687 2179 3946 827 994 627 2305 9112 1026 6952 1910 7735 4265 9879 62
 8453 6612 5261 9035 4131 1772 5841 8245 4577 3599 1173 1933 2064 1561
 7433 4423 2905 9290 9883 2038 4177 3773 7490 3150 2556 5140 795 3832 7539
 5209 7398 9877 4541 8412 4888 1584 7241 3504 3061 1089 3662 5752 9669
 1153 9840 4761 9922 6661 1185 4076 1727 9554 2823 2118 218 7262 4461 7917
 550 1737 5940 6872 4261 9044 1981 6136 837 3466 4350 7588 9672 2211 1878
 9768 8066 7672 4355 4313 2225 3561 7090 2987 7779 1242 1101 9216 1234 956
 4491 6537 4228 61 9733 3893 2909 4753 7160 4053 1912 1439 1672 958 523
 4307 1695 4954 3880 2263 2945 2668 1694 8707]
[8160 4300 2289 9780 3416 2698 3381 5201 8132 245 6575 3030 9629 2969 9651
 1823 8213 1288 3146 9755 1436 1759 8444 1159 8095 3280 9634 7819 1782
 6686 4948 1678 9754 3475 2925 7195 797 9700 9552 2658 7850 2979 5083 1044
 8262 2611 4584 9654 5678 7498 4477 429 3755 3115 283 9925 4451 1740 2513
 1232 2739 944 1877 5269 1198 478 2488 3334 6593 4798 1469 1785 5394 3460
 7162 6625 542 2241 9847 7187 9888 1502 1356 2358 167 4722 6390 5601 7474
 3204 6706 3876 4419 182 1024 9666 4814 2772 930 9959 7249 1879 619 3846
 4018 8158 582 1124 1522 6765 7521 2507 6530 7240 3577 3216 3305 3824 9071
 8270 257 1952 5735 152 9998 7135 6523 1874 2233 2387 6790 3749 96 4368
 4312 7473 1559 4094 7583 9698 3748 9016 1039 9875 4238 4359 195 6507 9728
 2902 6940 3502 7870 8144 7394 9826 2574 9832 2930 6681 7434 3206 2237
 4959 2429 5621 4156 3746 7471 6563 577 4504 2697 9687 3583 7459 877 1968
 7673 9906 4072 8981 9243 7996 3384 7736 5288 2422 46 8435 6744 1114 5306
 5824 3751 4665 264 9600 4389 2859 6659 6905 4201 2552 6570 4743 8329 4727
 7691 2309 2419 605 7338 7608 1115 3707 6535 468 2099 2029 2617 4439 700
 1317 514 5468 9777 3555 6914 6643 1473 4197 1669 9694 4712 4857 5960 1778
 1200 6746 1447 9562 3795 2131 92 3855 7531 456 844 9211 6784 3955 5143
 7413 6460 9732 4726 1969 7826 9831 6004 1023 9679 5644 1470 3511 9783
 4681 9017 5262 3685 9530 2960 5176 6997 936 3718 970 5567 3754 9646 9112
 4918 3474 3078 7268 4131 1772 4577 1933 1882 6827 9539 9841 9965 2038
 4489 6564 7208 1431 2229 6059 4873 1748 2414 2556 1078 1259 5140 3832
 5495 7539 5209 7361 4888 3046 6571 5184 1015 4013 9840 2608 5720 3158
 1185 1440 9554 218 7476 9985 7468 7917 3962 5387 935 1209 7070 550 4257
 2004 6665 2300 5940 6872 213 3427 6136 1429 2750 829 2793 3523 6886 8119
 4350 7588 9672 7809 610 4361 4355 5038 447 5814 9880 1234 1029 956 4491
 8301 8092 7876 3893 6694 499 960 3791 4053 958 9045 9944 2263 2668 2341
 6552 4274 8816 4921 177 3302 9924 9252 8361 3183 7535 3796 7444 9656 6578
 3269 8184 8000 9915 4736 2163 2879 1558 1771 3727 2433 2199 4763 9224
 4259 7451 8227 8382 739 1474 7805 1472 5561 3324 4239 2994 7408 6020 6730
 9863 1556 5955 1096 6769 231 511 1940 1894 9478 7252 9011 3817 6577 6973
 2914 2145 4092 3836 9338 3262 5192 6 7153 3981 6759 7099 9456 3961 2515
 7839 3153 104 2018 3497 8669 2445 9857 7164 8415 3440 38 4633 3251 4890
 9217 7900 8198 1866 9813 4158 3826 9736 2361 1637 3073 1658 2397 2694
 4111 6668 9746 243 5210 4882 9713 3365 2110 3113 8863 5742 4860]
[3951 661 2995 2449 324 443 6775 6725 9907 7542 9675 3033 4657 7849 7454
 1641 8948 7084 6716 6035 3808 3559 1573 5111 1855 3166 7921 1364 1192
 8160 2289 5608 9780 7842 2698 5056 7248 3503 3381 5201 8132 245 6575 3723
 898 3186 3030 9629 2969 2535 9513 1823 3702 9433 4408 1288 149 3146 1709
 4205 9755 8327 515 1759 8444 1159 8095 3280 9634 7819 1782 6686 4948 1678
 9754 3475 2925 7195 797 9700 9552 2658 7850 2979 5083 1044 8262 2611 4584
 9654 5678 7498 4477 3755 3598 4126 4433 8275 4284 2690 9709 7541 8258 362
 1433 1691 4323 1696 1243 5835 4990 8 1581 4454 502 3404 2938 4498 3115
 283 1740 2739 944 1877 5269 1198 1325 478 2488 6593 4798 1469 5394 3460
 6625 2241 9847 7187 9888 1502 167 261 4722 6390 3876 4419 6894 182 1024
 9666 4814 2772 9959 1879 2743 1135 1050 7445 3846 2650 4018 7426 8158 582
 6765 2507 6530 4967 2689 3216 3305 3824 1378 9071 8270 1952 1273 152 9998
 7135 6790 96 4368 4312 4740 1559 4094 7583 9698 3748 9016 1039 1286 741
 195 551 3502 7394 9826 2574 9832 2930 2713 4560 6681 7434 1701 3994 9194
 3228 4230 5611 3124 3746 6563 1441 577 4504 321 6735 1644 508 2697 9687
 7459 5011 3557 9906 8981 3516 9243 3384 5288 2422 46 1114 4656 5306 5824
 3884 3065 3574 4665 4118 2946 2859 1941 3902 670 1345 6905 2116 4201 6542
 699 7402 8331 2665 2825 8329 3450 7671 8003 7558 2309 3785 2419 9008 538
 7338 7608 1117 1115 3707 6535 3468 4825 468 9503 7235 3136 4199 943 8381
 1989 6495 4301 1317 7108 6643 7999 1669 1319 9970 8445 4615 5960 2204
 8181 1357 4341 2043 7574 3654 6746 73 9562 3795 3117 92 3855 3663 456
 9211 6990 5143 6620 7413 9831 3062 4509 1023 435 7198 7283 621 9679 5976
 5349 1375 1470 3820 4163 4952 3511 4681 3685 6737 2960 2197 5176 2815 787
 6997 1762 970 3688 1267 3133 7888 2179 9646 2691 9496 2770 3946 1274 3476
 627 2970 8047 8061 4808 2949 4265 1917 2628 3474 5261 9035 4059 6565 6617
 991 1772 9792 2093 5892 3252 8245 3762 1173 4211 4782 1882 6827 9841 3984
 7481 2038 4177 2420 7208 8278 671 1431 325 3773 6059 4873 1748 7490 7679
 6642 1068 3150 3490 2414 7499 2556 8530 1078 6787 7923 7106 7414 5650
 3832 5495 4911 3550 4121 7539 3287 4315 7756 3742 9926 7398 1493 9877
 9005 4541 8412 1584 7241 3504 4500 7511 975 1089 3662 9669 1015 1153 4013
 3189 8255 4207 4761 6661 1440 1727 2118 1000 218 7568 2744 8866 7468 7917
 3962 9834 1634 1209 4257 2004 6665 1415 2300 6950 1737 6605 1120 6872
 4261 213 4496 4452 3154 1981 457 9382 3530 1429 692 829 806 4390 3750
 7525 8119 4350 3176 2090 3552 4427 6417 1757 4287]
[3951 661 2995 443 6775 9606 2571 8183 8091 4583 5134 3567 1942 8507 9675
 2735 2705 4657 7849 1583 6651 2009 7454 1641 528 7084 7178 6716 1014 6035
 3808 3559 779 9910 1855 3166 7921 9139 1364 2430 3879 870 8160 4300 1212
 5608 9780 9110 483 7842 3416 5056 3503 3381 5201 245 6575 3723 898 3186
 3030 9629 9904 2969 2535 9513 3702 9433 149 7498 478 2488 3334 6593 4798
 1469 1785 5394 3460 7162 6625 542 2241 9847 7187 9888 1502 1356 2358 167
 261 4722 6390 2011 5601 7474 3204 6706 3876 4419 1024 9666 4814 2772 930
 9959 7249 1879 2743 1135 5204 9595 1050 3838 7445 3846 2650 1091 4018
 7426 8158 582 1124 1522 6765 7521 2507 7240 3577 3748 9016 1039 4238 4359
 741 195 9728 2902 551 3502 7870 8144 4879 7394 9826 2574 2930 2713 4560
 6681 7434 2429 1701 8170 3228 4230 3002 5611 2166 3623 5621 8299 7471
 6563 1441 577 4504 321 508 2697 3583 7459 4065 543 5011 1968 7673 8981
 3516 7996 5288 2422 9764 8435 6744 1114 4656 5306 5824 1092 3884 3341
 3065 3574 959 7577 3751 1197 3254 4118 6793 497 2946 2859 1941 6659 3902
 8785 670 4702 6788 119 9702 3674 9253 1345 2552 9691 6542 9712 2052 59
 6709 7402 8331 6570 2665 2825 4743 8329 3450 1999 4727 211 7691 1127 7671
 7376 7558 2309 3785 2516 2419 605 3769 1846 538 7338 1117 1384 3707 6535
 3468 1781 2099 9503 3558 2457 532 7235 8020 1751 2029 1627 8182 3136 4199
 9126 943 7437 2617 9762 4439 1989 66 6495 4301 1317 514 2325 7108 5468
 9777 6912 3555 4640 3012 9793 6914 6643 1473 6739 4197 1208 2146 9892
 7999 4283 1669 9694 7210 2065 8445 4857 4615 1579 4619 5960 691 645 2320
 2204 8181 1357 4341 2043 1901 7574 3654 2584 9562 3795 1982 6024 92 6718
 3663 3778 456 3519 844 6990 2659 1550 5236 1296 6784 3955 4096 6818 5143
 9677 7808 4212 6620 4523 6460 6627 9732 4726 1969 9831 3062 4509 2855 684
 435 621 5976 5349 1865 4146 5644 1470 3820 340 4163 4081 3511 9783 5639
 4681 9150 9017 3685 9530 6737 8276 2960 5176 787 6981 6997 9173 6391 3718
 970 5567 2651 3754 3133 2179 2770 3946 1142 9626 2970 8047 8061 7423 9112
 1961 6700 1635 1026 1425 4808 4265 3474 3245 1072 3984 344 7481 9965 9883
 4849 4177 6564 2420 7208 671 1431 2229 325 3773 6059 2408 1078 6582 3550
 3742 5209 6571 975 624 341 9669 3189 4076 1000 7568 7468 5940 4261 4452
 5754 5536 84 4373 2129 3523 7525 3552 6417 436 7672 4124 3631 5038 447
 3561 7090 7204 9268 3109 1888 1032 6688 8092 4228 6005 8294 6694 8952
 4968 4810 562 9128 523 4307 2341 6552 6796 1618 3840 9116 2351 3859 4472
 2250 4140 5182 4335 1464 8227 2037 3871 6817 4481]
[4096 8 2063 2065 8213 4126 8229 4146 4156 63 66 2118 78 8270 4177 2131 84
 8275 4197 4199 8301 4205 2159 2166 2179 4230 2185 4238 2197 149 4248 152
 167 6312 182 2233 4283 8381 2237 2241 4302 4312 4314 226 4323 2289 6390
 6391 247 2298 2300 2312 4368 6417 2325 282 283 4380 2348 2358 8507 6460
 324 4421 4423 4433 8530 2387 2389 346 2395 6492 6495 4451 4452 4454 6507
 4461 2414 4472 6523 4477 2430 6530 6535 6537 394 2449 4498 6552 4509 4511
 6563 4520 429 435 443 4541 447 4545 6593 456 457 4558 2513 2514 6611 2516
 6612 4567 6620 478 6625 6627 483 4583 4584 6643 499 502 6651 2556 508 515
 6665 523 2574 528 2582 4634 6686 4640 550 551 552 6700 4657 562 2611 6706
 2617 6716 577 6725 582 4681 2651 605 2658 4712 2668 4722 8823 2689 645
 6796 4753 2705 2713 6827 684 2735 689 2739 692 2743 4798 4808 4810 4814
 2770 6872 736 6894 8948 4857 2815 774 4873 779 4879 787 8982 6940 797
 4915 4918 9016 4922 829 4929 9031 9035 6990 4948 4950 4954 4959 9057 870
 4967 2925 9071 882 2930 2938 4990 2945 7044 2957 2960 2979 7084 2989 944
 2995 9139 3001 3002 958 5056 7108 9173 3033 5083 991 7135 9188 9194 3061
 1014 5111 7160 7162 9211 1024 1026 1029 1033 7178 5134 3089 7195 1052
 7204 1068 1072 3124 5183 3136 1091 7240 3146 3150 7248 7249 5204 1115
 3166 9315 7268 1125 1124 5236 3189 3206 1159 5261 3216 1169 5269 7333
 9382 1192 7338 1208 1217 7376 3280 1234 9433 1243 3305 1267 1273 1274
 7423 3329 5379 3334 3335 1286 3341 7437 7445 7459 1317 7468 1325 7473
 7474 3381 7487 9539 7491 7492 7494 7498 1356 9552 7504 1364 9560 5468
 7521 1378 7541 3460 9606 1415 9610 9620 7574 1433 7578 1436 7583 3490
 9634 7588 9646 3502 3504 9651 9655 1469 1473 9666 9676 9677 9679 1495
 9692 1502 3552 9698 3559 5608 9709 1522 5621 1527 7672 3580 9728 9732
 5639 9738 5644 1550 1561 1562 9755 9754 7713 9762 1572 1573 7718 9766
 9768 3623 1581 5678 3631 1583 3636 9780 7735 3644 9793 5710 9827 7779
 5735 3688 1641 9834 9832 1644 9840 3702 9847 1672 1678 7826 9875 1687
 9883 9888 7842 3746 1701 3750 7849 7850 3755 3757 1709 9906 9907 5814
 9910 3769 7870 1727 3776 3778 7875 7876 9925 3785 5835 1740 7888 5841
 3794 3795 1748 3808 9959 1772 7917 3824 7921 1778 1781 1782 3846 9998
 3855 3859 1823 3876 3879 5940 3893 1846 1855 1865 8020 5973 1877 1879
 5976 1882 1900 3951 6002 3955 1910 1911 1912 1928 6035 3989 1942 3994
 8091 8094 8095 1952 1954 4013 4015 4017 8119 4029 1982 4031 1981 6087
 2004 8151 4056 2009 8158 4065 6120 2029 2038 8183 4086 8182 2043 5378
 5718 4439 1114 1276]
[661 2449 324 4248 443 6775 9606 4302 2571 2185 8091 4583 5134 7491 3567
 1942 9655 9907 1404 7542 9675 2735 3033 5710 2705 4657 7849 7494 8823
 4634 1583 6651 2009 7454 1641 528 7084 7178 1014 6035 6087 3559 1573 5111
 779 9910 1855 3335 7921 3989 1364 2430 1192 870 4300 1212 2289 9780 483
 7842 3416 2698 5056 7248 3503 3381 5201 8132 245 3723 3030 9629 9904 2969
 2535 9651 1823 3702 9433 4408 8213 4086 149 1709 4205 9755 1436 515 1759
 8444 1159 8095 3280 9634 1782 4948 1678 2925 7195 797 9700 9552 2979 5083
 1044 2611 4477 429 3598 4433 8275 2298 2690 9709 8258 362 1691 4323 1696
 5835 4990 1581 502 3404 2938 3115 283 9925 1740 2513 1232 2739 944 1877
 5269 1198 1325 478 3334 6593 4798 1469 1785 3460 6625 542 2241 9847 7187
 9888 1502 2358 167 4722 6390 2011 7474 6706 4419 6894 182 1024 9666 2772
 930 9959 1879 1135 5204 9595 619 3838 3846 2650 1091 4018 7426 8158 1124
 1522 7521 2507 6530 7240 4967 2689 3216 3305 3824 3132 1378 9071 8270
 1952 5735 1273 152 9998 7135 9738 6523 1874 2387 3749 96 4368 7473 1559
 7583 9698 3748 9016 1039 6507 551 3502 7394 9826 2574 2930 4560 6681 3206
 2237 2429 3994 8170 9194 4230 3002 3623 4156 3746 7471 1441 577 4504 321
 9687 3583 7459 877 543 5011 1968 7673 3557 9906 4072 8981 3516 9243 5288
 2422 6744 1114 4656 1092 3884 3341 959 7577 1197 3254 4118 2946 2859 1941
 3902 8785 4702 119 3674 3464 5647 9253 1345 6905 4201 2552 6542 699 3448
 2052 59 6709 7402 8331 6570 2665 2825 4743 8329 1999 4727 3556 211 7691
 1127 7671 2467 7376 8003 605 3769 9008 1846 538 7338 7608 1117 3707 7235
 282 1033 1751 1627 8182 3136 4199 7437 9762 4439 700 1989 6495 1317 2325
 6120 4640 1473 4478 1208 2146 8273 9694 7210 9315 9970 8445 5343 5960 691
 645 2204 1357 4341 2043 1901 1200 3654 4137 6746 9562 3001 3795 3117 1982
 92 5379 7531 3778 844 6990 1550 1296 6784 1954 3955 4096 6818 9677 8469
 7808 6620 6460 6627 9732 1969 7826 3062 1023 435 621 5976 1865 3820 340
 4081 3511 5639 4681 7874 6737 8276 8726 2960 787 9173 6391 3718 7049 970
 2651 3754 1687 9646 9496 2770 5594 5183 827 3476 994 1142 9626 1914 8047
 8061 7423 9112 7469 4918 1026 1425 5413 6952 2219 4755 4254 1910 2778
 9879 5943 8453 9739 5261 1911 9035 7268 6565 3811 991 1772 4820 3245 2829
 3252 5841 3102 8245 1072 3762 1173 5519 689 7698 1933 151 4782 2297 1882
 2064 6827 1561 9539 9841 2905 3984 344 7481 9883 4849 2038 4489 4177 6564
 7208 8278 2229 325 4251 6059 1748 7490 6642 3150 2556 8530 1078 6582 7923
 5140 795 5650 4121 4922 9664 7539 8282]
[2064 8213 4118 4121 4126 2099 59 4156 63 8255 66 8258 2116 2118 8262 8270
 8273 8275 8278 2146 4197 8299 4205 4207 4211 2166 4230 4231 2185 8331
 4238 149 151 152 4248 4251 2204 166 167 182 2233 4283 2237 8381 195 4300
 4301 4302 211 218 4315 8412 4316 4323 2289 8435 245 6390 6391 2298 257
 2305 261 4368 2325 8469 282 283 4380 2339 2348 4408 8507 317 321 4419 324
 4433 8530 2387 4439 6495 4451 4454 2408 362 2419 2420 6523 4477 2430 6530
 6535 4489 2449 4498 4500 4504 6564 6565 6570 6575 435 6582 2488 6587 443
 4541 6593 2507 2513 6611 468 6620 478 4577 6625 483 4583 2535 6643 502
 514 6659 515 6661 4619 2571 2574 538 4634 6686 542 552 2608 4657 6706
 6709 2617 577 2628 6725 582 8785 6744 6746 6747 2650 4702 2659 4712 2665
 619 6765 624 4722 6775 8823 6784 2689 2690 4740 6788 6790 2697 6793 2698
 2705 661 670 8866 6827 2735 689 691 2743 700 4798 4814 2778 736 6894 8948
 6912 6914 779 4879 8981 8982 4888 795 6940 6952 9005 4911 9016 4952 870
 877 9071 2930 2946 9103 2960 9110 9112 2969 9126 936 7084 943 944 2995
 9139 5056 7108 970 3030 3033 5083 7135 1000 9194 1007 3061 1014 5111 3065
 1024 1026 3078 7178 5134 9234 1044 1045 1050 7195 3102 7208 3115 1068
 1072 1078 1081 3132 3133 1089 7235 1092 1091 7240 7241 9290 3146 3150
 7248 5201 7249 5204 5209 7262 3166 1124 1135 5236 3189 3206 1159 3216
 5269 3228 1192 7338 1198 5298 3252 3254 1208 7361 3280 9433 1243 7398
 3305 7414 1273 7423 7426 5379 1286 3335 1288 3341 7445 7454 5409 7459
 1317 5413 9513 7468 7469 1325 7476 3381 7481 7487 1345 7489 7490 7492
 7491 7494 7498 7499 1356 1357 7504 9552 1364 7511 3416 5468 7521 1378
 1384 7541 7542 5495 3448 9595 1404 3460 9606 3464 9610 7568 3474 9620
 1436 9629 7583 1441 3490 9634 3494 3503 9651 9654 9655 7608 3516 1470
 5567 1473 9666 9675 9691 1502 5601 9698 3555 3557 9702 3558 3559 5608
 5611 3567 1522 5621 3574 7671 3577 3583 9738 5644 1550 5647 5650 9748
 1559 1561 9754 9755 9762 9764 1573 7718 3623 1581 1583 9777 9780 7736
 9789 9793 3662 5710 5720 1627 9826 1635 3685 5735 9832 1641 3702 5752
 3707 3718 3723 7819 1678 9875 9877 9883 3742 3746 7842 9892 3749 3751
 7849 7850 3757 9904 9906 9910 3773 7870 1727 5824 7875 1732 9925 9926
 3785 5835 3795 1748 1751 5851 1759 3808 1762 9959 3818 3820 7917 3824
 7921 1781 1785 3838 3846 3855 1823 3876 3884 7996 3902 8020 5976 1882
 3951 3962 8061 6024 3984 6035 3989 1942 3994 8091 8095 1952 4011 4013
 4017 4018 8122 1982 8132 1989 6087 1999 8144 2009 8158 8160 4065 6120
 2029 8182 8183 2040 4086 123]
[4096 2052 8 2065 4118 4126 4137 46 2099 8245 59 4156 8258 66 8262 78 8273
 8275 2131 8276 2142 4197 4199 4201 4205 2166 119 4230 4231 8329 8331 151
 152 4248 2204 4254 167 182 4283 4284 8381 191 4287 195 4300 4301 4302 211
 8183 4323 2289 8435 4341 6390 245 2298 8444 8445 257 2305 261 4359 264
 4368 2325 8469 282 283 2358 4408 8507 6460 321 4419 324 325 4423 4433
 2387 4439 344 4451 4454 2419 6523 2429 6530 2449 4498 4504 2457 4509 6563
 2467 6575 435 2488 6593 2507 2513 6610 6611 2516 468 6617 6620 478 6625
 483 4583 4584 497 6643 502 2552 6651 508 514 515 6659 2571 2574 528 6681
 538 4634 542 543 4640 551 552 4656 4657 6706 2611 6709 4665 6716 6718
 2628 6725 582 6735 6739 6744 2650 4702 2658 2659 4712 2665 619 6765 4722
 6775 8823 2689 4740 6788 6790 4743 645 2697 6793 2698 4755 661 670 684
 4782 2735 2739 691 2743 699 4798 4814 4820 736 6894 8948 6905 2815 4873
 779 2829 787 8982 9016 9017 844 6997 2905 4959 870 4967 2925 877 2930
 4990 2946 2949 7049 2957 9103 9110 2969 2970 930 2986 7084 2989 943 944
 2995 9139 3002 959 5056 7108 7127 3033 7135 9194 3062 1014 7162 9211 1023
 1024 1033 7178 5134 1039 9234 7187 1044 1045 5143 1050 9243 7198 9253
 7208 7210 3115 3117 1072 3132 1091 1092 7235 1093 7248 7249 5201 5204
 1117 9315 1124 1127 1135 7283 5236 3204 1159 3216 5269 3228 5288 1192
 7338 1197 1198 1200 3254 5306 1212 3280 1232 7376 9433 1243 5343 7394
 5349 3305 7402 1267 1273 7426 3334 3335 1288 7434 3341 5394 7445 9503
 7459 1317 1319 1325 7471 7473 7474 3381 3384 1345 7490 7492 7494 7498
 3404 1357 9552 7504 1364 3416 7521 1378 1384 7531 1394 7541 3448 3450
 9595 1404 9600 3460 9606 3464 3475 1433 7577 7578 1436 9629 7583 9634
 3503 9654 3511 7608 9655 3516 1469 3519 1473 9666 9675 9677 9679 9687
 9691 1502 9694 9698 9700 3557 9702 3556 3558 3559 5608 5611 1522 5621
 3574 7673 3577 9732 9738 9739 3598 1550 1559 9754 9755 9762 9764 1573
 3623 1581 5678 1583 9777 9780 7736 3654 5710 1626 9826 3688 1641 9835
 1644 3702 9847 3707 7808 1669 3718 3723 7819 7826 9875 1691 1696 9888
 3746 7842 3748 3749 1701 3751 7849 7850 3755 3757 9904 9907 9910 3769
 3773 7870 5824 7874 9925 5835 1740 7888 5841 3795 1748 1759 3808 9959
 7921 9970 1781 1782 1785 3838 5892 3846 9998 1823 3876 3879 3884 3902
 7999 1855 8003 1874 8020 1877 1879 1882 1899 1901 8047 3951 3955 6004
 1911 6024 6035 3989 1942 3994 8091 8094 8095 1952 1968 1969 4018 1982
 8132 1989 6087 1999 8144 2009 2011 8158 8160 4065 6120 8170 4086 8182
 2038 2043 4094 2619 5886]
[4248 6775 6725 9606 3757 1942 9907 9675 3033 7849 4634 1583 2009 1641
 6716 1014 3808 779 1855 3166 3879 8160 1212 2289 483 245 6575 2969 2535
 9513 1823 4086 9755 1436 8444 1159 8095 9634 7819 1782 6686 4948 1678
 9754 3475 2925 7195 9700 2658 5083 8262 2611 2690 478 6390 2011 5601 3204
 6706 182 1024 9666 2772 930 7249 1879 9595 619 1050 4018 7426 582 1124
 1522 6765 7521 2507 6530 7240 3577 3305 3824 3132 1378 9071 8270 1952
 5735 1273 152 9998 7135 6523 1874 2387 6790 3749 96 4368 4312 7473 7492
 4740 1559 693 4094 9698 9016 1039 1286 4238 4359 741 195 6507 2902 551
 3502 7870 8144 4879 7394 9826 2429 1701 3994 8170 9194 3228 3002 3124
 5621 3746 7471 6563 2697 1114 4656 5306 5824 3884 3341 3065 959 4665 4118
 2946 4389 1941 6659 3902 670 4702 9253 1345 2552 3448 59 6709 7402 2665
 3450 1999 211 7691 1127 8003 7558 1319 8273 4545 2065 9315 4712 9970 8445
 4857 5343 4615 1579 4011 6710 4619 5960 691 2204 1357 4341 1901 3654 73
 9562 3001 3117 2131 1982 5379 7578 6718 7531 3778 844 9211 6990 2659 5236
 1296 6784 2389 2986 3955 4096 5143 9677 4212 6620 7413 6460 6627 9732
 1969 7826 9831 6004 3062 684 435 7283 9679 5349 1375 5644 1470 3820 340
 4163 3511 78 9150 3685 9530 3329 2197 5176 1762 936 63 6391 970 3688 3754
 7489 3133 7888 1899 9646 2691 9496 2770 761 827 3476 5409 2305 8047 8061
 9112 4918 1635 1026 5413 6952 2949 1910 2778 1917 2628 9879 5943 2339
 3474 9227 8453 5298 9739 3078 7268 4131 4966 2093 5892 8122 5841 3102
 8245 4029 4986 3599 7698 1933 1928 9841 9290 344 7481 498 325 7679 3150
 2414 2556 1078 6582 7106 7414 1259 5140 3832 5495 3550 9664 7539 866 6008
 7756 3742 5209 9926 7398 9877 9005 4541 7361 8412 4888 4500 7511 3061 624
 4180 1089 4380 217 3662 5752 9669 1015 1153 3189 4316 3158 1185 4076 1440
 2823 1000 1052 317 7476 8928 7468 7917 9834 5387 7963 7419 935 550 4257
 6665 1415 6950 1737 5940 604 3154 1981 457 3427 1169 6136 9382 692 5749
 2129 3523 2063 6886 8119 4427 9316 2211 9205 1878 9768 7672 4355 2812
 4852 4108 1414 6002 6347 227 1125 7724 688 2987 7333 4293 266 3898 3109
 1242 1101 2380 2901 1029 3905 8105 956 4399 8092 247 4228 9733 4696 9057
 8752 499 6385 960 9649 4558 9639 1672 5335 9045 4307 394 3880 2668 6552
 6796 5331 2028 4613 968 7044 2351 3859 2395 9886 4203 8816 6474 177 9309
 193 7731 3975 4625 8361 7421 2095 7545 9346 2569 6142 1406 9893 5717 8279
 6637 9830 6898 2913 8787 3269 1833 6899 9588 2308 878 9013 4294 8000 9915
 2953 2853 7430 3483 4556 622 4214 6802 7171 3067 817 5055]
[8091 1014 1573 5111 779 1855 3335 7921 3879 1192 8160 2289 9780 9110 483
 3416 2698 7248 3381 5201 245 6575 3030 2969 2535 9651 9513 1823 4408 8213
 149 3146 1709 4205 1436 515 1759 8444 1159 8095 3280 7819 6686 4948 2925
 797 9700 9552 7850 5083 1044 8262 2611 4584 9654 5678 7498 4477 3598 4126
 4433 8275 2690 9709 7541 8258 362 1433 1691 4323 1696 1243 5835 4990 8
 4231 4454 2938 4498 3115 283 9925 4451 1740 2513 2739 944 5269 1198 1325
 478 2488 3334 6593 4798 1469 1785 5394 3460 7162 6625 542 2241 7187 9888
 1502 1356 2358 167 4722 6390 2011 5601 7474 3204 6706 3876 6894 182 1024
 4814 2772 930 9959 7249 1879 2743 9595 1050 3838 7445 3846 1091 4018 7426
 582 1124 6765 7521 2507 6530 7240 3577 4967 2689 3216 3305 3824 3132 1378
 257 1952 5735 1273 152 9998 7135 9738 6523 1874 2233 2387 3749 96 4368
 4312 7473 7492 693 4094 9698 1039 9875 4238 4359 741 195 6507 6940 3502
 7870 8144 4879 9826 2574 9832 2930 6681 7434 3206 2237 4959 1701 8170
 9194 3228 4230 3002 5611 3623 5621 8299 4156 3746 7471 6563 577 4504 6735
 508 2697 9687 3583 7459 4065 543 5011 1968 7673 3557 9906 8981 9243 7996
 7736 495 2422 8435 6744 4656 5306 5824 1092 3884 3341 3065 7577 4665 9600
 3254 4118 497 2946 4389 2859 1941 6659 670 4702 6788 119 3674 3464 5647
 9253 9103 1345 6905 4201 9691 6542 3448 2052 59 6709 7402 8331 6570 2665
 2825 4743 3450 3556 1127 2467 7376 2516 2419 605 3769 9008 9620 1846 538
 7338 1115 1384 3707 6535 3468 4825 1781 9503 3558 7235 282 1751 2029 1627
 8182 3136 4199 9126 943 7437 8381 2617 4439 7504 1989 6495 4301 1317 7108
 6912 9793 9610 3795 2131 3778 3519 9211 6990 2659 1550 5236 1296 2389
 2986 4096 6818 5143 9677 7808 6620 4523 7413 6460 4726 9831 3062 4509
 2855 621 4146 5644 340 4952 3511 5639 3685 7874 9530 3329 5176 2815 6981
 6997 6391 3718 7049 970 3688 7489 4287 7487 3133 7888 9646 9496 2770 1274
 761 3476 994 1914 8047 8061 7423 9112 6700 7469 4918 5851 4808 2219 4755
 6587 7735 1045 4265 2778 4356 2339 9227 3078 1911 9035 4059 7268 3811
 4131 991 4820 4966 3245 2093 6975 5841 3102 8245 4029 4986 3599 4017 5519
 689 1933 4782 6768 1561 1928 9539 2142 344 9965 9883 2038 4177 2420 7208
 8278 1081 671 325 9827 4251 3773 4873 2408 1748 7679 3150 3490 2556 8530
 6582 6787 7414 1259 5140 4911 4922 6747 866 6008 4315 7756 3742 5209 9926
 7398 4541 7361 4888 3046 6571 624 4180 4380 3662 5752 2021 9669 4013 3189
 8255 9840 4761 5720 1185 4076 1052 7568 4461 8866 8928 9789 3962 874 550
 4257 2004 6665 2300 6950 1737 9636 5940 2937]
[2995 2449 324 4248 443 6775 6725 9606 4302 2571 2185 8183 4583 5134 7491
 3567 1942 9655 7542 2735 5710 2705 4657 7849 9234 8823 1583 6651 2009
 7454 1641 528 7178 1014 6035 6087 552 3808 3559 5111 779 1855 7921 3989
 1364 2430 3879 1192 870 4300 1212 2289 5608 9780 9110 483 7842 3416 5056
 7248 3503 3381 5201 245 6575 3723 3186 9629 9904 2969 9651 9513 1823 3702
 9433 4408 8213 1288 149 3146 4205 8327 1436 515 1759 8444 1159 8095 3280
 9634 7819 1782 6686 4948 1678 9754 2925 7195 9700 9552 2658 5083 1044
 8262 4584 9654 5678 7498 4477 429 3598 4126 7875 4433 2298 2690 9709 7541
 8258 362 1433 1691 4323 1243 5835 4990 8 1581 4231 3404 3115 283 9925
 4451 2513 1232 2739 944 1877 5269 1198 1325 2488 3334 6593 4798 1469 1785
 5394 7162 6625 542 2241 9847 7187 9888 1502 1356 2358 167 261 4722 6390
 2011 6706 3876 4419 6894 182 1024 9666 4814 2772 9959 2743 1135 5204 9595
 1050 3838 7445 3846 2650 4018 582 1124 1522 6765 2507 6530 7240 3577 3216
 3305 3824 3132 1378 9071 8270 257 1952 5735 1273 9998 7135 9738 6523 1874
 2233 2387 6790 3749 4312 7473 7492 4740 1559 693 4094 7583 9698 3748 9016
 1039 1286 9875 4238 741 195 2902 6940 551 3502 8144 4879 7394 9826 9832
 2930 2713 4560 6681 3206 2237 4959 1701 3994 9194 3228 4230 3002 5611
 2166 3623 3124 8299 4156 3746 7471 6563 4504 321 6735 1644 2697 3583 7459
 877 4065 543 5011 1968 7673 3557 9906 4072 3516 9243 7996 3384 7736 495
 5288 9764 8435 6744 1114 5306 3341 3065 959 7577 3751 4665 9600 3254 4389
 3902 6788 3674 9103 1345 6905 2116 4201 9691 6542 9712 2052 59 7402 6570
 2825 4743 8329 4727 211 7671 2467 7376 8003 2309 2516 2419 605 3769 538
 7338 1117 1115 1384 3558 8020 282 3818 2029 4199 700 7504 6495 514 6912
 3012 4197 7999 4283 8273 7210 4712 1394 4857 4615 691 1778 8181 4341 1901
 7574 1200 1447 3795 3117 456 5236 2389 2986 9677 1093 4523 6460 6004 4509
 5349 1470 9783 5639 78 9017 5262 8276 787 6981 2989 970 3754 1687 7489
 3133 7888 2179 5183 827 994 627 8047 1026 4808 7127 4265 1917 2339 3474
 8453 9748 166 5261 1911 7268 4131 4966 2829 3252 3102 1072 4029 6610 1173
 7689 1561 2905 2142 7481 9883 2038 8278 1748 7490 7679 1068 3150 3490
 2414 6582 6787 7106 5495 4121 4922 9926 9877 4541 7361 3046 5184 217 3662
 5752 4013 3189 8255 4761 1185 4076 317 9985 7468 7917 9834 874 935 2004
 1415 6950 9636 5940 213 2460 9752 3154 1981 457 1169 331 2750 9168 882
 8292 3750 9640 7525 1217 7588 3552 4427 6417 9672 2211 7809 9205 610 1878
 7672 5038 2085 6002 3561 872 3112 6769 5494]
[3951 661 2995 2449 324 6611 4248 443 6775 6725 9606 4302 2571 2185 8183
 8091 4583 5134 7491 3757 3567 8982 1942 8507 9655 9907 1404 7542 9675
 2735 3033 5710 2705 4657 7849 7494 9234 8823 2009 7454 1641 8948 7084
 7178 6716 1014 6035 552 3808 1573 5111 9910 1855 7921 9139 1364 2430 4300
 1212 2289 5608 9780 9110 483 7842 3416 2698 7248 3503 3381 5201 8132 245
 6575 3723 3186 3030 9629 9904 2969 2535 9651 9513 3702 9433 4408 8213
 1288 4086 149 3146 1709 4205 8327 1436 515 1759 8444 1159 8095 3280 9634
 1782 6686 4948 9754 3475 2925 7195 797 9700 9552 2658 7850 2979 5083 1044
 8262 2611 4584 9654 5678 7498 4477 3598 4126 7875 4433 8275 2298 2690
 9709 7541 8258 362 1433 4323 1696 1243 5835 4990 1581 4231 4454 3404 2938
 4498 3115 283 9925 4451 1740 2513 1232 2739 5269 1198 1325 478 3334 6593
 4798 1469 1785 5394 3460 7162 6625 2241 9847 7187 9888 1356 2358 167 261
 4722 6390 5601 7474 6706 3876 4419 6894 182 9666 4814 930 9959 7249 1879
 2743 1135 5204 9595 619 1050 3838 7445 3846 2650 1091 4018 582 1124 1522
 6765 7521 2507 6530 7240 3577 4967 2689 3216 3305 3824 3132 1378 9071
 8270 257 5735 1273 152 7135 9738 1874 2233 6790 7473 1559 9698 3748 1039
 9875 4238 4359 741 195 2902 6940 551 3502 7870 8144 4879 7394 2574 9832
 2930 2713 7434 3206 4959 1701 3994 8170 3228 4230 5611 3124 8299 4156
 7471 6563 1441 577 321 1644 508 2697 9687 7459 877 4065 543 1968 4072
 8981 7736 495 5288 2422 1114 4656 5824 1092 959 7577 3751 4665 264 9600
 4118 497 2946 4389 2859 3902 8785 6788 9702 3674 3464 5647 9253 1345 6905
 2116 4201 9691 6542 3448 2052 59 7402 8331 2665 4743 8329 1999 4727 3556
 211 7691 7671 2467 7558 3785 2516 2419 3769 9008 9620 1846 538 7338 1115
 1384 6535 3468 4825 1781 468 2099 9503 2457 7235 8020 3818 1033 1627 8182
 2348 3136 4199 9126 943 7437 8381 2617 9762 700 7504 1989 66 4301 514
 2325 7108 5468 9777 3555 4640 3012 9793 6914 191 6643 9610 6739 346 4197
 4478 1208 9892 7999 1007 4283 1669 1319 8273 9694 4545 7210 4712 1394
 9970 5343 1579 6710 4619 5960 691 2320 2204 1357 4341 1901 1200 73 1447
 9562 3001 3795 2040 2131 6024 3855 7531 3663 3778 9211 2659 1550 1296
 1954 2389 2986 3955 9677 1093 8469 7808 6620 6460 9732 4726 1969 9831
 6004 1023 435 621 9679 5976 1865 4146 1375 3820 4163 4081 9783 4681 78
 3329 8726 5176 2815 787 6981 2989 6997 9173 6391 7049 5567 2651 3688 3754
 1899 1684 3946 5183 994 1142 1914 8047 1961 4918 1026 6952 1910 2628 62
 2339 9227 6612 9739 5261 3811 1772 4820 4966 3245 2829 7604 7420 5558]
[4477 429 7541 362 1691 4323 1243 4990 8 1581 4231 502 2938 4498 9925 4451
 1232 2739 944 1877 478 2488 3334 6593 4798 1469 1785 3460 6625 542 2241
 9847 1502 2358 261 4722 6390 2011 5601 7474 4419 6894 182 1024 2772 930
 9959 2743 1135 5204 9595 1050 3838 7445 3846 1091 4018 7426 8158 582 1522
 2507 6530 3824 1378 9071 1952 5735 1273 152 7135 6523 2387 6790 96 4368
 7473 7492 4740 1559 7583 9698 3748 9016 1039 9875 4238 4359 741 6507 9728
 2902 3502 8144 7394 9826 2574 9832 2930 2713 6681 7434 2237 4959 1701
 8170 9194 3228 4230 5611 2166 3623 3124 5621 8299 3746 7471 6563 1441 577
 4504 321 6735 508 2697 9687 3583 7459 4065 7673 3557 9906 4072 8981 3516
 3384 7736 495 5288 9764 46 8435 9835 6744 1114 4656 5306 1092 3065 3574
 959 3751 4665 264 1197 6793 497 2946 4389 2859 1941 6659 8785 670 4702
 6788 119 9702 5647 9253 1345 6905 4201 2552 9691 6542 9712 699 3448 6709
 7402 8331 6570 2825 4743 3450 1999 4727 3556 211 1127 7671 2467 7376 7558
 3785 2516 2419 605 3769 9008 9620 1846 538 7608 1115 1384 3468 4825 1781
 468 9503 3558 2457 532 8020 3818 1033 1627 8182 2348 3136 9126 943 7437
 8381 4439 700 7504 66 6495 1317 2325 7108 5468 6912 3555 4640 3012 191
 6643 9610 6739 4478 1208 9892 7999 1007 4283 1319 9694 7210 2065 9315
 4712 1394 9970 8445 4857 5343 4615 1579 6710 4619 691 645 2320 1778 8181
 4341 2043 1901 7574 3654 6746 1447 3001 3795 2040 3117 7578 3855 7531 456
 3519 844 9211 1550 1954 2389 4096 5143 9677 1093 7808 4212 6460 6004 621
 9679 4146 340 2197 63 970 3754 7489 9626 7423 9112 1425 2949 6587 166
 8094 2093 6768 6827 1928 344 9883 2038 6564 671 2229 6059 1748 2556 7106
 9664 3287 9926 4180 5752 4761 9554 2118 7917 2300 4261 4496 837 3466 882
 806 8292 2063 3552 2057 4015 5395 3631 3794 5038 3534 447 3561 872 3967
 1125 2862 7724 2987 1256 6783 2312 4314 4063 6688 4399 4228 4690 7216
 6312 9560 9649 9128 523 6049 394 4051 8151 9676 4140 5984 9309 3302 7421
 6080 2500 1992 2760 1676 878 8416 6018 9915 726 7391 2953 7430 6831 277
 1216 349 8298 6416 566 9203 3708 3961 2365 7057 8722 2790 728 4890 2685
 7201 9736 7619 2268 3951 661 2995 2449 324 6611 4248 443 6775 6725 9606
 4302 2571 2185 8183 8091 4583 5134 7491 3757 3567 8982 1942 8507 9655
 9907 1404 7542 2957 9675 2735 3033 5710 2705 7849 9234 8823 4634 1583
 6651 2009 7454 1641 8948 528 7084 7178 6035 6087 552 3808 3559 1855 3166
 7921 9139 2430 1192 870 4300 1212 9110 483 3416 2698 5056 7248 3503 3381
 5201 8132 245 6575 898 3186 9904 2969 2535]
[324 6611 6775 6725 4302 2185 8183 8091 5134 3567 8982 8507 9655 9907 1404
 7542 2957 3033 4657 7849 9234 8823 1583 6651 1641 8948 528 7178 6035 6087
 3808 3559 779 1855 3335 3166 9139 1364 8160 4300 1212 5608 9780 483 7842
 3416 2698 5056 7248 3503 245 3723 898 3030 9904 2969 9513 1823 3702 4408
 1288 4086 149 3146 4205 515 8444 8095 9634 7819 1782 6686 7195 797 9700
 9552 2658 7850 1044 8262 4584 7498 4477 3755 3598 4126 4433 8275 2690
 8258 1433 1691 4323 1696 5835 4990 8 1581 4231 4454 502 3404 2938 4498
 3115 283 9925 4451 1232 2739 944 5269 1198 1325 478 2488 3334 6593 4798
 1469 5394 3460 542 9888 1356 3838 7445 3846 7426 582 1124 1522 6765 7521
 2507 6530 7240 4967 2689 3216 3305 1378 8270 1952 5735 6523 2233 2387
 3749 96 4368 4312 7473 7492 4740 1559 7583 3748 9016 741 9728 2902 551
 3502 8144 7394 2574 9832 2930 2713 6681 7434 3206 2237 4959 1701 3994
 9194 3228 4230 3002 2166 3124 5621 8299 3746 6563 1441 577 4504 6735 1644
 2697 9687 877 543 7673 3557 9906 4072 3516 9243 7996 7736 495 5288 2422
 9764 8435 9835 6744 5824 1092 3884 3065 3574 7577 4665 1197 3254 4118
 6793 497 2946 1941 3902 8785 670 6788 119 9702 3674 5647 9253 1345 2552
 6542 9712 699 59 6709 7402 6570 2665 3450 1999 7691 1127 7671 2467 7376
 8003 7558 2309 2419 605 3769 1846 1117 1384 1781 468 9503 3558 2457 7235
 8020 3818 1033 1751 2029 1627 8182 3136 4199 943 7437 8381 700 7504 6495
 4301 1317 7108 5468 9777 6912 6120 4640 9793 6914 6643 9610 1473 2146
 9892 1007 9694 4545 7210 2065 9315 4712 9970 5343 4619 5960 691 1778 1357
 2043 1901 7574 9562 3795 2131 1982 7578 7531 3778 3519 9211 5236 1296
 6784 2986 9677 1093 7808 4212 7413 6460 6627 9732 7826 6004 3062 2855 684
 9679 5976 340 8726 6981 63 6391 1274 761 7423 7469 5851 4254 4265 2778
 9879 166 9035 9792 2093 8122 3102 7689 9539 9290 4489 1431 7490 8530 5495
 3287 4180 1015 8255 4031 4076 2823 2118 7262 4461 317 8866 8928 7468 7917
 5387 550 2004 6665 1415 6950 6605 6872 213 9044 2460 6749 3530 331 692
 5536 4390 7809 9205 9768 3873 4313 6347 1125 3089 6783 7204 3898 1242
 5360 1888 4314 9692 2901 3905 8105 4063 1032 4399 1900 247 7216 3893 4696
 2911 5217 1755 2909 4692 9560 4558 1912 3833 121 9045 9944 6049 2263 2945
 2089 1694 4658 6492 1501 6796 4613 7044 915 9766 6019 4203 4335 9924 7731
 3975 4625 3183 2500 9346 3369 6598 5962 9958 9656 6331 5717 2134 9830
 9342 7102 601 1833 3800 7530 9588 4868 2508 9616 8104 5617 707 8000 8523
 2456 7391 4643 2853 9479 7971 3696 116 349 8246 1355 3015 1658]
[3951 661 2995 2449 324 4248 443 6775 6725 4302 2571 2185 8183 4583 5134
 7491 3757 3567 8507 9655 1404 7542 9675 2735 3033 5710 2705 4657 7849
 7494 4634 6651 2009 7454 1641 8948 528 7084 7178 6716 552 3808 3559 1573
 5111 779 9910 1855 3335 7921 9139 3989 1364 3879 1192 870 4300 1212 2289
 5608 9780 483 7842 3416 2698 5056 7248 3503 3381 8132 245 6575 3723 898
 9629 9904 2969 2535 9651 9513 1823 3702 9433 8213 1288 4086 149 3146 1709
 8327 1436 1759 8444 1159 8095 3280 9634 7819 1782 6686 4948 1678 9754
 3475 2925 7195 797 9700 9552 2658 2979 5083 1044 8262 2611 4584 9654 5678
 7498 429 3755 3598 4126 7875 4433 8275 2298 4284 2690 9709 7541 362 1433
 1691 4323 1696 1243 5835 4990 8 1581 4231 4454 502 3404 2938 4498 3115
 9925 4451 1740 2513 1232 2739 1877 5269 1198 478 2488 3334 6593 4798 1469
 1785 3460 2241 9847 7187 1356 2358 167 261 4722 6390 2011 5601 3204 6706
 3876 4419 6894 1024 4814 2772 9959 1879 5204 9595 3838 7445 1091 7426
 1124 1522 6765 7521 6530 3577 3216 3305 3824 3132 1378 9071 8270 1952
 5735 152 9998 9738 6523 2387 6790 96 4368 7473 693 4094 3748 9016 1039
 9875 4238 4359 6507 9728 6940 551 3502 8144 4879 9826 2574 9832 2930 2713
 4560 6681 7434 3206 2237 4959 2429 1701 8170 9194 3228 4230 2166 3623
 3124 7471 577 4504 321 6735 508 9687 7459 877 4065 3674 3464 5647 1345
 6905 2116 4201 2552 9691 6542 699 3448 2052 59 7402 8331 2665 2825 4743
 8329 3556 211 7691 1127 2467 7376 7558 3785 2516 3769 9620 1846 538 7338
 7608 1117 1384 3707 6535 3468 4825 1781 468 2099 2457 532 282 1033 1751
 2029 1627 2348 3136 4199 9126 943 7437 9762 4439 700 7504 1989 66 6495
 4301 1317 7108 9777 6912 6120 3555 4640 9793 191 6643 9610 1473 6739 346
 4197 4478 1208 7999 4283 1319 8273 9694 7210 2065 9315 4712 9970 1579
 4011 6710 4619 691 1778 2204 4341 2043 1901 1200 4137 2584 1447 3001 3795
 2040 3117 2131 1982 6024 5379 7578 3855 7531 3663 9211 1550 6784 1954
 2986 3955 4096 6818 9677 8469 7808 4212 7413 6627 1969 9831 4509 2855
 1023 684 7198 7283 621 1375 3820 340 4952 4081 9783 5639 9017 3685 6737
 8276 2989 1762 63 9173 7049 970 2651 3754 7489 4287 3133 1899 9646 9496
 2770 5594 3946 761 3476 5409 994 1142 2970 8061 6700 7469 1635 6952 7127
 3405 4356 2628 62 2339 8453 9739 5261 1911 9035 4059 6565 4131 1772 4820
 4966 5892 2829 8122 5841 8245 4577 3599 6610 1173 1933 4782 3106 2297
 1928 9539 9841 4423 3984 344 7481 2229 1748 7106 4911 3061 3494 3189 8255
 5720 7070 550 2300 1737 6872 9382 1495 8119 3176 6417 1908 2211 2845]
[2995 2449 324 6611 6725 9606 4302 2185 8091 4583 5134 3567 8982 8507 9907
 9675 5710 1641 8948 528 7084 3559 779 1855 3335 3166 1364 2430 1192 870
 8160 4300 1212 2289 5608 9780 9110 5056 7248 3381 8132 245 6575 3723 3030
 9629 9904 2969 2535 9651 9513 9433 4408 1288 4086 149 3146 1709 4205 8327
 515 8444 9634 7819 1782 6686 4948 1678 9754 2925 7195 797 9700 9552 2658
 7850 2979 5083 1044 2611 9654 5678 7498 4477 429 3598 4126 7875 4433 8275
 2298 8258 362 4323 1696 1243 4990 4231 4454 502 2938 4498 3115 283 9925
 2513 1232 2739 944 1877 5269 1325 478 2488 3334 6593 1469 1785 3460 7162
 6625 542 2241 7187 2358 167 261 4722 6390 2011 5601 7474 3204 4419 6894
 1024 9666 4814 2772 930 9959 7249 1879 2743 1050 3846 2650 1091 4018 7426
 8158 1124 1522 6765 7521 4967 2689 3305 3132 1378 9071 8270 257 5735 1273
 152 9998 7135 6523 1874 2233 6790 3749 96 7492 1559 693 4094 9698 3748
 9016 1039 4238 741 195 6507 2902 551 3502 7394 9826 2574 9832 2713 2237
 1701 3994 8170 9194 3228 4230 3002 5611 2166 8299 4504 1644 508 7459 9906
 4072 8981 9243 3384 495 2422 9764 8435 9835 1114 4656 1092 3884 3574 7577
 3751 4665 264 1197 3254 8785 670 6788 119 3674 5647 9253 1345 6905 2552
 9691 2052 59 7402 8331 2665 4743 4727 7376 3785 3769 7338 1115 1384 3558
 7235 8020 282 1033 1627 3136 4199 7437 2617 4439 7504 1989 66 1317 2325
 7108 5468 6912 6120 6643 9610 1473 346 9892 1319 8273 9694 4712 8445 4011
 4619 5960 691 1778 8181 4341 1901 7574 1200 4137 9562 3795 2040 1982 92
 5379 7578 3663 9211 5236 1954 2389 3955 4096 5143 8469 4726 1969 7826
 4509 1023 9679 5639 4681 9150 7874 6737 8726 2960 5176 1762 63 6391 970
 3688 3754 7489 4287 9646 9496 1684 827 5409 627 1914 8047 7423 6700 4918
 5851 5413 2949 6587 4254 1910 7127 3405 2778 9879 6612 1911 6565 6617 991
 2093 2829 6975 3252 8245 4986 6610 1626 4017 7698 6827 1928 9290 4177
 6564 325 736 3773 1748 7490 3150 3490 7414 5650 5495 4911 3550 6747 866
 3287 3742 1584 3504 7511 3061 624 3662 5752 9669 1015 1153 8255 4761 4031
 4076 1727 9554 1000 1052 2744 7468 9834 7963 1209 550 5940 6605 213 4496
 6749 9382 3466 331 2750 692 5536 882 829 1495 4739 3750 425 2063 4350
 3552 4427 436 2211 610 7672 4108 4511 1414 3794 447 872 6347 5814 1125
 3988 774 3089 2862 8253 7333 1176 2312 3898 1242 6637 7837 4239 789 4202
 5648 1965 6730 9782 6692 9740 4494 1547 1556 3521 1663 8413 501 9881 3313
 4225 3462 4710 8578 1187 7560 4176 1689 616 7220 5308 8097 8192 6425 7381
 6759 9456 2365 7057 7920 6761 7337]
[3951 6611 4248 443 6775 4302 2571 2185 8183 8091 7491 8982 8507 9655 7542
 9675 3033 5710 4657 7849 4634 7454 1641 528 7178 6716 6035 3808 3559 3166
 7921 3989 1364 3879 1192 8160 1212 5608 9780 483 7842 3416 3381 8132 245
 6575 898 3186 2535 9513 8213 4086 149 3146 9755 8327 515 1759 8444 1159
 3280 9634 7819 1782 6686 1678 9754 3475 2925 7195 797 2658 1044 2611 7498
 3755 4433 8275 2298 362 1691 4323 1696 1243 5835 4990 4231 4454 3115 283
 9925 4451 944 5269 1198 478 2488 3334 6593 1469 5394 3460 2241 9888 1502
 1356 167 4722 6390 2011 5601 7474 3204 4419 6894 182 4814 2772 930 9959
 7249 1879 9595 1050 3838 7445 3846 4018 7426 8158 582 1124 6765 2507 3577
 2689 3216 3305 3824 3132 1378 8270 257 1952 152 7135 1874 2233 2387 3749
 96 4368 4312 7473 7492 4740 693 4094 7583 9698 9016 1039 4238 4359 741
 195 2902 6940 551 3502 8144 4879 7394 2574 1701 3228 3124 8299 7471 577
 6735 2697 543 3557 9906 4072 3384 46 8435 6744 1114 5824 1092 3065 3574
 1197 2946 4389 2516 605 3769 9620 538 7338 1115 3707 4825 468 532 8020
 3818 1033 1627 8182 8381 2617 9762 4439 66 4301 1317 2325 6912 3555 3012
 9793 6914 6643 9610 1473 346 4197 9892 7999 4545 9315 4712 4619 645 2320
 1778 2204 8181 1200 3654 1447 3795 3117 1982 92 5379 3663 3519 1550 1296
 4096 5143 9677 4523 6627 4726 4509 1023 9679 5349 5262 3685 7874 6737
 5176 787 936 6391 3718 7049 970 2691 1274 827 994 2305 9626 2970 8047
 7423 9112 1961 1635 1026 6952 1910 4265 62 3474 1308 9227 9748 8094 6565
 4131 1772 4966 3245 6975 1072 4986 6610 1173 1626 689 151 2297 4423 2905
 7481 9965 4849 4489 6564 2420 1732 7208 8278 671 498 9827 6059 1748 3490
 7499 7414 1259 5650 3832 4121 6747 7539 866 4315 3742 5209 9926 7398 1493
 4541 7361 4888 1584 3046 4500 3061 4380 5752 2021 9669 3189 8255 4316
 2608 4207 9922 4076 1440 1727 9554 7262 7718 4461 8928 7468 7917 184 1634
 935 1209 7070 6665 6950 9636 6605 6872 213 4496 604 9752 6749 3154 358
 3427 1169 7713 3530 2750 692 5536 829 84 9708 2793 8292 4739 2063 8119
 4350 1217 8912 3552 6417 2057 9672 1757 436 4015 9768 4124 4852 4108 4511
 3873 1414 3534 6347 4929 7090 774 2862 3964 2987 5423 1374 9268 2312 266
 9216 2380 9692 8105 2203 4063 6537 9741 4228 4690 3636 226 2005 9733 1755
 9057 2398 9735 8294 8752 5219 2909 6312 5068 5001 4753 6385 3644 5027
 4071 4558 4421 7649 4863 9639 2159 1672 958 2003 521 9045 523 1695 3738
 2089 4520 4051 6552 1618 5331 8229 2028 4056 6599 9116 2351 3859 6019
 4472 4140 1567 8012 3615 6980 8574 4422 448]
[661 2995 2449 324 6611 4248 443 6775 6725 4302 2571 2185 8183 8091 4583
 5134 7491 3757 3567 8507 9655 9907 1404 2957 2735 3033 5710 2705 4657
 7494 9234 8823 4634 1583 6651 2009 1641 8948 7178 1014 6087 3808 3559 779
 1855 3335 3166 7921 3989 1364 2430 3879 1192 870 4300 1212 2289 9780 9110
 483 7842 3416 2698 5056 7248 3381 5201 6575 3723 898 3030 9629 2969 3702
 9433 4408 8213 1288 4086 149 1709 4205 9755 1436 515 1759 3280 9634 7819
 1782 6686 4948 9754 2925 7195 797 9700 9552 2658 2979 1044 8262 2611 7498
 4477 3598 4126 7875 4433 2298 4284 2690 7541 1691 8 1581 4454 2938 283
 9925 1232 2739 5269 1198 1325 3334 6593 6625 542 9847 7187 9888 1502 1356
 2358 261 6390 2011 5601 3204 6706 4419 6894 1024 4814 7249 1879 2743 5204
 9595 1050 7445 3846 2650 1091 4018 7426 8158 582 1124 1522 6765 7521 6530
 7240 3577 2689 3216 3305 3824 8270 257 1952 5735 1273 9738 1874 2233 2387
 6790 3749 96 4368 4312 7473 7492 1559 693 4094 7583 9698 3748 9016 1039
 9875 4359 741 195 6507 9728 2902 6940 551 3502 8144 4879 7394 9826 2574
 9832 2930 6681 7434 3206 2237 4959 2429 1701 3994 8170 9194 3228 4230
 3002 5611 2166 3623 3124 5621 8299 4156 3746 7471 6563 1441 577 4504 321
 6735 1644 508 2697 7459 877 543 1968 7673 3557 9906 4072 3516 7996 3384
 7736 495 2422 9764 8435 9835 6744 4656 5306 5824 1092 3884 3341 3065 3574
 959 7577 3751 4665 9600 1197 3254 4118 6793 497 2859 1941 6659 3902 8785
 670 4702 6788 119 9702 3464 9253 9103 1345 6905 2116 4201 2552 9691 6542
 9712 699 2052 59 6709 7402 8331 6570 4743 8329 3450 1999 4727 3556 211
 7691 1127 2467 7376 8003 7558 2516 2419 605 3769 9008 9620 1846 538 7338
 7608 1115 1384 3707 6535 4825 468 2099 9503 2457 7235 8020 282 3818 1033
 1751 1627 2348 3136 4199 9126 943 7437 8381 2617 4439 700 6495 4301 1317
 514 2325 7108 5468 9777 6912 6120 3555 4640 3012 9793 6914 191 9610 1473
 6739 4197 4478 1208 9892 7999 1007 1319 8273 9694 4545 7210 2065 9315
 4712 9970 5343 4615 4011 6710 4619 5960 691 2320 1778 2204 1357 4341 7574
 1200 3654 4137 1447 3001 2040 2131 3855 7531 3663 3778 456 844 6990 1550
 1954 2986 4096 6818 8469 4523 6460 6627 9831 6004 3754 3106 4031 4461 317
 7476 9789 7468 9834 935 7070 2300 1737 9636 6605 213 9752 4350 3873 5423
 2312 1888 8522 2380 6537 4228 6005 2005 4696 5217 9057 6694 499 4753 8230
 960 4558 4863 9639 2003 6453 3183 7676 2095 6080 2740 6598 3263 3885 9833
 1406 9893 5717 8279 1344 3600 9830 2913 7102 7530 2939 65 9015 4868 7988
 9553 8184 7562 2794 950 7130 842 479]
[3951 2995 2449 324 6611 4248 443 6775 4302 2571 2185 8183 8091 4583 5134
 7491 2705 2009 7178 6716 3559 1573 779 1855 3166 9139 1364 870 8160 2289
 5608 483 3416 3381 245 6575 3723 898 2535 8213 4086 149 3146 1709 4205
 9755 8327 515 8095 9634 7819 1782 7195 9700 9552 5083 1044 8262 4584 9654
 7498 3598 4126 8275 9709 1433 1691 4323 1243 4231 502 3404 2938 4498 3115
 283 1740 2739 944 5269 478 2488 3334 6593 4798 1469 5394 3460 9847 9888
 167 261 6390 2011 5601 7474 6706 4419 6894 4814 2772 930 7249 2743 1135
 5204 1050 3838 3846 2650 1091 4018 7426 8158 582 1522 7240 3577 8270 5735
 1273 3749 96 4312 7473 4740 1559 693 4094 7583 9698 3748 9016 1039 4238
 4359 741 195 9728 551 7870 8144 4879 9826 2930 6681 7434 2429 1701 8170
 3623 8299 3746 7471 6563 1441 577 4504 321 6735 1644 508 2697 7459 4065
 543 5011 1968 7673 3557 9906 4072 3384 495 46 8435 9835 4656 5306 5824
 3341 3065 3574 7577 3751 6793 497 2946 2859 1941 8785 670 6788 9253 9103
 4201 2552 6542 9712 699 59 6709 7402 6570 2665 2825 4743 3450 1999 4727
 211 2467 7376 8003 7558 2309 2516 3769 9620 1846 538 7338 1384 3707 6535
 1781 468 9503 2457 532 7235 8020 3818 1751 1627 8182 4199 9126 943 7437
 8381 9762 700 7504 66 6495 1317 514 9777 6912 3555 9793 6914 6643 9610
 1473 6739 4197 4478 1208 2146 9892 1669 1319 4545 7210 2065 4712 4857
 5343 4615 1579 6710 691 2320 1357 3795 2040 3117 1982 92 7578 6718 3663
 844 6990 1296 4096 9677 7808 4212 7413 6460 6627 1969 9831 5976 5644 4081
 3511 4681 78 9017 3685 3329 2197 787 1762 3718 7049 5567 3754 3133 1899
 2179 9646 2691 761 827 3476 2305 1914 8047 8061 1961 1635 1026 4808 5413
 6952 7735 7127 1917 9879 3078 8094 3762 3599 151 3106 7689 1882 2064 1928
 9290 344 7481 4489 2420 1732 8278 498 325 4251 3773 1748 7490 1068 3490
 8530 6787 7414 1259 795 5650 4911 6747 9664 7539 866 4315 9926 7398 1493
 9877 7361 8412 7241 3504 4500 7511 6571 975 3061 624 341 4180 1089 3494
 4380 217 5752 9669 8255 9840 2608 4761 5720 9922 6661 4031 1440 9554 2823
 2118 1000 7718 2744 317 8866 9789 7468 7917 3962 9834 5387 184 7419 1209
 7070 550 4257 2004 6665 1415 2300 6950 1737 9636 5940 604 3427 1429 7720
 8545 4390 9316 1908 8066 572 3794 3561 3089 3964 688 7333 3109 9692 2901
 3580 8105 2203 4063 6537 4228 4690 3636 2005 8889 1755 9735 5300 6694
 4968 3791 5027 1912 304 562 121 5335 3738 2341 5675 2028 9900 1527 9849
 2351 9886 4140 6474 4335 9924 8361 7676 2500 1413 4358 6898 9932 426 1833
 3800 7530 6899 6919 9588 433 4989]
[661 2995 2449 324 6611 4248 443 6775 6725 9606 4302 2571 2185 8183 8091
 4583 5134 7491 3757 3567 8982 1942 8507 9655 9907 1404 7542 9675 2735
 3033 5710 4657 7849 7494 9234 8823 4634 1583 7454 1641 8948 528 7084 7178
 1014 6035 6087 3559 1573 9910 1855 3335 3166 7921 9139 1364 2430 3879
 1192 8160 4300 1212 2289 9110 483 7842 3416 2698 7248 3503 3381 5201 8132
 245 6575 3186 9629 9904 2969 9651 9513 1823 8213 1288 4086 3146 1709 8327
 1436 1759 8444 8095 3280 9634 1782 6686 4948 1678 9754 3475 2925 7195 797
 9552 2658 8262 2611 4584 9654 5678 4477 429 3755 3598 4126 4433 2298 4284
 2690 9709 7541 8258 1433 1691 4323 4990 4231 4454 502 3404 2938 4498 3115
 283 9925 4451 2513 2739 944 1198 1325 478 2488 3334 4798 1469 1785 3460
 6625 542 2241 9847 1356 167 261 6390 2011 5601 6706 3876 4419 182 1024
 9666 4814 2772 930 1879 2743 5204 619 1050 3846 1091 4018 7426 8158 1522
 6765 6530 3577 4967 2689 3216 3305 3824 3132 1378 5735 152 9998 6523 1874
 2233 2387 6790 7492 1559 693 4094 3748 9016 1039 1286 9875 4359 741 195
 2902 6940 551 7870 8144 4879 9826 2574 9832 2930 2713 4560 6681 7434 3206
 4959 2429 1701 3994 8170 9194 3228 3002 2166 3623 3124 8299 4156 3746
 7471 6563 1441 577 4504 321 6735 1644 508 2697 9687 7459 877 4065 543
 5011 1968 7673 9906 8981 3516 9243 3384 7736 8435 6744 3065 3574 959 7577
 4665 264 3254 4389 3902 8785 6788 9253 2552 6542 59 6709 8331 6570 2665
 4727 211 1127 2467 8003 2309 3785 2516 2419 605 3769 9008 1846 538 7608
 1117 1115 1384 3707 3468 4825 2099 3558 7235 8020 1033 1751 2029 1627
 2348 3136 4199 943 2617 66 1317 514 2325 5468 9777 6912 6120 3555 3012
 9793 1473 2146 9892 4283 1669 1319 9694 4545 1394 5343 4615 4011 6710
 2204 8181 4341 2043 1901 7574 4137 73 9562 3795 2040 3117 2131 1982 6024
 92 5379 7578 7531 3778 3519 6990 2659 1550 6784 1954 3955 5143 9677 4523
 7413 6460 6627 9732 1969 7826 3062 4509 1023 435 7198 7283 621 9679 4146
 1375 1470 340 4163 4081 9783 5639 9017 3685 7874 9530 6737 8276 2960 5176
 787 6981 2989 1762 6391 7049 2651 3754 7489 7487 2179 2770 5594 3476 5409
 994 1142 2305 8047 8061 1961 7469 4918 1635 1425 5851 4808 2219 2949 7735
 1045 3405 4265 2778 4356 62 2339 1308 9227 1911 9035 6617 3811 4820 4966
 5892 5841 3102 8245 1072 3762 7689 1928 9841 4423 9290 344 4177 6564 2420
 1732 8278 671 1431 2229 4251 736 3773 6059 4873 2408 7679 6642 3150 2414
 7499 8530 1078 6787 5140 795 3832 5495 3550 4121 6747 9664 7539 866 3287
 7756 3742 5209 1493 9877 8412 4888 1584 7241 5046]
[3951 324 6611 6775 6725 9606 4302 8091 5134 7491 3757 9655 9907 1404 7542
 2957 5710 4657 7849 8823 4634 6651 7084 1014 6087 552 3559 1573 5111 779
 9910 1855 3335 3166 9139 3989 1364 3879 1192 870 4300 1212 2289 5608 9780
 7842 3416 3381 5201 8132 245 6575 3723 3030 9904 2969 2535 9651 9513 3702
 4408 8213 1288 4086 3146 1709 4205 9755 8327 1436 8444 8095 3280 9634
 7819 1782 4948 1678 3475 7195 797 9552 7850 2979 5083 1044 8262 9654 5678
 7498 3598 4126 4433 2690 9709 7541 8258 1691 4323 1696 1243 5835 8 1581
 4231 4454 3404 3115 9925 4451 1232 2739 944 1877 1325 478 3334 6593 1469
 3460 6625 2241 9847 9888 1356 2358 167 261 4722 2011 5601 7474 6706 3876
 4419 6894 182 4814 2772 930 9959 1879 1135 5204 9595 619 1050 3838 7445
 3846 1091 7426 1124 7521 2507 6530 7240 3577 4967 2689 3216 3132 9071
 8270 152 9738 1874 2387 3749 1559 693 9698 3748 9016 1039 4238 6507 6940
 7870 4879 7394 2574 9832 2930 2713 4560 3206 2237 3994 9194 3002 3623
 3124 5621 4156 3746 6563 3557 9906 8981 3516 9243 7996 3384 495 5288 2422
 8435 6744 1114 4656 5306 5824 3884 959 7577 3751 264 1197 3254 4118 6793
 497 2946 4389 2859 1941 6659 8785 670 6788 119 9702 3674 3464 5647 9253
 9103 1345 6905 4201 9691 3448 2052 7402 8331 6570 4743 3450 1999 4727
 3556 211 7691 7376 8003 7558 3769 9008 9620 538 1117 4825 532 282 1033
 1751 2029 3136 4199 7437 9762 7504 66 6495 1317 514 2325 7108 9777 6912
 3012 9793 6914 9610 1473 9892 1007 4283 8273 9694 4545 2065 4712 9970
 4615 1579 5960 645 1778 8181 1357 4341 2043 1901 1200 4137 2584 6746 1447
 3001 3117 92 5379 6718 3663 3778 844 6990 1550 6784 1954 2389 3955 9677
 7808 6620 4523 7413 6460 6627 9732 4726 1969 7826 4509 684 7283 5976 5349
 5644 3820 5639 78 9017 5262 3685 3329 8726 2960 2815 787 63 6391 7049
 3688 3754 4287 3133 1684 827 2970 6700 1635 1425 5413 6587 4254 1045 7127
 2628 2339 8453 6612 9739 3078 5261 7268 9792 4966 8122 5841 3102 4577
 3599 1173 1626 5519 4211 689 1078 6582 7923 7106 1259 5140 5650 3832 9664
 4315 3742 7398 9877 9005 4541 7361 4888 7241 4500 975 341 1089 3494 3662
 5752 9669 4013 3189 8255 9840 4316 2608 4761 6661 3158 7262 4461 9789 550
 604 6136 7713 829 4373 8292 2063 8119 6417 9672 2211 4355 4108 4511 3631
 4313 447 7090 3964 688 8253 4293 266 2380 8301 8092 781 6694 499 7649
 3833 9237 1672 2003 521 9944 2089 9031 8229 3776 902 1902 8012 4203 5182
 9117 8361 4007 6080 2740 9958 9092 115 1676 4400 7102 4481 3269 7530 6899
 5626 8416 5617 8236 2794 2246 2953 2853 9158 4310 3417]
[3951 661 2995 2449 324 6611 4248 443 6775 6725 9606 4302 2571 2185 8183
 8091 4583 5134 3757 3567 8982 1942 8507 9655 9907 1404 7542 2957 9675
 2735 3033 5710 2705 4657 7494 9234 8823 4634 1583 6651 2009 7454 1641 528
 7084 7178 1014 6035 6087 552 3808 3559 1573 5111 9910 1855 3335 3166 7921
 9139 3989 1364 2430 3879 1192 870 8160 4300 2289 5608 9110 7842 3416 7248
 3381 5201 245 6575 898 3030 9629 9904 2969 2535 9651 9513 1823 3702 9433
 8213 4086 3146 9755 8327 515 1759 1159 9634 7819 6686 4948 1678 2925 9700
 2658 7850 2979 1044 8262 2611 9654 5678 4477 3598 4126 7875 4433 8275
 2298 2690 8258 1691 4323 5835 4990 4231 4454 502 2938 4498 9925 2739 944
 1877 1325 2488 3334 6593 5394 7162 6625 7187 1356 4722 6390 2011 6706
 4419 6894 9666 4814 2772 9959 2743 5204 619 3838 7445 1091 582 2507 6530
 7240 3577 4967 2689 3216 9071 1952 5735 152 9998 7135 9738 1874 3749 4312
 693 7583 9698 3748 1286 4238 4359 6507 9728 2574 9832 3206 1701 9194 3228
 4230 5621 8299 6563 4504 1644 9687 7459 543 3557 3516 9243 7996 3384 7736
 8435 9835 959 3751 264 497 2946 4389 4702 9253 1345 4201 2552 6542 3448
 59 8329 4727 3556 211 1127 7671 2467 7376 8003 3785 605 1846 1115 1384
 3468 1781 468 8020 1033 1751 8182 943 7437 2617 9762 4439 1989 66 6495
 514 7108 5468 9777 3012 6914 191 6643 9610 2146 9892 7999 4283 1319 2065
 4712 1394 8445 4619 2320 1778 1357 4341 2043 3654 1447 3795 2040 2131
 6718 3663 3519 844 2659 1550 1954 2389 2986 6818 9677 7413 9732 1969 9831
 2855 684 7198 621 9679 5976 1865 5644 1470 4163 4081 5639 78 9017 3685
 7874 9530 8726 5176 787 6997 936 63 9173 6391 970 5567 2651 7489 3133
 7888 2691 1684 5183 3476 5409 627 2305 2970 1635 1026 1425 4808 5413 4755
 2949 1910 7735 7127 4265 9879 3474 8453 6612 9748 166 8094 9035 4059 9792
 4820 4966 3245 2093 2829 3252 8122 5841 3102 1072 4211 689 1933 151 4782
 3106 2064 1561 7433 9539 2905 344 9965 7208 8278 1081 2229 325 736 4873
 2408 1748 1068 3490 1078 7106 7414 5140 5650 3832 4121 7539 3287 6008
 4315 7756 5209 7398 7361 8412 4888 7241 3504 4500 7511 624 341 5752 9669
 1015 4316 2608 4031 4076 1440 2823 2118 7718 2582 4461 2744 8928 874 7963
 7419 935 1209 7070 550 2004 6665 1415 1737 5940 6605 4261 4452 2460 6749
 3154 1981 457 358 1169 9382 837 7713 3530 692 9168 882 829 84 425 9640
 8119 3552 436 610 4355 2812 4124 4852 5395 4511 3873 3794 6347 4915 3967
 8253 2987 7779 9887 1374 2312 9880 3898 5360 9692 2901 3905 956 2203 4690
 8294 5219 2909 8952 5001 9560 4071 2159 5480]
[661 2995 2449 324 6611 4248 443 6725 9606 4302 2185 8183 8091 7491 3757
 8982 1942 8507 9655 2957 9675 3033 2705 4657 7849 7494 9234 1583 2009
 7454 1641 528 7084 6716 1014 6087 552 3808 3559 5111 779 3335 7921 9139
 3989 1364 2430 3879 1192 4300 1212 2289 9780 9110 483 7842 3416 2698 7248
 3503 3381 5201 8132 6575 898 3186 9629 9904 2969 2535 9651 9513 1823 3702
 8213 4086 3146 4205 9755 8327 1436 1759 1159 8095 3280 9634 7819 1782
 6686 4948 1678 3475 797 9700 9552 2658 7850 2979 5083 1044 8262 2611 9654
 5678 7498 4477 429 3755 3598 4126 7875 8275 2298 1325 478 3334 6593 3460
 6625 542 2241 9847 9888 1502 1356 2358 261 6390 2011 5601 7474 3204 6706
 3876 4419 6894 182 9666 4814 2772 930 9959 7249 1879 2743 5204 619 1050
 3838 3846 2650 1091 4018 7426 8158 582 1124 1522 6765 7521 2507 6530 7240
 3577 4967 2689 3216 3305 3824 3132 9071 257 1952 5735 1273 152 9998 7135
 9738 1874 2233 2387 3749 96 4368 4312 7473 7492 1559 693 4094 9698 3748
 9016 1039 1286 9875 4238 4359 741 195 6507 9728 2902 551 7870 8144 7394
 9826 2574 9832 2930 2713 6681 7434 3206 2237 4959 2429 1701 3994 8170
 9194 3228 4230 3002 5611 2166 3623 5621 8299 4156 7471 6563 1441 577 4504
 321 6735 1644 2697 9687 3583 4065 543 1968 9906 4072 8981 3516 9243 7996
 7736 495 46 8435 9835 6744 1114 4656 5824 3884 3341 3065 3574 959 7577
 3751 4665 264 9600 6793 2946 4389 2859 1941 6659 3902 8785 670 4702 6788
 119 9702 3674 9253 9103 1345 6905 2116 2552 9691 9712 699 3448 6709 7402
 6570 2665 8329 3450 1999 4727 7691 2467 8003 2309 2516 2419 605 9008 1846
 538 7338 7608 1115 1384 3707 1781 468 9503 3558 2457 7235 8020 3818 1751
 2029 1627 8182 9126 943 7437 8381 2617 9762 7504 6495 1317 514 9777 6912
 3555 4640 6914 191 6643 9610 1473 6739 4197 4478 9892 7999 1669 1319 9694
 4545 2065 4712 9970 8445 4857 4615 1579 6710 5960 645 2320 4341 1200 3654
 4137 6746 73 3001 3795 2040 3117 2131 1982 6024 5379 7578 3855 7531 3778
 844 9211 2659 1550 5236 2986 4096 9677 1093 7808 6620 7413 9732 7826 9831
 6004 3062 4509 2855 1023 7198 7283 9679 5349 1865 1375 340 4163 4952 5639
 9017 3685 7874 6737 8726 787 6997 6391 970 2651 7489 1899 9646 2691 1684
 3946 1274 761 827 3476 1914 7423 9112 6700 1635 5851 4808 4254 1910 7735
 1045 3405 4265 2778 1917 4356 2628 9879 3474 1308 8453 5298 6612 3078
 9748 5261 8094 1911 9035 4059 6565 4131 991 1772 4820 4966 2093 2829 5841
 8245 1072 3599 689 7698 1933 151 4782 6827 1561 7433 9539 9841 4423 2905
 3984 344 7481 9883 4177 6564 7102 7275 1354]
[2052 8 8213 4126 4131 4137 8245 62 8258 4163 2116 8262 4177 2131 4180 92
 2142 96 2146 4199 4201 4212 119 2179 4230 8327 4231 8329 8331 4238 2197
 4248 166 167 182 2233 4284 8381 2241 4300 4302 211 4312 217 4315 4323
 2289 8435 245 6390 2297 2298 8445 257 4359 4368 2325 283 2348 2358 8507
 4419 324 4423 4433 2387 340 2389 341 4439 6495 4451 4454 362 2420 2429
 4478 2430 4477 6530 2449 4498 4504 6563 6570 429 6575 435 2488 443 6593
 456 2507 6611 2516 6612 6620 478 4577 6625 483 4583 2535 4584 495 497
 6642 6643 502 6651 2556 508 515 4615 4619 2571 528 8726 2584 4634 6686
 543 4640 542 552 4657 6706 2611 6709 4665 2617 6716 577 2628 6725 582
 8785 6737 6746 2650 605 4702 2658 4712 619 6765 624 4727 6775 8823 2689
 4740 6788 6790 4743 645 2697 2698 2705 661 2713 6827 2735 689 2739 693
 2743 699 4814 4820 2772 2778 736 6894 8948 6912 2825 779 8981 8982 6940
 797 4911 9017 4922 827 6975 6981 9035 4952 4959 4966 870 4967 2925 2930
 2938 4990 2946 898 2949 7049 2957 9103 2960 9110 2969 2979 936 2986 7084
 944 9139 3001 3002 9150 959 5056 7108 3012 970 9173 3033 5083 991 3061
 1014 5111 7162 9211 1023 1033 7178 5134 1039 9234 7187 1044 5143 9253
 7208 3115 1072 3124 5176 1081 3133 5183 7235 1092 7240 7241 3146 7249
 5204 5209 1115 1117 3166 1124 7268 1127 1135 3186 7283 1142 3204 1159
 5261 5262 3216 5269 3228 5288 1192 7338 3280 1232 3287 9433 1243 7398
 3305 7402 1267 7413 7414 1273 3329 7426 5379 3334 3335 7433 7434 3341
 5394 7445 9496 7454 9503 7459 1317 9513 7469 1325 7471 7474 3381 3384
 1345 9539 7491 7494 7498 7499 3404 1357 3405 7504 9552 1364 3416 7521
 1384 1394 7539 7541 7542 3448 1404 3460 9606 3464 3468 3475 9620 1431
 7577 1436 9629 1441 3490 9634 3502 9646 9654 9655 3516 1469 1470 9664
 9666 9675 9677 9687 5594 9698 9700 3557 3558 3559 5608 5611 9709 3567
 9712 5621 3574 7671 3577 3583 9728 5639 7689 9739 3598 7698 5650 1559
 1561 9754 9755 1573 3623 1581 5678 1583 9780 7735 7736 9793 5710 3663
 9826 3685 5735 9831 3688 1641 3702 9847 5752 7808 3723 1678 9875 9883
 1691 1696 7842 3748 1701 7849 7850 3755 3757 1709 9904 9906 9907 9910
 3769 5824 3778 7875 3785 5835 1740 5841 3795 1748 1759 3808 9959 3824
 7921 9970 7923 1782 3838 5892 3846 9998 1823 3876 3879 3884 1846 7996
 3902 1855 5960 1865 1874 1877 5976 3946 1901 3951 3955 6004 6008 1928
 3984 6035 1941 1942 3989 3994 8091 8094 8095 1968 1969 4018 1982 6087
 1999 8144 2009 2011 8158 8160 4065 2021 4072 6120 2029 4086 8183 2040
 4094 5446 1447 1169 5971 9843 8533 5909]
[3951 2995 2449 324 4248 443 6775 9606 2185 8183 8091 4583 5134 8982 1942
 8507 9655 1404 7542 2957 9675 2735 3033 5710 2705 4657 7849 7494 8823
 4634 2009 7454 1641 8948 528 7084 7178 6035 552 3808 3559 1573 5111 779
 9910 1855 3335 3166 7921 9139 3989 1364 2430 3879 1192 870 8160 1212 2289
 5608 9780 9110 483 7842 3416 2698 5056 7248 3503 5201 245 6575 3723 898
 3186 3030 9629 9904 2969 2535 9651 9513 1823 3702 9433 4408 1288 4086 149
 1709 4205 9755 8327 1436 515 8444 1159 8095 3280 9634 7819 4948 1678 9754
 797 9552 2690 1433 1691 4323 1696 8 1581 4454 3404 4498 3115 283 9925
 4451 1740 2513 1232 2739 944 1198 1325 478 3334 4798 1469 5394 3460 7162
 6625 542 2241 9847 9888 1502 2358 261 6390 5601 7474 3204 6706 3876 4419
 4814 930 1879 2743 1135 5204 1050 3838 7445 3846 2650 7426 8158 582 1124
 1522 6765 2507 6530 3577 4967 2689 3216 3305 3824 3132 1378 9071 257 1952
 5735 1273 152 9998 7135 6523 2233 2387 6790 96 4368 4312 7473 7492 4740
 1559 4094 7583 9698 3748 1039 1286 4238 4359 195 6507 9728 2902 6940 551
 3502 7870 8144 4879 7394 9826 2574 2930 4560 6681 7434 2237 4959 2429
 1701 3994 8170 9194 3228 4230 3002 5611 3623 3124 5621 3746 6563 1441 577
 4504 6735 1644 508 2697 7459 4065 5011 3557 9906 4072 8981 3516 9243 7996
 3384 495 5288 46 9835 1114 4656 5306 5824 1092 3884 3341 3065 3574 959
 3751 4665 264 9600 1197 3254 4118 6793 4389 1941 6659 8785 670 4702 6788
 9702 3464 5647 9253 1345 6905 2552 9691 6542 9712 3448 2052 59 6709 7402
 8331 2665 2825 4743 8329 1999 4727 3556 211 7691 1127 7671 2467 7558 2309
 3785 2419 605 3769 9008 9620 538 7608 1115 3707 6535 3468 4825 468 9503
 3558 7235 8020 282 3818 1033 2348 4199 943 7437 4439 7504 1989 6495 4301
 1317 2325 6912 3555 9793 6914 191 6643 4197 4478 1208 2146 4283 1319 7210
 9970 8445 4857 5343 4615 1579 4619 691 2320 2043 3654 1447 3001 3795 2131
 6024 5379 3855 456 3519 844 6784 2389 2986 4096 1093 4212 6627 9732 9831
 3062 435 5349 4146 1470 3820 4163 4952 4681 9150 3685 6737 2960 2815 787
 6981 63 1045 7127 3811 8122 4849 6564 1748 1259 7398 1493 9005 3504 7511
 975 3494 5752 1153 3189 8255 4207 4761 5720 3158 1185 1440 1727 1000 1052
 218 7262 7718 4461 8866 8928 9789 9985 3962 9834 874 7963 184 1209 550
 4257 2300 6950 9636 5940 6605 1120 6872 213 4496 2460 1981 457 5754 6136
 9382 331 692 5749 882 9708 2129 7720 3523 4390 425 1908 9672 610 9768
 8066 4355 4852 4108 4511 3631 6002 3534 2225 447 7090 3967 5814 4567 774
 688 7333 955 2145 6512 687 603]
[1091 4018 8158 7521 2507 7240 3577 2689 3216 3305 3132 1378 257 1273 152
 9998 7135 2233 2387 6790 3749 96 4368 4312 4740 1559 4094 9698 9875 4238
 4359 741 6507 9728 2902 6940 3502 7870 7394 9826 9832 2713 4560 7434 2429
 1701 3994 8170 9194 3228 5611 3623 5621 8299 4156 3746 6563 577 4504 6735
 508 2697 9687 877 543 5011 1968 4072 8981 3516 7996 3384 7736 495 2422
 9764 46 8435 1114 4656 5306 5824 1092 3884 3341 3065 959 3751 4665 264
 1197 3254 4118 6793 497 2946 4389 2859 3902 8785 670 4702 3674 9253 6905
 2116 4201 2552 9691 6542 9712 699 59 6709 7402 8331 6570 2665 2825 4743
 8329 3450 1999 3556 211 7671 2467 7376 7558 3785 2516 2419 605 3769 9008
 1846 538 7338 1117 1115 1384 2099 9503 2457 532 8020 3818 1751 2029 8182
 2348 3136 4199 7437 8381 4439 700 7504 66 6495 4301 1317 2325 5468 6120
 4640 9793 6643 1473 4478 1208 9892 1007 4545 9315 4712 9970 6710 645 7574
 3795 2131 6024 7531 3663 9211 5236 1296 2389 2986 5143 7808 6627 4726
 9831 6004 3062 2855 684 621 9679 5976 5349 4146 3820 4952 4081 9783 4681
 78 5262 3685 7874 6737 8276 63 9173 970 5567 3688 3754 1267 1899 1684
 5594 1274 761 827 1142 1961 7923 7414 3832 6747 7539 6008 3742 7398 3504
 4500 7511 624 3494 4380 5752 9669 4013 8255 4761 9922 3158 1185 4076 1000
 7718 7568 2582 4461 9985 3962 7963 935 7070 2004 6665 6950 1737 1120 6872
 4261 9752 6749 1981 358 6136 1429 5749 2793 7720 3523 8292 4390 4739 3750
 425 6886 8119 4350 1217 2090 6417 1908 2211 9205 4015 3951 661 2995 2449
 324 6611 4248 443 6775 6725 9606 2571 2185 8183 8091 4583 5134 7491 3757
 3567 8982 1942 8507 9655 9907 1404 7542 9675 2735 3033 5710 2705 4657
 7849 7494 9234 8823 4634 1583 6651 2009 7454 8948 528 7084 7178 6716 1014
 6035 6087 552 3808 3559 1573 5111 779 9910 1855 3335 3166 7921 9139 3989
 1364 3879 1192 870 8160 4300 1212 5608 9780 9110 483 7842 3416 2698 5056
 7248 3381 5201 8132 245 6575 3723 898 3030 9629 9904 2535 9651 9513 1823
 9433 4408 8213 1288 4086 149 3146 1709 4205 9755 8327 1436 515 1759 8444
 1159 8095 3280 9634 7819 1782 6686 4948 1678 9754 3475 2925 7195 9700
 2658 7850 2979 5083 1044 8262 2611 4584 9654 5678 7498 4477 3755 3598
 4126 7875 4433 8275 2298 4284 2690 9709 7541 8258 362 1433 1691 4323 1243
 5835 4990 8 1581 4231 4454 502 3404 2938 4498 3115 283 9925 4451 1740
 2513 2739 944 1877 5269 1198 1325 478 2488 3334 6593 1785 5394 3460 7162
 6625 542 2241 9847 7187 9888 1502 1356 2358 167 6390 2011 5601 7474 3204
 3876 4419 182 1024 4814 9959 7249 1879 2743]
