Fault List:
54
54
56
47
49
50
55
52
48
47
51
52
48
50
52
58
48
48
51
47
52
50
52
53
53
53
50
51
53
53
FDR List:
0.6352941176470588
0.6352941176470588
0.6588235294117647
0.5529411764705883
0.5764705882352941
0.5882352941176471
0.6470588235294118
0.611764705882353
0.5647058823529412
0.5529411764705883
0.6
0.611764705882353
0.5647058823529412
0.5882352941176471
0.611764705882353
0.6823529411764706
0.5647058823529412
0.5647058823529412
0.6
0.5529411764705883
0.611764705882353
0.5882352941176471
0.611764705882353
0.6235294117647059
0.6235294117647059
0.6235294117647059
0.5882352941176471
0.6
0.6235294117647059
0.6235294117647059
Time List:
188.49752688407898
187.6595618724823
188.29256200790405
186.73535585403442
183.3186330795288
183.06344294548035
182.69718289375305
180.80698800086975
181.54418802261353
181.94147205352783
189.9449348449707
188.9749310016632
186.66895484924316
202.23588705062866
191.775377035141
183.06189107894897
204.25109791755676
204.8728199005127
205.612291097641
205.59824800491333
205.84416389465332
204.2965579032898
203.88470721244812
206.62110424041748
206.3768491744995
205.10375499725342
202.39934015274048
204.44162607192993
204.67695999145508
203.78250288963318
Subset List:
[195 7826 3751 1989 3030 9655 542 149 6716 7521 3598 619 6560 2794 7531
 1785 1678 6035 8327 1356 9194 3989 9858 1209 2009 4814 1198 1384 7248
 8160 6925 6706 1128 9700 2387 9433 7454 3381 2131 92 46 1242 2969 498
 8061 6651 8982 1691 3065 3811 3288 1899 3820 2571 2011 5824 4007 1855 691
 4583 317 7240 2705 5735 7195 3757 6578 4423 4722 2608 1583 8020 4755 1952
 8444 1465 3344 6005 6632 4369 319 1772 9922 2635 515 3460 8107 2197 4433
 9110 151 3749 3723 4743 9738 2513 268 8292 2748 1545 2820 9904 2770 9709
 3078 1248 3124 9883 3490 257 456 9456 2358 3503 4300 543 9892 3269 2793
 2957 9035 159 3795 6021 7471 3951 800 5890 1494 1581 5083 4761 4451 2508
 8092 1023 8178 9629 7583 4146 1344 7249 1865 2699 2834 6109 6997 5696
 8527 2617 4159 5634 3436 3879 9907 2233 3557 3876 6872 4500 3681 3365
 2589 699 7870 7030 1007 827 7451 4205 2229 3583 514 7905 9856 9857 497
 2507 577 1320 1444 1289 671 926 7588 7541 4116 2573 2552 1117 4477 3494
 1228 6045 4187 4438 2166 7492 1159 4745 1522 3884 5054 2090 6080 3604
 3305 2300 7423 4888 9669 7459 760 1072 8091 1640 2658 511 1437 8246 1308
 1263 7842 2063 730 9728 4640 2825 9079 3151 3710 5525 245 1942 3511 3829
 3441 9017 3176 9847 4126 6460 9726 2109 6681 5955 4575 6725 7426 6784
 5851 3388 3133 6418 7162 3573 5923 9103 6611 4018 823 2374 4037 5183 2351
 4000 2708 4738 1961 2099 6741 3115 6390 1091 6737 1404 9826 2526 6894
 4990 629 7777 7504 4197 4230 9843 9211 2812 2429 9664 1874 998 7153 9831
 1364 3966 3448 1718 5143 3429]
[9194 2369 9666 9677 4814 2905 1198 1288 7248 8160 930 6706 7454 3381 2131
 4065 4248 46 1242 2969 498 898 8061 3329 3065 3820 2011 5824 9652 1694
 317 5735 7195 301 6578 4423 7850 2608 8020 4755 3344 6632 4369 151 3723
 4634 2513 268 4690 1545 2820 4454 9709 3078 1248 1050 2628 3503 4300 543
 9035 5577 159 3795 6021 7471 3951 5890 1494 5083 4315 8092 1023 8170 8178
 9629 4146 9879 1344 1865 2699 1751 2617 3848 6642 943 2589 7030 3762 4505
 4419 9780 7451 4658 4205 2229 4921 1941 1317 2507 1823 3755 2037 926 2028
 9513 4302 5973 2573 2552 3494 1228 6867 4187 874 7492 2348 171 582 3132
 2224 7921 3771 3167 66 6080 5631 552 7459 8091 1263 502 730 9728 5887
 5525 9203 245 6627 3511 9560 3829 3441 9847 1353 4145 6681 5955 1740 4575
 4317 3388 2636 4368 4823 4699 6418 1212 1253 7876 6558 4131 9044 7875 823
 213 8948 2351 7577 6741 2297 1404 6391 1436 6643 3468 6730 4284 2526 2305
 3205 2750 7216 4990 7043 7777 7504 4197 2668 3150 9427 1687 104 2429 866
 3364 1874 998 7153 9831 9783 1107 3966 6694 8426 3448 4868 951 1391 3429
 1886 4225 3756 2121 9316 3571 3833 4577 6004 3599 2404 2648 1781 1039 133
 4966 1096 7434 1965 1722 4731 8050 7127 2433 2180 3577 3685 689 7498 712
 2289 1903 6759 1208 1775 795 7932 1197 7332 6305 8297 3117 569 837 1328
 2320 2598 5086 3295 8637 9854 6721 1274 445 114 3748 6577 3559 5726 8453
 3404 1092 8268 3550 2286 4686 9006 187 1185 4441 1730 5978 667 9446 2457
 4316 6161 9634 1149 4207 8472 2879 6817 4370 2269 881 6458 9680 553 1125]
[195 7826 3751 1989 3030 9655 542 149 7521 3598 619 6560 2794 1785 1678
 6035 6568 8327 1356 9194 2369 3989 9858 1209 2009 9677 4814 2905 1759
 9959 1440 1288 8160 6925 930 6706 9700 2387 9433 3381 2131 92 1068 959
 1232 4248 498 898 8061 8982 661 1691 3329 3065 3811 9764 2011 4007 1855
 691 1694 4583 317 7240 2705 3757 301 6578 7850 4722 2414 167 4755 1952
 8444 3344 6005 6632 994 9922 9013 3460 8107 4433 9110 3749 3723 268 2863
 8292 4690 2748 1545 2820 4879 4454 1248 3124 9883 1050 1357 3490 257 456
 2358 3893 543 3269 2957 5577 3795 6021 7471 3951 5890 1494 1581 5083 4315
 2508 2325 8092 1023 8170 9629 7583 1344 7249 1865 2699 2834 6109 6997
 8527 605 4159 5634 3879 9907 2233 3876 1433 4500 943 4356 2038 341 3681
 7491 3062 3405 7241 7473 699 1007 3762 3646 6686 4419 2430 827 9746 7451
 4658 4205 2229 4921 9754 514 9856 528 9857 1941 5457 741 1317 2659 9863
 264 2507 7736 2408 1823 577 3755 1968 1320 6608 3794 6788 2037 671 2028
 9513 2989 7588 944 5973 2573 2552 5556 4477 346 3698 7474 96 3494 2125
 8279 6867 429 65 4959 7035 874 4438 7492 3186 4828 1159 2348 4745 1522
 9071 3884 2582 1686 3166 3962 6645 171 7490 2690 9079 9600 723 5887 5525
 245 6627 3829 9017 3176 9847 4126 6460 3578 1353 3565 4145 6725 2198 6784
 6756 5851 3388 4368 4823 3133 4699 6418 1253 5923 6558 1956 4131 1476
 6611 4017 823 4037 2351 960 4000 4738 2099 243 1091 1464 4922 6787 1436
 6643 2305 7262 629 7504 4197 2668 9747 2660 2925 7724 2532 4259 3364 7153
 2556 4997 3943]
[195 3751 1989 3030 9655 542 149 6716 7521 3598 619 6560 2794 7531 1785
 1678 6035 6568 8327 9194 2369 3989 9858 1209 9666 9677 4814 2905 9959
 1198 1384 1288 7248 6925 6706 1128 9700 2387 9433 3381 2131 4065 4301 92
 1068 959 4248 46 1242 2969 898 8061 6651 661 1691 3065 1899 3820 1394
 9764 2571 2011 5824 4007 1855 9652 1694 4583 317 7240 2705 5735 7195 3757
 301 6578 4722 2608 167 1583 1465 2488 6005 4369 319 1772 515 2197 4433
 9110 151 3749 3723 9738 5559 2513 268 2863 8292 2748 1545 4879 9904 2770
 3078 3124 1050 3490 456 543 6027 3269 2957 9035 5577 443 3951 5890 1494
 1581 4315 4451 2325 1023 8170 8178 9629 7583 1344 7249 2699 6109 6997
 1751 8527 605 5634 3879 191 2233 3876 6642 6872 4500 943 4356 341 3681
 7491 7241 3365 7473 7870 7030 4505 78 6686 4419 2430 9746 4427 2229 4921
 9754 7905 9606 9856 528 9857 741 1317 2659 9863 264 2507 577 1968 1444
 2037 671 926 2028 9513 4302 2989 7541 2573 2901 2214 5556 7474 96 3494
 8279 4852 429 1701 8182 7035 4187 874 4745 7917 3962 7490 1981 66 3702
 5054 2090 2300 4201 5631 4888 7459 8091 1640 2658 1437 2520 1263 7842 502
 730 9079 245 3511 9560 9847 4126 6460 2760 3578 2109 4753 6681 1740 4575
 7691 3262 6725 7426 4317 9139 4165 6784 213 960 4738 243 1091 7689 2297
 6737 3591 1404 6391 1436 6730 9826 2526 2305 3205 7216 7043 7777 7504
 2668 6747 2925 9843 1687 9211 104 2812 2429 9664 866 787 998 3691 7153
 1364 4868 8507 951 1718 1391 5143 4225 3756 6780 9316 3571 2995 9234 5065
 4577 6004 4896]
[2636 3519 3133 6418 7876 6558 1476 4018 3946 9044 823 960 2708 4738 6741
 243 4408 6390 1091 7689 2297 6787 5943 6643 3468 6730 2750 7216 4197 2668
 9747 3150 9427 2660 1687 2532 104 3364 998 9875 3691 9831 2654 4868 8507
 951 5204 1718 1391 5143 6780 7597 9316 6625 2995 9937 9234 4577 9741 4966
 4498 6654 1965 5261 1637 1896 5105 7679 4943 2004 432 3806 6886 3216 5209
 3580 1644 1219 195 7826 3751 1989 3030 9655 542 149 6716 7521 3598 619
 6560 2794 7531 1785 1678 6035 6568 8327 1356 9194 9858 2009 9677 4814
 2905 1759 9959 1198 1440 1288 7248 8160 930 6706 9700 7454 3381 2131 4065
 4301 92 1068 959 1232 4248 46 2969 498 898 8061 6651 661 1691 3329 3065
 3811 1899 3820 9764 2571 2011 5824 4007 1855 9652 1694 4583 317 7240 2705
 5735 7195 3757 301 6578 4423 4722 2608 167 1583 4755 8444 1465 2488 6005
 6632 4369 1772 994 2635 3460 9110 3749 4743 4634 9738 2513 268 8292 1545
 2820 4454 9709 1248 9883 1050 1357 3490 257 3893 543 9892 3269 9035 5577
 159 443 3795 6021 3951 800 5890 5083 4761 4315 2508 2325 1023 8178 7583
 4146 9879 1344 7249 2699 2834 6997 5696 8527 2617 4159 3436 3879 191 2233
 3876 6642 1433 4500 943 3681 3062 7241 3365 7870 4419 9746 9780 7451 4658
 4427 4921 9754 514 7905 9606 9856 1941 1317 2659 1823 577 3755 1968 1320
 1444 6608 1289 671 3476 926 2028 944 2552 2214 4477 3698 7474 96 3494
 1228 8279 4852 429 1701 874 3186 3160 4828 2348 4745 7917 9071 2582 3166
 1267 4238 3132 1981 7921 1127 4504 3771 3167 241 66 5054 2090 6080 3604]
[195 7826 3751 1989 3030 9655 542 149 6716 7521 3598 619 6560 7531 1785
 6035 6568 8327 1356 9194 2369 3989 9858 1209 9666 2009 9677 2905 1759
 9959 1384 1440 9433 2131 4248 8982 661 1899 3820 1855 9652 4583 317 7240
 5735 3757 301 6578 7850 4722 167 1583 8020 4755 1952 8444 1465 3344 2488
 6005 6632 319 9013 2635 515 3460 4433 9110 3749 3723 9738 268 8292 2748
 4879 9904 2770 9709 3078 1248 1050 2628 456 9456 2358 3893 6027 3269 2957
 9035 443 3795 3951 1494 4451 2508 2325 8092 1023 8170 8178 9629 9879 1344
 7249 1865 2699 2834 6109 1751 605 4159 5634 726 191 9907 3557 3848 1433
 6872 943 4356 341 3681 3062 3405 3365 2589 7473 7870 7030 3762 4505 3646
 78 4419 2430 827 9746 9780 7451 4205 4427 9754 3583 7905 9856 528 741
 1317 9863 264 2507 577 1968 1320 1444 6608 6788 2037 671 3476 926 2028
 9513 7588 7541 944 5973 4116 2573 2901 1117 2214 9535 346 7474 3494 2125
 8279 4852 6045 6867 429 1701 65 8182 7035 4187 874 2670 4438 2166 7333
 3186 3160 1159 2348 2582 3166 3962 6645 7490 4238 9781 7921 4504 3771
 3167 8981 241 66 62 5054 6080 3305 2300 8908 5631 3280 4888 552 8165 9669
 5586 7459 1072 2658 1437 781 2520 7842 502 730 2825 723 5887 3829 3441
 9847 4126 1353 5955 4317 6756 4368 6418 4018 9044 2374 4738 1961 6741
 3204 4990 629 2668 3150 9427 4230 1687 9211 1502 2532 104 4259 866 3364
 1874 9875 3691 7153 2654 2556 8507 2449 951 3905 4225 6780 3002 8095 9234
 5065 4086 4896 3599 7553 2404 4121 7349 829 5176 1039 133 6053 8276 184
 6654 5821]
[195 3751 1989 3030 9655 542 149 6716 3598 619 6560 2794 7531 6035 6568
 1356 9194 2369 9858 1209 2009 4814 1759 1198 1384 1440 7248 6925 1128
 2387 9433 7454 3381 4065 4301 92 1068 959 1232 1242 2969 498 898 8061
 6651 8982 3329 3288 1899 3820 1394 2571 2011 5824 4007 1855 691 9652 4583
 317 2705 5735 7195 3757 301 6578 4423 7850 2863 8292 2820 4879 9904 2770
 9709 3078 1248 3124 9883 1050 2628 3490 257 456 9456 3893 4300 543 6027
 2957 5577 159 443 3795 6021 7471 5890 1494 1581 5083 4451 2508 2325 8092
 8178 9629 4146 9879 1344 7249 1865 2699 2834 5696 1751 8527 605 3879 191
 6642 1433 6872 4500 943 3681 7241 7473 7870 4505 3646 78 4419 827 9746
 7451 9754 7905 9856 1317 264 7736 577 4959 7035 4187 2670 4438 7333 2348
 9071 2582 3962 6645 7490 915 582 4238 2224 4504 3771 1298 3167 8981 241
 6080 3305 2300 8908 7423 5631 552 8165 9669 7672 7459 760 8091 2658 511
 1437 2333 8246 1308 1263 6765 2063 730 2690 9728 723 3710 5887 245 9777
 3511 9560 3829 3441 9017 3578 2109 4753 6725 7426 9139 2198 6784 4368
 3133 4699 97 6418 4948 1212 1253 7876 6558 6611 4018 3946 9044 7875 4017
 823 213 4037 8948 2902 2351 960 4000 243 3204 6390 1091 2297 2394 6787
 3591 5943 1404 6643 3468 2750 7216 7043 7504 4230 9843 2532 2812 866 3448
 1391 3756 3571 8095 5065 829 4966 4498 1096 7434 1965 1467 4080 8408 5261
 9031 2914 7545 952 5105 2758 1124 1375 2650 7487 4657 9891 9733 325 6517
 1722 1325 3534 9554 3984 2193 4548 5360 3577 8115 7117 3377 4313 791 2780
 3410 2545]
[195 7826 3751 9655 2571 2011 5824 4007 1855 9652 1694 4583 7240 301 4423
 7850 167 8020 6005 9922 3460 9738 268 4690 2770 9709 1357 257 4300 9892
 2957 5577 3795 1581 5083 4761 4315 2325 8092 8170 9629 1344 2834 6109 605
 2617 5634 6872 4356 3405 3365 7473 1007 4419 827 7451 4205 741 577 1320
 2028 944 2214 9535 96 4187 3186 2348 2582 3962 1981 3136 7542 1298 66
 3702 5054 2090 6080 3604 8908 7423 8165 7459 1640 7842 730 3151 9600 5887
 5525 6627 3829 3441 9017 9847 1353 2109 3565 6681 4575 3262 4317 2198
 6756 5851 2636 4857 1956 9103 6611 4018 9044 5183 8948 2902 2351 7577 243
 3204 6390 1091 6737 2394 3591 1404 3468 2526 2305 8003 7262 7216 4990
 7777 2668 7724 9211 3629 4259 787 998 9875 1973 3691 7153 9831 2654 3966
 6694 3448 1886 3905 3002 2995 9937 5065 950 9741 2298 3599 2404 2648 7349
 829 184 9022 4498 1096 1965 4080 5261 2080 1439 2691 282 4943 2823 5639
 8272 7487 3202 325 3580 2960 6517 804 1157 2419 5611 9742 1325 4731 8050
 2193 8412 2433 2866 84 6564 1839 7235 2772 3122 3117 3456 1969 2185 1910
 1328 2320 1078 7558 4256 9832 6796 448 2850 2263 4455 2339 4327 3046 1274
 2201 1089 9743 8435 1003 610 4893 5269 3559 3929 2771 1709 9595 8416 9890
 1378 2515 4954 6495 421 9914 6975 6613 3369 2286 8353 4076 4808 4686 550
 5607 6571 9006 2514 6174 3089 9214 7268 6051 5268 3836 5997 4541 110 1326
 7918 8316 3626 667 9446 3302 2144 4297 5921 6161 9634 844 3170 9538 9691
 1243 3874 3725 4400 6043 881 3808 5046 3716 4056 4556 3782 1611 1062 59
 7306 9028]
[195 7826 3751 1989 3030 9655 149 6716 7521 3598 619 6560 2794 7531 1678
 6035 6568 8327 9194 2369 3989 9858 1209 9666 2009 9677 4814 2905 1759
 1198 1384 1440 1288 7248 8160 6925 930 6706 1128 9700 2387 9433 7454 3381
 4065 4301 959 1232 4248 46 1242 498 8061 6651 8982 661 1691 3329 3288
 1899 3820 1394 9764 2571 2011 5824 4007 1855 691 9652 1694 4583 2705 3344
 319 994 3460 8107 3723 2513 268 2863 8292 2748 1545 2820 4879 4454 9904
 2770 9709 3078 1248 1050 2628 1357 3490 456 2358 3893 6027 3269 2957 9035
 5577 3795 6021 7471 1494 5083 4761 4315 4451 2508 2325 8178 1344 7249
 1865 2699 2834 6109 6997 8527 605 2617 4159 5634 191 9907 3876 6642 6872
 4500 4356 2038 341 3062 3365 7473 699 7870 3762 4505 78 6686 4419 2430
 827 9746 9780 7451 4658 4205 5078 9754 3583 514 7905 9606 9856 9857 1941
 5457 741 1317 2659 497 9863 264 2507 577 3755 1320 3794 671 2028 2989
 7541 944 5973 4116 2552 1117 4477 2125 8279 4852 6045 1701 4959 8182 7035
 4187 2166 3160 478 4828 266 4745 1522 7917 2582 6645 1267 7490 4238 3132
 3136 1127 4504 3167 9985 3702 62 5054 3604 2204 3305 4201 5631 3280 4888
 7459 8091 1640 2658 2333 1308 1263 6765 2063 730 2690 9728 4640 9600 6627
 9777 3441 9017 3176 1353 2109 2093 3262 2636 4368 4823 3133 97 1212 4857
 5923 7876 6558 9103 4807 4131 4017 2374 213 2902 2351 6741 2394 3591 1404
 2305 7043 629 4197 2668 9747 3150 9427 4230 9211 2812 2429 3629 3364 7153
 3448 8507 1391 5143 3429 5118 4225 9316 3833 6625 8294 1039 3634 668 1859
 4746 1684]
[3115 1464 6787 1404 6391 1436 6643 3468 6730 4284 2526 2305 3205 8003
 7262 2750 7216 4990 7043 629 7777 7504 4197 2668 9747 9427 2925 1502 7671
 3364 1973 7153 9831 2654 1364 9783 6694 8426 4868 8507 2449 5143 3905
 2121 3002 6625 8095 6004 9252 4896 2322 4121 7349 3818 4966 9740 61 1965
 1467 9045 7545 5105 6905 2004 5698 9539 3806 7210 1124 6610 3549 5209
 4452 1727 2419 1767 3263 324 4727 6561 2433 9767 290 532 6564 2454 3871
 1903 1579 4313 3122 9649 7673 2185 1328 1938 4093 5011 5086 448 195 7826
 3751 1989 9655 149 7521 2794 1785 6035 8327 9194 2369 3989 9858 9666 9677
 4814 2905 1759 1198 1384 7248 8160 6925 930 9433 7454 3381 4065 4301 92
 1068 959 1232 4248 46 2969 498 898 8982 1691 3329 3065 3288 3820 1394
 9764 2571 2011 5824 4007 1855 691 9652 1694 4583 7240 5735 7195 4423 7850
 4722 167 8020 4755 1465 2488 6005 1772 994 9922 9013 2635 3460 8107 2197
 4433 9110 151 3749 4634 268 2863 4690 2820 4879 9904 2770 9709 3078 1248
 9883 1357 3490 9456 2358 3893 6027 9892 3269 9035 5577 159 6021 7471 5890
 1494 1581 5083 4761 4315 4451 2508 2325 8092 1023 8170 9629 4146 9879
 1344 7249 1865 2699 5696 1751 8527 605 2617 5634 726 3436 3879 191 2233
 1433 6872 4500 943 2038 341 3681 7491 3062 3405 7241 7473 7030 3762 2430
 827 9746 7451 4658 4427 5078 4921 9754 3583 7905 528 1941 1317 2659 9863
 1823 3755 1320 1444 3794 671 3476 2028 9513 4302 7588 7541 944 4116 2573
 2552 2901 5556 4477 346 96 8279 6045 6867 65 8182 2670 4438 1159 266 1522
 9071 2582 1686]
[195 3751 1989 9655 6716 7521 3598 619 6560 2794 1785 1678 6568 8327 1356
 2369 9858 2009 9677 2905 1759 9959 1440 1288 7248 930 1128 9700 9433 7454
 3381 2131 4065 1068 959 1232 898 8982 661 3065 4007 1855 9652 1694 317
 7240 2705 5735 7195 3757 301 4423 7850 2608 8020 4755 1465 3344 2488 4369
 319 1772 9922 9013 2635 3460 9110 151 3749 3723 4634 9738 2513 268 2863
 8292 4690 2748 1545 4879 4454 2770 3078 1248 3124 1050 3490 257 456 3893
 543 6027 3269 2957 9035 5577 159 443 3795 7471 3951 800 5890 1494 1581
 5083 4761 4451 2508 2325 8092 1023 7583 4146 1344 7249 1865 6109 1751
 8527 605 726 3436 3879 191 2233 3557 3876 3848 6872 2038 341 3365 7473
 699 7870 3762 3646 4419 9780 7451 4658 2229 5078 4921 514 9606 9856 528
 1941 5457 1317 497 9863 2507 7736 1823 3755 2028 8182 4187 4438 7492 1159
 1522 7917 3884 1686 1267 4238 9781 1981 7921 1127 1298 9985 66 5054 3604
 8908 4201 552 7459 1072 8091 1640 2658 8246 2520 1263 9728 9079 5525 9203
 245 9560 3829 9017 2760 2109 2093 4317 9139 2198 6756 2636 4368 4823 3519
 4699 6418 4948 7876 6558 1956 1476 4018 8948 2708 4738 2099 3115 6390
 9654 2297 5943 6391 6730 9826 2305 6894 7262 2750 4990 629 4197 2668 9747
 3150 6747 9427 2925 7724 2532 3364 1874 787 3691 9783 2556 6694 8507 2449
 1718 3905 3571 3833 4577 9741 2298 2404 7338 6053 1467 8408 2914 1637
 7391 5105 3139 432 5639 1124 1607 3202 6610 1553 1727 1157 2419 499 1664
 4929 567 2237 9926 791 5752 2177 9912 4228 7468 7918 8316 6669 9446 4487
 645 1338 7883]
[7826 3751 1989 3030 9655 542 149 6716 7521 3598 619 6560 2794 7531 1785
 1678 6035 6568 8327 1356 9194 2369 3989 1209 9666 2009 9677 2905 1759
 9959 1198 1384 8160 930 6706 1128 9700 2387 7454 3381 2131 4065 1068 959
 1232 4248 1242 498 898 8982 1691 3288 1899 3820 2571 5824 4007 691 9652
 1694 317 5735 6578 7850 4722 2608 167 8020 1952 8444 2488 6005 6632 4369
 319 1772 9922 9013 515 8107 2197 9110 3749 4743 9738 2863 8292 4690 1545
 4879 4454 9904 2770 9709 3078 1248 1050 2628 1357 257 9456 3893 4300 9892
 2957 9035 5577 159 3795 7471 3951 5083 4761 9879 2834 6109 6997 5696 605
 726 9907 3876 6642 6872 943 3681 7491 3365 7030 4505 3646 6686 4419 2430
 9746 9780 7451 4658 4427 2229 5078 4921 3583 514 7905 9856 9857 1941 1317
 9863 264 2408 577 1968 1320 1444 3794 1289 671 2028 9513 7541 944 5973
 4116 2573 2552 2214 5556 96 3494 2125 1228 8279 6045 8182 7035 4187 2670
 7333 7492 3186 3160 478 4828 1159 266 4745 7917 9071 3884 2582 6645 171
 7490 915 2862 4238 1981 3136 7542 1127 4504 3167 8981 241 3702 62 5054
 6080 3604 3305 2300 552 1072 8091 2333 8246 1263 730 2690 9728 2825 9600
 245 6627 3829 3441 6460 2760 1353 3565 5955 3262 4317 2198 6756 2636 4368
 3519 97 7162 3573 4857 5923 6558 1956 9103 4807 4131 1476 6611 4018 823
 2374 213 5183 8948 2351 960 4000 2708 1961 7577 6741 243 3115 3204 4408
 1091 1464 4922 2297 6787 5943 6391 1436 6643 3468 6730 9826 2305 3205
 2750 7043 4197 2660 2925 7724 4230 9664 3364 9783 6694 4868 5143 6780
 9522 5773 8602]
[195 3751 1989 3030 9655 6716 7521 3598 619 6560 2794 7531 1785 1678 6035
 6568 1356 9194 2369 3989 9858 1209 9666 9677 4814 2905 1759 9959 1198
 1440 1288 8160 6925 930 1128 9700 7454 3381 2131 4065 1068 959 1232 4248
 46 6651 8982 661 3329 3065 3811 3288 1899 9764 2571 2011 5824 4007 691
 9652 1694 317 2705 7195 3757 301 6578 4423 4722 2414 2608 1583 8020 4755
 1952 8444 1465 3344 2488 6005 1772 994 9922 9013 2635 515 3460 8107 2197
 4433 9110 151 3749 3723 4634 9738 2513 268 8292 2748 1545 4879 4454 2770
 9709 1248 9883 3490 456 9456 3893 4300 543 6027 9892 2793 2957 5577 159
 3795 6021 7471 800 1581 5083 4315 4451 2508 8092 1023 8178 7583 4146 1344
 2699 2834 6109 6997 5696 8527 605 2617 5634 726 191 9907 2233 3876 6872
 4500 4356 2038 3405 3365 7473 7030 1007 3762 4505 78 6686 4419 2430 827
 9746 7451 4658 4205 4427 2229 9754 3583 514 7905 9606 1941 5457 741 2659
 497 9863 1823 577 3755 1444 3794 6788 671 2028 4302 7541 944 2573 2552
 1117 2214 9535 5556 4477 346 3494 2125 1228 8279 4852 6045 6867 65 8182
 7035 4187 874 2670 2166 7333 7492 478 1159 2348 7917 3884 2582 2825 9079
 5525 6627 6460 1353 6725 7426 6756 97 6418 4948 7876 6558 9103 4807 4018
 9044 2374 213 2902 2351 960 7577 3115 4408 6390 6391 4284 7262 7216 4990
 7043 629 2668 3150 9427 2660 7724 9843 1502 2812 2429 3629 787 9875 1973
 3691 7153 9831 1107 2556 6694 3448 8507 2449 951 2121 3833 6625 8294 8095
 950 6004 1192 3742 2298 2404 523 7338 5176 4966 8276 4498 7434 4053 9031
 2823]
[515 3591 1545 7689 511 9740 2573 3598 1039 9746 3604 1050 7195 9754 542
 543 9764 6694 1581 2608 6706 4658 9780 7736 3132 6716 3646 5696 3136 1091
 582 7240 7241 2121 2635 3150 7248 7249 4690 2131 1107 6741 8279 3160 605
 3166 2654 96 97 2659 8292 4197 5735 1128 4201 104 619 4205 2670 3698 3186
 9843 6780 9856 4225 9858 4738 6788 133 4743 3723 4238 7826 4755 9875 2197
 149 151 9879 4761 9883 2204 671 4259 9892 3749 2214 3751 3755 171 3757
 1198 3756 9904 2224 691 2229 1718 1209 699 2748 1212 7870 4284 9922 195
 7876 7875 4807 7672 4300 4814 4302 2770 3795 3794 1751 3288 6872 730 4315
 1248 741 1253 9959 2793 2794 3820 1772 9456 7921 1267 4852 8948 6390 6391
 2298 8444 2300 7423 257 5890 9985 2820 4356 2305 1288 3848 264 1289 268
 6925 3344 2834 1298 787 7451 7454 1823 5923 3364 3365 1317 3879 1320 2348
 301 3884 7471 7474 3381 9013 2358 3893 4921 823 827 4922 317 1855 319
 1344 9535 7491 4419 4423 1865 9035 4427 1357 8527 4433 5457 2387 8020
 6997 341 5973 2901 2905 346 9044 2394 1364 4959 7521 4451 4454 4966 1384
 2925 2414 3951 1394 3448 1404 4477 2430 2429 7553 7043 3460 6021 9606
 6027 2957 3476 3989 9110 1941 2969 4505 7577 9629 926 1437 6560 1440 930
 1952 1444 6558 3494 4007 6568 4000 8107 2989 7597 3503 943 944 4018 4017
 9652 1973 9654 9655 2488 1465 951 1467 5054 959 6080 4031 1989 4037 5577
 2507 2508 9677 2513 5586 6611 4053 1494 3030 2011 5083 6109 8160 994 9700
 2532 998 2028 9709 497 8178 1522 6643 502 4086 2552 2556 3583 43 3940
 9155]
[195 7826 3751 1989 3030 542 6716 7521 3598 619 6560 2794 7531 1785 1678
 6035 6568 8327 1356 9194 2369 3989 9858 1209 2009 9677 2905 1759 9959
 1198 1384 1288 7248 8160 6925 930 6706 1128 9433 3381 2131 4065 4301 1068
 4248 2969 8061 661 3329 3065 3811 3288 3820 9764 2011 1855 691 9652 1694
 4583 317 7240 2705 5735 7195 3757 301 6578 4423 7850 2414 2608 167 8020
 4755 1952 8444 1465 2488 6005 4369 319 9013 2635 515 8107 2197 4433 9110
 151 3749 4743 4634 9738 5559 268 2863 8292 4690 2748 1545 2820 4879 4454
 9904 2770 3078 1248 3124 9883 1050 2628 1357 3490 257 456 9456 2358 3503
 543 6027 9892 2793 2957 9035 159 443 3795 6021 7471 3951 800 1494 1581
 5083 4761 4315 4451 2508 2325 1023 8170 4146 1344 7249 2699 6997 5696
 1751 5634 726 2233 6642 1433 6872 943 4356 2038 341 3681 3062 3365 2589
 7473 699 7870 1007 3646 78 4419 2430 827 9746 9780 7451 4658 4205 2229
 514 7905 9606 9856 528 5457 741 1317 497 9863 1823 577 1320 1444 3794
 1289 6788 2037 3476 926 2028 4116 2901 5556 346 3698 96 2125 8279 6045
 1701 65 2670 2348 3166 1267 3136 7542 3771 3167 9985 66 3702 62 2204 2300
 7423 8165 9669 7459 8091 511 1437 8246 1308 1263 6765 4640 2825 3151 723
 5525 9203 245 6627 9017 3176 9847 4126 6460 3578 3565 4575 3262 9139 3388
 4368 3133 97 6418 1212 7876 6558 6611 7875 823 2374 213 5183 8948 2351
 960 2708 4738 7577 243 3115 4408 1091 1464 4922 6737 5943 6391 6643 3468
 6730 4284 7216 7043 629 7777 7504 4197 2668 3150 2925 7724 9843 1687 9211
 6683]
[514 515 9733 3078 3665 1545 1033 523 9740 9741 9227 6664 6669 2578 3604
 1045 2582 1050 1562 542 543 4131 9764 9253 6694 9767 550 6698 3115 1581
 2608 2099 9781 3133 3646 4159 5696 65 3136 66 2628 62 582 3139 1096 7235
 7238 2635 7248 6737 4690 2131 1107 6741 5204 8272 3160 5720 5209 4187 92
 3580 3166 3167 5726 3681 2658 9316 613 8294 1127 9831 614 4722 3698 3186
 3702 9857 4225 3202 6788 8327 4743 1159 4745 2699 3725 1678 4238 5262
 4753 2193 4755 4248 6813 1694 159 9891 9892 3751 6312 7338 171 3757 1198
 2224 9907 3763 8885 1718 1209 2233 699 2748 8889 187 1727 5824 195 1219
 3269 4807 3275 4300 8908 7673 3795 6867 726 4823 4315 1759 3295 2783 1247
 3811 741 6886 1767 1256 3305 3818 7915 3820 7918 1775 9456 7921 4852 3829
 1781 1782 760 2298 8444 7423 5890 4356 4868 3336 1289 7434 268 4879 1298
 6420 2325 1308 804 1317 1320 3880 2348 301 3884 2862 7473 7474 3381 9013
 2358 3893 9530 3388 2877 2369 7490 4419 7492 5955 3905 4423 839 324 9035
 4427 1357 6990 9553 1874 9554 8020 6997 4438 9044 9560 2905 346 1364 9045
 5468 1886 4959 1882 7521 2914 4451 5986 2408 874 7531 1899 2413 3951 1903
 3441 2930 2419 2937 8061 6021 902 4487 6027 9103 4498 6035 4500 3989 9112
 2457 9629 6558 8095 6560 1440 3490 4521 7597 1965 943 432 4018 950 9655
 2488 1465 3002 443 952 1981 5054 959 6080 4031 4541 456 5065 2507 9677
 6608 6611 1494 3033 5083 8156 478 6625 9700 8165 998 6632 2028 4076 8178
 3571 499 6645 8182 8183 7672 3065 6651 2556 1023 7777 2722 4135 4140 8658]
[195 7826 3751 1989 3030 9655 149 6716 3598 619 6560 7531 1785 6035 6568
 8327 1356 9194 2369 3989 9858 1209 9666 2009 9677 4814 2905 1759 1198
 1384 1440 1288 7248 6925 930 6706 1128 9700 2387 9433 7454 3381 2131 4065
 92 959 1232 4248 46 1242 2969 498 8061 661 1691 3065 3811 1394 9764 5824
 4007 691 4583 7240 5735 7195 6578 7850 8444 2488 6005 4369 9922 2635 515
 3460 8107 4433 9110 151 3749 4743 9738 5559 2513 2863 4690 2748 1545 4879
 4454 9904 9709 3078 1248 3124 9883 1050 1357 456 9456 2358 3893 4300 543
 6027 9892 2793 2957 9035 159 3795 7471 3951 800 1494 1581 5083 4761 4451
 2508 8092 1023 8170 8178 9629 7583 4146 9879 7249 6109 1751 8527 605 2617
 4159 5634 726 3436 3879 2233 3557 3876 6642 4500 943 4356 341 3062 3405
 7241 699 3762 6686 2430 827 9746 9780 7451 4658 2229 4921 3583 528 1941
 741 497 9863 7736 577 1968 6608 3794 6788 926 2028 7588 7541 2573 2552
 6045 429 8182 4187 2670 4438 3186 2348 266 3962 171 1267 7490 9781 3132
 1981 7542 4504 3702 3305 4201 7423 5631 9669 7459 8091 2658 511 2520 730
 9728 3151 3710 245 9777 3511 3441 4145 3262 2198 6756 2636 4368 4823 4699
 6418 7162 1212 3573 4857 5923 6558 1956 9103 4131 6611 4018 213 5183 8948
 2902 2351 4000 4738 1961 6741 3204 6390 1091 6737 2394 6787 6391 9826
 2526 2305 6894 8003 2750 7216 4990 629 7777 2668 3150 9843 9211 2532 104
 9664 4259 998 1973 3691 7153 9831 2654 1364 9783 2556 8426 3448 4868 8507
 951 1886 4225 7597 9316 3833 6625 8095 2995 5065 950 6004 4086 1192 3599
 6814]
[9652 4423 7850 2414 4369 1772 9922 2635 8107 268 2770 1248 1050 257 9456
 2358 443 3795 2508 9629 1751 605 4159 5634 726 3436 9907 2233 6642 6872
 2038 341 3681 7241 3365 7473 4505 4658 3151 3710 5525 9847 1740 4575 6784
 6756 4699 97 1956 6611 9044 4017 2351 2708 3115 4922 6737 6643 3468 9826
 3205 4990 7777 4197 2668 6747 1502 104 9664 866 9831 1364 9783 4868 1886
 6780 7597 6625 5065 9252 4086 2298 2648 1039 133 6312 8276 6654 7434 1965
 8408 4053 9031 4231 5769 2691 2914 3800 7545 1045 1896 5105 7394 4943
 2684 527 3139 2823 5698 8889 6990 5969 9552 9253 9539 5720 3713 9596 3806
 9112 8272 2393 1124 3726 1607 1375 7487 3252 6722 3202 6610 3549 4373
 9891 3216 325 5209 3580 2960 3556 7720 1727 6517 804 5647 3330 1722 9168
 499 3263 1325 324 6546 3146 1782 4548 3516 5360 2433 9731 84 9767 6564
 7498 2289 1903 6759 4344 795 3976 7440 4246 3377 3246 4313 3122 6019 569
 6570 6739 613 1938 4093 4114 5086 6796 8885 5173 3295 8469 9693 2263 8637
 4265 1033 9854 9986 3336 2201 358 7186 1089 9743 9651 1003 2225 4293 5056
 445 4702 3880 2464 6577 3559 3929 4374 900 9023 7902 2515 8268 4954 187
 3772 9970 3634 4212 6434 9607 4199 6598 4791 8397 5841 7659 5250 1857
 6575 9713 3038 1859 8867 3352 7130 8728 876 3112 1363 2397 4260 7403 588
 4613 4163 9973 4712 2148 3998 338 9670 3011 5308 1062 195 3751 1989 3030
 9655 542 6716 7521 3598 619 2794 7531 1785 1678 6035 6568 8327 9194 3989
 9858 1209 9666 2009 9677 4814 2905 1759 9959 1198 1384 1440 7248 930 1128
 2387 9433 7454]
[195 7826 3751 1989 3030 9655 542 149 7521 3598 6560 2794 1678 6568 8327
 9194 2369 9858 1209 2009 9677 4814 2905 9959 1198 1384 1440 1288 1128
 9700 9433 3381 4065 4301 92 959 1232 4248 1242 2969 898 8061 8982 661
 3329 3065 3811 3288 1899 3820 2571 2011 4007 691 9652 1694 317 7240 2705
 5735 7195 301 6578 4423 7850 167 1583 4755 1952 8444 3344 6005 4369 1772
 9922 9013 515 3460 8107 2197 151 3749 4743 9738 5559 268 8292 1545 4454
 2770 3078 3124 9883 1050 2628 1357 3490 9456 2358 3503 3893 4300 543 6027
 3269 2793 2957 9035 5577 159 443 3795 7471 1494 4761 2508 2325 8170 8178
 7583 1344 1865 2699 6109 6997 1751 605 2617 4159 9907 2233 3848 1433 6872
 4500 341 3681 7491 3062 3405 7870 1007 3646 78 2430 827 9780 4205 2229
 9754 3583 514 7905 528 9857 1941 2659 497 264 2507 2408 1823 577 5973
 4116 3698 6045 1701 4959 4187 1159 1522 9071 2582 6645 2862 582 4238 1981
 2224 7542 8981 241 66 3604 9669 7459 8091 1308 4640 2825 9079 5887 9203
 6627 1353 4753 1740 2093 7426 9139 2198 6784 6756 5851 3519 3133 97 6418
 4948 1212 5923 6558 9103 4131 213 5183 2902 1961 2099 1687 9211 2812 3629
 3364 1874 998 9875 7153 1364 9783 6694 3448 4868 8507 2449 951 5204 1718
 1391 5143 3429 1886 5118 4225 2121 7597 3571 3833 6625 2995 9234 9252
 9741 3742 3599 7553 4121 523 829 4031 1039 133 6053 4966 9022 7434 1965
 9031 2080 7545 1637 1896 7679 4943 2684 3139 6905 2004 8889 9552 5720
 2758 9112 8272 1124 1375 2650 6722 3202 6610 4657 5209 2960 1644 1727
 6517 1219 5647 499]
[195 7826 3751 1989 3030 9655 542 149 6716 7521 619 6560 2794 7531 1785
 1678 6035 6568 1356 2369 9858 1209 9677 4814 1759 7248 8160 930 1128 9433
 2131 4301 959 4248 1242 8061 8982 3811 3288 1394 2571 2011 691 1694 4583
 7240 2705 5735 301 4722 1583 4755 8444 4369 319 9013 2635 515 3460 8107
 2197 4433 9110 151 3749 4634 5559 268 2863 8292 4690 1545 2820 4879 2770
 9709 1248 9883 1050 456 9456 2358 3503 3893 3269 2957 9035 159 443 3795
 6021 7471 800 5890 1494 1581 5083 4315 4451 2508 2325 1023 8170 8178 9879
 1344 2834 6109 6997 5696 1751 8527 605 2617 4159 726 3879 191 9907 2233
 3848 6872 4500 943 341 3681 7491 3062 3405 3365 7473 7030 3762 6686 827
 9746 9780 7451 4658 4427 9754 3583 9606 9856 528 1941 741 1317 264 2507
 7736 2408 1823 577 1320 3794 926 2028 9513 4302 4116 3698 96 8279 1701
 4828 266 1522 7917 3884 3166 7490 2862 4238 1981 2224 7921 4504 9985 3702
 5054 2090 3604 2300 760 511 2333 781 1263 2063 4640 9079 9600 5525 9203
 6627 3511 9017 3565 5955 4575 3262 4317 9139 2198 3388 4368 4823 97 6418
 5923 6558 9103 4018 7875 4037 2351 960 2708 1961 4408 6390 1091 1464 7689
 4922 6643 3468 9826 2526 2305 6894 3205 629 7777 7504 4197 3150 6747 9427
 7724 2532 2429 3629 9664 3364 998 9875 9831 2654 1364 9783 3966 3448 951
 5118 4225 3756 6780 6625 8095 2995 9937 9234 4086 4896 7553 2404 1781
 7349 5176 4031 133 6053 1467 4080 5261 4231 9045 2691 282 7391 4943 2684
 6905 9552 9253 9539 9112 1375 2650 1843 7487 3252 1315 7715 6426 6530
 5566 8535]
[7826 3751 1989 3030 9655 542 149 6716 7521 3598 619 6560 2794 7531 1785
 1678 6035 6568 8327 1356 9194 2369 9858 1209 9666 2009 9677 4814 2905
 1198 1384 1440 1288 7248 8160 6925 930 6706 9700 9433 7454 3381 4301 959
 4248 1242 2969 898 8061 6651 8982 661 1691 3065 3811 3288 1899 3820 9764
 2571 2011 5824 4007 1855 9652 4583 317 7240 2705 5735 7195 3757 6578 4423
 7850 4722 2608 8020 8444 1465 6005 4369 319 1772 994 9013 2635 4433 3723
 4743 4634 9738 268 8292 4690 4879 9904 2770 1248 9883 1357 3490 257 9456
 2358 3503 3893 2793 2957 9035 5577 159 443 3795 7471 800 5890 1494 1581
 5083 4761 4451 8170 8178 9629 7583 4146 9879 1344 2699 2834 6109 6997
 5696 605 2617 5634 3436 3879 191 9907 2233 3557 3876 3848 1433 6872 4500
 4356 1317 9863 2507 2408 1823 3755 1968 1289 6788 2037 3476 926 2028 4302
 2989 2573 1117 5556 4477 7474 1701 65 8182 4187 2670 2166 7333 478 4828
 2348 266 7917 9071 1686 6645 171 915 582 4238 9781 3132 3136 7542 3771
 1298 3167 8981 9985 241 6923 5054 2090 2300 4201 3280 4888 552 8165 9669
 7672 7459 760 1072 1640 2658 511 1437 1308 781 7842 502 730 2690 4640
 2825 3710 5887 5525 245 6627 3511 3829 3176 4126 9726 2109 4753 4145 5955
 7691 4317 9139 2198 6756 3388 4368 4823 3519 6418 7162 1253 5923 7876
 6611 4018 9044 823 4738 243 1464 6737 6787 1404 6643 3468 6730 2526 7043
 2660 7724 4230 9843 2532 2429 1874 3691 7153 9831 9783 6694 3448 4868
 1391 4225 5065 6004 4896 5176 9022 1965 1467 5261 7545 952 7679 2684 4721
 5969 9596 4360 5403]
[195 7826 3751 1989 9655 542 149 6716 7521 3598 619 6560 2794 1785 1678
 6035 6568 1356 9194 2369 3989 9858 9666 2009 9677 4814 9959 1198 1384
 1440 1288 7248 6925 930 6706 9700 9433 7454 3381 2131 4065 4301 92 1068
 4248 46 2969 498 898 8061 8982 661 1691 3329 3065 3811 3288 3820 2571
 4007 4583 317 7240 2705 5735 3757 301 4423 7850 4722 2414 8020 4755 1465
 6632 319 9922 9013 2635 3460 8107 2197 4433 9110 3749 3723 4634 5559 2513
 268 2863 8292 2748 2820 4879 4454 9904 2770 9709 1248 3124 9883 1050 2628
 1357 3490 257 456 9456 2358 3893 543 3269 2957 5577 443 3795 6021 7471
 5890 1494 1581 4315 4451 2508 8092 8178 9629 4146 9879 6109 1751 4159
 5634 3879 191 9907 2233 4500 943 341 3681 7491 3365 699 7030 1007 4505
 3646 4419 4205 2229 7905 528 1941 1317 497 9863 3755 1444 1289 6788 2028
 9513 2573 2552 2901 2214 9535 5556 3494 8279 6045 65 7035 3160 4828 2348
 266 7917 2582 1686 171 7490 2862 4238 9781 1981 1127 4504 241 2204 3305
 4201 5631 7459 1437 781 6765 9728 5887 245 6627 1942 9017 4126 2760 2109
 4753 6681 5955 6756 4368 4823 3519 97 6418 3573 7876 6558 4131 9044 5183
 4000 2708 4738 1961 2099 6390 1091 6737 5943 6391 1436 6643 3468 9826
 2305 8003 7262 7216 7043 7777 4197 2668 9747 3150 2660 7724 1502 2532 104
 3629 4259 866 3364 787 9831 1364 1107 4868 5204 5143 4225 6780 3833 6625
 9252 9741 1192 2298 2404 3818 7338 184 7434 4080 432 8889 9596 3252 5986
 9733 3556 9530 5647 7779 115 955 3093 6037 8050 6661 7127 6561 3577 290
 532 8410 4142]
[7577 6741 243 3115 7689 6737 6391 6643 4284 2526 2305 2750 7216 4197 3150
 9211 1502 2532 3629 7671 3364 1973 7153 8426 3448 4225 3002 6625 8294
 4577 4086 61 7434 4943 2823 2004 8889 8272 1375 486 624 3216 3580 1644
 6517 3534 4731 6546 4511 3984 8412 1782 6561 4548 3516 1664 2433 2180
 9731 3577 84 9767 532 6564 3763 712 2289 2454 4929 3871 1839 1903 6759
 1208 7235 4389 1775 7683 3976 7932 5803 1319 7117 4825 8183 3377 3246
 7332 6305 9227 4570 2237 9926 1655 2185 6570 872 4837 2320 6739 902 2598
 4093 5011 603 5086 6796 3295 9693 2263 8637 2339 4265 2930 3496 1234 1274
 3336 2201 358 9743 2920 7756 2225 304 193 1204 445 4702 3880 2464 114 720
 4893 3748 1828 3559 4374 5912 673 7902 73 3475 9912 2578 2515 1948 7084
 1092 6664 6495 1609 5710 3550 6613 3369 9814 4076 4808 2068 550 5607 187
 9450 1151 5957 9214 3836 1730 125 6669 9446 4297 645 4316 6161 4440 9817
 6817 1052 227 4400 195 1989 542 149 6716 6560 1785 6035 6568 2369 3989
 9677 2905 6925 930 2131 959 4248 46 2969 498 898 8061 6651 3820 9764 2571
 2011 4007 691 9652 1694 317 7240 2705 5735 3757 7850 4722 167 8020 1465
 319 9013 2635 515 2197 4433 9110 4743 5559 2863 4690 2820 2770 9456 2358
 3893 4300 543 6027 9035 159 7471 3951 800 1494 1581 5083 4315 4451 1023
 8178 1344 2834 6109 2617 4159 726 3436 9907 2233 3557 943 3681 3062 7241
 3365 7473 1007 3762 4505 78 827 9780 7451 4658 4205 5078 9754 3583 514
 7905 9856 9857 1941 741 1317 2659 2507 7736 1320 3794 6788 2037 3476 2028
 9513]
[195 7826 3751 1989 3030 9655 149 7521 6560 2794 7531 1678 8327 1356 9194
 2369 9858 1209 9666 2009 9677 4814 2905 1384 1440 8160 930 6706 1128 9433
 7454 3381 4301 92 1068 959 4248 46 498 8061 8982 661 1691 3329 3065 5824
 4007 1694 4583 317 2705 5735 7195 3757 301 6578 4423 7850 4722 2414 2608
 167 1583 8020 4755 3344 2488 6632 4369 319 2635 515 3460 8107 2197 4433
 9110 151 3749 3723 4634 9738 5559 268 4690 1545 4879 4454 9904 2770 3078
 1248 3124 9883 1050 2628 1357 3490 257 456 9456 3503 3893 4300 543 6027
 9892 3269 2793 2957 9035 5577 159 443 3795 6021 7471 3951 800 5890 1494
 1581 5083 4761 4315 4451 2508 8092 1023 8178 4146 9879 1344 1865 2699
 2834 6109 6997 5696 2617 4159 5634 726 3436 3879 2233 3557 3876 6642 1433
 6872 943 2038 341 3062 3405 7241 3365 2589 7870 7030 1007 4505 2430 9746
 9780 7451 4205 5078 9754 7905 9606 9856 9857 1941 7736 1823 3755 2037
 4116 2573 2901 346 7474 96 2125 1228 8279 6867 65 4959 7333 7492 3186
 3160 4828 266 4745 1522 7917 9071 1686 6645 171 7490 582 4238 3136 7921
 7542 1127 4504 1298 3167 8981 3702 6923 5054 2090 3604 2204 8908 4201
 5631 4888 552 8165 9669 7672 7459 760 1072 8091 2658 511 8246 781 2520
 1263 7842 6765 9728 2825 9600 9203 245 3829 9017 4126 6460 2760 3578 1353
 9726 2109 4145 6681 4575 7691 3262 4317 2198 4165 6756 5851 4368 3519
 1212 3573 1253 5923 6558 1956 9103 4131 6611 3946 7875 213 4037 5183 8948
 2902 2351 4000 1961 2099 7577 243 3115 1091 6787 3591 5943 1404 2526 2305
 3205 8003 5046]
[195 7826 3751 1989 3030 9655 542 149 6716 7521 3598 6560 2794 7531 1785
 1678 6035 6568 8327 1356 2369 3989 9858 1209 9666 2009 9677 4814 2905
 1759 9959 1198 1384 1440 1288 7248 8160 6925 930 6706 1128 9700 9433 7454
 3381 2131 4065 4301 92 1068 959 1232 4248 46 1242 2969 498 8061 6651 8982
 3329 3065 3288 1899 3820 1394 9764 2571 2011 5824 1855 691 9652 1694 4583
 317 7240 2705 5735 7195 3757 6578 4423 7850 4722 167 1583 8020 4755 8444
 1465 3344 2488 6005 6632 4369 319 1772 994 9013 2635 2197 4433 9110 3749
 4743 4634 9738 5559 268 2863 8292 4690 2748 1545 4879 4454 9904 2770 9709
 1248 1050 1357 257 456 9456 2358 3503 3893 4300 6027 9892 2793 2957 9035
 159 443 3795 7471 3951 2325 1023 8170 9629 4146 9879 1344 7249 1865 2699
 5696 8527 605 4159 726 3436 9907 3876 1433 6872 4500 943 4356 2038 341
 3681 7491 3062 3365 7473 699 3762 4505 78 6686 4419 827 7451 4658 2229
 9754 3583 514 9606 528 5457 741 497 9863 264 2408 1823 3755 1320 1444
 6608 3794 926 2028 9513 944 2573 2901 1117 346 3698 3494 8279 429 4187
 874 2670 7333 3186 9071 1686 3962 171 1267 2862 2224 3136 7542 1127 1298
 9985 241 6923 5054 3305 5631 8165 9669 5586 7459 1072 1640 2658 511 2333
 8246 2520 1263 2063 502 730 2690 9600 5525 9203 245 6627 9560 3829 3441
 9017 1353 9726 2109 4753 3565 4145 4575 4317 9139 6784 6756 3388 2636
 4823 3133 97 6418 7162 1212 3573 1253 4018 3946 9044 4017 823 5183 2902
 2351 4000 7577 6741 243 3115 6390 9654 7689 4922 6737 2394 3591 538 5088
 1921]
[195 3751 1989 3030 9655 542 6716 3598 619 1785 1678 6035 6568 8327 2369
 9858 1209 9666 2009 9677 4814 2905 1759 1384 1440 1288 8160 6925 691 9652
 1694 317 2705 7195 3757 301 4423 7850 4722 2414 2608 167 8020 4755 1952
 319 1772 994 9922 9013 2635 4433 9110 151 3723 4743 4634 2513 268 8292
 2748 9904 2770 9709 3078 1248 9883 1050 2628 3490 257 456 3503 543 9892
 5577 5890 1494 5083 2325 9629 1344 2699 605 2617 5634 3436 3879 3557 4356
 341 3062 3405 1007 3646 4419 9746 9780 4658 2229 5078 5457 9863 264 2507
 3755 1320 3476 926 2028 9513 2989 5973 2573 2901 2214 9535 5556 7474 96
 3494 8279 6867 429 1701 65 4187 2166 7333 7492 3186 478 4745 1522 7917
 2582 3166 3962 6645 7490 582 4238 9781 7921 3167 6080 3604 2300 8908 4888
 1072 1640 2658 2520 2063 502 9728 5525 9560 3441 4126 6460 2760 9726 2109
 4753 6681 2093 4317 5851 3388 4368 4823 3133 6558 9103 4807 4131 4018
 7875 4037 8948 2351 4000 7577 3115 1091 4922 2297 6787 1404 6391 1436
 6730 4284 2526 2305 3205 2750 7216 7043 629 7777 7504 4197 2668 9747 9427
 2660 2925 4230 1687 9211 2532 104 2429 3629 4259 7671 866 3364 787 998
 9875 7153 9831 2654 1364 8507 951 5204 1718 5143 5118 3756 6780 7597 9316
 8294 4577 3742 2298 3599 2404 2648 2322 1781 523 5176 1039 6053 4966 4498
 61 1096 1965 4080 5261 9031 2080 7545 9553 282 952 1045 1896 5105 4943
 2684 527 6905 6990 5969 9539 5720 3713 9596 3806 2758 7210 8272 1124 3726
 1732 486 6722 4657 3549 624 9891 5986 9733 325 5209 3580 3556 5468 1727
 1157 5583]
[195 7826 3751 1989 3030 9655 542 149 6716 7521 3598 619 6560 7531 1678
 6035 6568 2369 9858 2009 9677 4814 9959 1198 1440 301 2414 167 4755 1952
 1465 3344 2488 6005 6632 4369 319 1772 994 2635 515 3460 8107 2197 4433
 151 4743 4634 5559 2513 268 8292 4690 2748 2820 4454 9904 2770 9709 1248
 1050 2628 1357 3490 257 456 2358 3893 6027 9892 2793 159 443 3795 3951
 800 5890 1494 1581 4761 4315 4451 2508 2325 8170 9629 7583 4146 7249 2699
 6109 5696 4159 3879 9907 3876 6872 4500 7491 7241 2589 7473 7870 3762
 6686 4658 9856 1941 5457 2659 264 7736 1823 3755 671 2028 9513 4302 7541
 4116 2214 346 3494 8279 8182 4438 7333 3186 478 2348 266 4745 1522 7917
 1686 3166 6645 171 1267 7490 915 4238 9781 2224 3136 1127 4504 3771 1298
 3167 66 3702 62 5054 2090 6080 3604 8908 4201 7423 5631 3280 4888 552
 8165 9669 5586 7459 760 1072 1640 2658 511 8246 1308 1263 7842 6765 502
 730 9728 2825 9079 3151 9600 723 3710 5887 9203 245 6627 3511 9560 3441
 3176 6460 4145 1740 4575 3262 4317 6756 5851 2902 4738 6741 9654 2305 629
 1502 2532 104 3364 1874 998 9831 3966 4868 8507 2449 5204 1718 1391 5143
 5118 4225 3756 9316 4577 9252 4086 4896 3599 523 3818 5176 4031 4966 6312
 61 1096 6654 1467 5261 9031 1439 4231 2691 7545 952 5105 2684 3139 9552
 5720 3713 2393 1124 3726 1732 1843 3202 2960 5468 1727 5647 1722 3263
 9742 1325 9554 1901 1015 84 340 7498 4929 3871 1355 795 7683 7117 2772
 3246 4313 9649 3117 1655 6570 3785 2320 4093 603 2850 9693 8405 2339 1033
 4327 4514]
[245 3441 6460 2760 3578 1353 2093 7691 4165 6784 97 6418 7162 4948 1212
 4857 5923 4017 2374 8948 2708 6741 4408 6390 9654 1464 7689 6787 4284
 7043 629 2532 4259 998 7153 3448 1886 6780 3571 9937 6004 9741 4086 1192
 2648 3818 7338 4031 4966 9022 1965 2052 1439 9045 5769 7545 7679 2004
 9552 9253 3713 2758 9924 3202 6610 4657 195 7826 3751 1989 9655 542 149
 6716 7521 3598 619 6560 2794 1785 1678 6568 8327 2369 9858 1209 9666 2009
 9677 4814 1759 9959 1198 1384 1288 7248 6925 6706 1128 9700 7454 3381
 4065 4301 1068 959 1232 4248 46 1242 498 898 6651 8982 661 1691 3329 3288
 1899 3820 1394 9764 2571 2011 5824 4007 691 1694 317 7240 2705 5735 7195
 3757 301 6578 4423 4722 2608 167 4755 1952 8444 1465 2488 6632 4369 1772
 994 9013 2635 515 8107 2197 4433 9110 3749 3723 4743 9738 5559 2513 268
 2863 8292 4690 2748 1545 2820 4879 9904 2770 9709 3078 1248 3124 9883
 1050 2628 1357 3490 257 456 3503 4300 543 6027 3269 2793 9035 5577 159
 443 3795 6021 7471 3951 800 5890 1494 1581 5083 4761 4451 2508 2325 8092
 1023 8178 9629 7583 4146 9879 1344 7249 6997 5696 1751 8527 605 2617 4159
 5634 726 3436 3879 191 2233 3848 6642 1433 6872 4500 943 4356 2038 341
 3681 7491 3062 3405 7241 2589 699 7870 7030 1007 3762 4505 3646 6686 4419
 827 9780 7451 4658 4205 4427 2229 4921 3583 514 7905 9606 9856 1941 5457
 1317 2659 497 9863 264 2507 7736 2408 1823 577 1968 2037 671 2028 9513
 4302 2989 7588 944 5973 4116 2214 5556 4477 346 3698 3494 2125 8279 6045
 429 4438 3186]
[6872 4500 2038 341 3405 7241 3365 7473 699 7030 3762 3646 4419 9746 9780
 7451 4658 4205 4427 2229 9754 514 7905 9856 1941 1317 2659 264 7736 2408
 1823 96 8279 1701 65 8182 4438 3160 4828 1159 266 7917 2582 3166 3962
 6645 171 1267 582 4238 2224 3136 7921 7542 4504 3167 8981 66 3702 62 6923
 3305 8908 7423 8165 9669 7672 760 2658 1437 1308 7842 6765 2063 502 730
 3710 5887 245 1942 9560 3441 9017 3176 9847 6460 2760 1353 4753 6681 5955
 1740 2093 6725 2198 4165 6784 5851 3388 2636 4368 3519 3133 4857 7876
 1956 4807 3946 213 2902 2351 960 4738 2099 7577 243 3204 4408 6390 6737
 2394 3591 1436 6643 9826 7262 629 7504 2668 3150 2660 2925 9843 104 2812
 2429 3629 4259 7671 998 9875 9831 9783 1107 6694 3448 4868 8507 951 5143
 5118 4577 6004 9252 2404 4121 523 7349 5176 4031 1039 6053 4966 6446 6312
 8276 9022 4498 6654 195 7826 1989 3030 9655 542 149 6716 7521 3598 619
 6560 2794 7531 1785 1678 6035 6568 8327 1356 9194 2369 9858 1209 9666
 2009 9677 2905 9959 1198 1384 1440 1288 7248 8160 6925 930 1128 9700 9433
 7454 2131 4065 92 1068 959 46 1242 2969 498 8061 6651 8982 1691 3065 3811
 1899 3820 2571 1855 691 4583 7240 2705 3757 301 6578 4423 2414 2608 167
 8020 1952 1465 3344 2488 6005 6632 319 1772 994 9922 2635 8107 2197 4433
 9110 3723 5559 2863 8292 4690 1545 2820 9904 2770 3078 1050 2628 1357 257
 2358 3893 4300 6027 159 443 3795 7471 3951 5890 1494 1581 5083 4315 2325
 1023 8170 8178 9629 9879 7249 6109 6997 1751 605 2617 4159 726 191 2233]
[195 3751 3030 9655 542 6716 7521 619 6560 2794 9858 4814 1384 1440 8160
 930 6706 1128 92 959 1232 8061 3065 3820 9764 5824 1855 9652 2705 5735
 7195 301 6578 4722 2414 8020 4755 6005 6632 4369 1772 994 2635 515 3460
 8107 4433 9110 3749 3723 4743 2513 268 4879 4454 9904 2770 3124 1050 2628
 1357 257 9456 3503 3893 4300 543 2957 9035 5577 159 443 3795 3951 1581
 5083 4761 2325 8170 2699 1751 3848 1433 7451 4658 4427 5078 528 9857 741
 2659 497 2408 3755 1320 1444 6608 2037 2028 9513 2989 7541 5973 2573 2901
 2214 346 1701 4438 1522 7917 9071 6645 1267 7490 582 4238 9781 1981 2224
 7542 4504 1298 3167 8981 9985 241 3702 5054 2090 6080 3604 2204 3305 8908
 7423 4888 7672 5586 7459 1072 8091 2658 511 2333 2520 2063 502 730 3151
 9203 245 3511 3441 9847 6460 2760 3578 1353 4145 1740 2198 6756 3388 4368
 4823 3519 4948 3573 1253 5923 6558 1956 4807 4131 6611 4018 4017 2374 213
 4037 5183 2351 4738 3115 6390 9654 7689 4922 2394 3591 1404 6391 6643
 3468 6730 9826 2305 6894 3205 7262 2750 7216 4990 629 7504 4197 2668 9747
 3150 7724 4230 9843 9211 1502 2532 104 3629 9664 3364 998 3691 9831 1364
 9783 1107 6694 8426 4868 951 1718 1391 5143 3429 1886 3905 4225 6780 7597
 9316 3571 3833 6625 8294 2995 9234 4577 4086 3599 2404 1781 4121 523 7349
 3818 133 9022 1096 7434 1467 8408 4053 1439 4231 2914 282 1637 5105 7679
 4943 2684 527 4721 3139 2823 6905 2004 432 6990 5969 9552 3713 9596 2393
 9924 1607 2650 7487 486 6722 3202 4657 3549 4373 3808 4090 3730 6541 8820
 6522]
