Fault List:
40
17
42
48
46
48
44
41
42
41
41
39
46
41
32
43
45
26
39
43
47
45
37
45
46
47
44
44
18
45
FDR List:
0.4
0.17
0.42
0.48
0.46
0.48
0.44
0.41
0.42
0.41
0.41
0.39
0.46
0.41
0.32
0.43
0.45
0.26
0.39
0.43
0.47
0.45
0.37
0.45
0.46
0.47
0.44
0.44
0.18
0.45
Time List:
92.58539581298828
94.34465003013611
93.50526404380798
94.66111326217651
95.67034196853638
96.40095686912537
96.57570004463196
95.94328618049622
95.55748009681702
95.43457913398743
95.42404699325562
94.74221086502075
95.30463314056396
95.88099884986877
96.43432283401489
96.52725887298584
97.02153420448303
97.34246397018433
97.57069206237793
96.2636079788208
97.44833278656006
96.96619296073914
97.08194994926453
96.40748286247253
98.33932995796204
97.59546995162964
97.5972671508789
98.63224411010742
97.81323790550232
97.59134101867676
Subset List:
[25425 19258 24332 24396 17987 6838 20039 23801 4456 17504 5949 18401
 20380 10394 23267 3759 11660 6250 6355 17139 12831 15887 13834 19995 7056
 7307 16191 24056 7561 15313 12995 7578 25060 22007 22215 5941 14686 6217
 4864 22142 2669 19523 18502 14315 13090 14274 266 13013 19532 13242 447
 13298 10255 836 12118 4381 21472 22066 22351 20565 22070 12130 11302
 14372 7844 2031 1992 10055 20139 12564 13718 10550 3558 3738 5258 24440
 23894 18042 15528 527 7257 17975 12317 8052 643 10696 11426 12080 22447
 23828 16860 13767 11321 11320 11168 11155 10712 8410 7686 16670]
[21682 20321 20269 20166 19983 19918 19909 19653 17411 17231 17222 17201
 16904 16720 16656 16593 16410 16256 16196 16171 16143 16125 16050 16030
 16016 16005 15804 15636 15596 15539 15513 15436 15354 15353 15305 15062
 15056 14765 14717 14407 14366 14262 13756 12916 12802 12640 12048 11997
 11846 11733 11694 11682 11632 11619 11617 11561 11475 11457 11364 11172
 11074 10906 10884 10813 10774 10745 10666 10534 10146 10105 10004 19995
 13311 8663 1653 7056 1307 24056 9728 12995 7578 25689 3696 5309 25060
 22007 22215 1017 19297 4864 11671 13706 19523 6224 7745 15522 265 20133
 266 13242]
[14791 25732 12486 20124 14394 9813 12380 22490 13949 24519 22690 22101
 20796 21211 19258 7362 24396 7084 17987 9317 21676 4544 12000 21131 20039
 23801 24651 11391 17504 23691 5949 23830 25479 5369 10394 17002 10399 964
 14059 23267 2827 3759 12642 17523 1216 2954 3804 20267 7371 11440 25456
 15009 23174 22857 11660 6250 1570 17139 12831 1688 24875 18961 1605 14871
 10817 15461 20211 873 1307 15313 3696 20536 1017 19297 6217 4864 11671
 22427 6224 18502 7745 13583 13090 265 14274 7206 15405 19532 13242 5336
 447 22276 24845 10922 6678 19022 24078 20522 9976 12118]
[25402 24845 8145 6678 6793 20522 24844 4381 21472 14569 8069 10592 9639
 16439 7142 24442 10619 4498 23953 14066 3246 24380 21355 1992 10055 12486
 14791 16855 9813 13949 15132 24519 20796 25594 21211 25425 24332 24396
 1565 17987 4544 3924 23801 4456 25626 23691 22681 19507 13320 4330 5949
 22816 2759 15713 25479 5369 10208 10394 17002 12642 15836 24723 3804
 13040 20099 21541 16399 11351 23174 17139 12831 1214 25104 13834 15461
 20211 13311 10192 7307 16191 15313 9728 12995 3696 25060 1017 12744 4864
 18851 6224 13583 17742 4996 266 8385 13013 8906 19532 447 13298]
[20124 16855 14394 13949 15132 24519 20092 15102 20796 21211 25425 19258
 4155 24332 7362 24396 7084 17987 9317 21131 3924 20616 11391 17504 23691
 7424 10557 19507 13320 4330 23830 18401 1389 8775 13646 10208 23165 23267
 3759 15836 1216 22715 2954 3804 7371 13040 16080 15009 4185 20099 16399
 15363 22857 11660 24875 15887 309 25104 8845 10817 19995 10773 2514 10192
 7056 16191 24056 7561 12995 25060 14686 11671 3457 25231 13706 10665 6224
 18502 13090 265 20133 14274 266 22753 13013 785 19532 13242 13666 8145
 6793 2416 18913 11627 4381 9639 16439 24442 19064 23953]
[12486 9567 25732 14394 15831 12380 15132 24519 20092 20796 25594 21211
 25425 4155 24396 1565 17987 9317 21676 6838 20039 23801 17504 25626 19703
 21386 22681 8358 13320 10221 4330 23830 18401 25337 1991 20380 8775 15713
 25479 13646 10208 10394 17002 24658 4828 23165 23363 2827 12642 14376
 1216 24723 2954 3804 6454 13040 16080 4185 7753 16399 2907 15363 11351
 13411 12831 1688 24875 17713 309 10817 13834 15461 8663 1653 10192 7056
 1307 24056 7561 12995 3052 17553 25060 17788 3457 2669 13706 13090 265
 14274 7206 266 13013 5336 20281 10255 8145 24232 17164 14025]
[19532 13242 23874 5336 447 2978 13298 2573 25402 3443 13666 10922 6793
 24232 17164 18913 11627 14569 4340 1670 22066 25658 22352 12486 14791
 9567 14394 9813 12380 22490 15132 24519 22101 20092 20796 21211 25425
 19258 24332 7362 24396 1565 9317 21676 4544 12000 6838 20616 24651 11391
 17504 25626 2335 23691 7424 3997 21386 22681 19507 5949 23830 1991 25479
 10208 10399 14059 13275 1216 24723 13040 20099 21541 23174 12648 11660
 4772 6250 6355 7464 24875 17713 15887 6837 13834 11664 10773 1653 873
 22007 1017 5941 14686 4864 14970 6334 12384 18502 17742 20133 14274]
[12486 9567 16855 25732 12380 13949 15132 15102 20796 21211 25425 4155 953
 7362 24396 4544 20039 4456 20616 8481 17504 25626 2335 7424 18318 8358
 19507 13320 5949 15713 25479 22417 964 23363 23267 22715 6454 14947 982
 7753 13411 22857 6355 12831 18961 1605 11964 13834 19995 10773 2514 8663
 10192 873 1307 16191 24056 15313 9728 12995 3052 17553 3696 25060 19715
 22215 1017 19297 14686 12744 6217 19235 22142 7745 13583 13090 22753 8385
 25402 3443 10922 8145 24232 17164 21472 10592 22180 4498 9596 11302 9357
 23157 17892 3876 8935 8711 21003 7735 10550 18068]
[9728 18437 4103 13320 4108 2574 15887 6678 12831 1570 25123 7203 21541
 12334 22066 10802 7735 14394 18502 13896 22101 20565 11862 17504 12384
 15461 24678 3696 20081 23157 22142 20099 25732 20616 8840 7307 17553
 22681 25758 15522 22693 4774 21159 11947 19640 5309 8906 9420 23246 21211
 25316 17139 25847 9976 14082 19715 266 24332 24844 13583 3876 10031 5941
 20281 24380 24396 25425 12114 23894 23901 10592 15713 19297 21355 9596
 17793 8069 23941 25479 23953 17817 10665 20905 7084 1462 14274 8653 8145
 5073 4067 25060 14315 3052 10221 13298 1017 4160 15066 20282 7092]
[10394 24658 13275 13040 4772 17713 15887 2514 10192 3052 3696 9848 13706
 10665 22427 266 19532 25316 2978 21159 16799 8145 6678 6793 24232 13737
 17817 9976 8069 10592 7363 22066 4801 17793 21320 9420 7605 23985 3875
 16435 12625 3150 10524 13718 8101 2234 21807 24440 16996 20081 24357
 22615 21103 20989 19202 11595 9801 1118 7257 7423 20419 19632 11426 11516
 6627 6152 944 17404 16696 11022 6341 25706 11788 11769 5622 23322 22543
 22541 22488 22470 22457 22199 22181 22159 22138 22083 22071 21972 17978
 2710 2695 2643 2594 2533 2526 2519 2499 2490 2483 14576]
[25732 14394 22490 15132 20092 20796 19258 24332 953 7362 17987 4544 12000
 21131 3924 4456 20616 21386 8358 19507 22816 25479 964 3759 6454 22909
 4194 982 4185 7753 2907 13411 22857 11660 6355 7464 1570 17139 12831 1688
 24875 1214 15887 1605 25104 10817 11964 12334 19995 10773 2514 8663 1653
 10192 873 7307 1307 17553 3696 19532 447 2978 22276 20281 17164 9976
 16495 14569 8864 7142 22352 20750 22070 23356 2574 23246 9357 21965 13520
 10673 10327 25785 1370 9361 20139 6202 12564 4103 7859 20853 23435 1332
 2845 11426 20804 21028 18389 21786 11824 392]
[12486 14791 9567 25732 15831 9813 12380 22490 15132 20796 24332 1565
 17987 4544 12000 20039 23801 20616 25626 2335 19703 23691 7424 18318
 21386 22681 19507 13320 4330 5949 18401 1991 20380 25479 10394 4828 22417
 23363 13275 2827 3759 12642 15836 17523 14376 6454 22909 4194 15009 16399
 11660 6250 17139 1688 24875 15461 12334 13311 9728 17553 22007 1017 5941
 12744 3457 6334 18851 6224 18502 59 20905 785 23874 447 2573 10255 16799
 24845 10922 8145 6793 10889 1730 2565 16439 25658 24442 22352 19064 12130
 9596 7148 24297 17704 3876 21355 8153 14956 21014 19796]
[20124 14791 9567 16855 9813 22490 15132 22690 20092 21211 25425 19258 953
 24396 17987 4544 12000 6838 21131 23801 4456 20616 2335 23691 7424 3997
 21386 19507 10221 4330 18401 25337 1991 20380 25479 13646 10208 10394
 10399 14059 23363 3759 12642 17523 2954 6454 22909 13040 4194 15009 4185
 21541 16399 2907 12648 13411 4772 6355 7464 1570 17139 1688 24875 309
 25104 8845 15461 11664 12334 13311 2514 8663 7307 1307 7561 3052 3825
 17553 5941 14686 12744 13706 18851 265 7206 266 20905 19532 13242 23874
 2573 25402 10255 6793 2416 10031 9976 10889 21472 12456]
[14376 3804 13040 5616 14947 7753 21541 23174 13411 6250 17139 12831 1688
 15887 1605 10817 13834 12334 13311 2514 1653 10192 873 1307 24056 12995
 25689 11110 17553 22215 5941 4864 2669 13706 13090 265 15405 20905 8906
 5336 447 2978 3443 2416 17164 16495 22351 22679 20565 11302 7148 16973
 2031 16944 3876 8935 21106 4256 1992 19597 21320 10055 1201 21401 9420
 4484 10327 25785 20124 14791 9567 16855 14394 12380 22490 22101 20796
 25425 4155 24332 953 7362 1565 4544 6838 21131 20039 3924 23801 4456
 19703 7424 21386 22681 13320 10221 22816 1991 15713 25479]
[1570 17139 12831 24875 15887 14871 6837 11964 19995 2514 8663 873 7307
 15313 9728 12995 25689 5941 14970 3457 22142 18851 7745 13090 15522 17742
 14274 266 24678 15405 8906 19532 25402 20281 10255 24845 6678 2416 17164
 12118 14569 10592 1670 13889 22070 14459 21106 10055 22693 4688 23985
 15450 13573 23941 4936 7423 25123 8052 23597 21576 11426 944 24083 5211
 40 5335 402 21146 21436 11675 12626 874 19673 21347 24898 25865 25798
 23798 21650 15543 13238 11506 7629 7239 7213 7009 6654 6534 6505 6354
 6252 6168 6101 6077 5958 5848 5784 5722 5697 5610]
[12486 20124 9567 13949 15132 22101 20092 25594 25425 19258 24332 24396
 17987 9317 4544 6838 21131 23801 20616 8481 17504 2335 7424 13320 1389
 25337 1991 20380 15713 25479 5369 10394 17002 12642 24723 3804 13040 4194
 11440 15009 4185 21541 2907 13411 4772 12831 1688 18961 15887 8845 10817
 11964 13834 20211 19995 13311 2514 8663 873 16191 9728 12995 25689 17553
 5309 22007 19715 22215 11671 10665 22427 6224 12384 14315 265 59 15405
 13013 20905 8906 23874 3265 6678 6793 17164 20522 9976 24844 21472 10592
 22066 7142 22679 20565 22070 1131 7148 18602 24297 12367]
[12486 14791 9567 16855 25732 14394 12380 13949 15132 22690 20092 15102
 20796 25425 4155 953 7362 1565 17987 21676 12000 6838 3924 23801 4456
 20616 24651 17504 25626 2335 19703 23691 7424 18318 10557 13320 10221
 5949 23830 24658 4828 22417 964 23165 23363 2827 12831 24875 14871 6837
 25104 15461 11664 19995 13311 8663 1653 873 7056 7307 16191 7561 9728
 3052 7578 11110 3696 20536 25060 22007 19715 1017 5941 14686 12744 22142
 13706 6224 13583 13090 17742 265 14274 24678 8197 13013 20905 8906 785
 19532 13242 5336 18437 3265 8145 1604 7363 17704 3876 6347]
[1017 15522 8385 25316 16799 13737 10889 19064 14459 9596 2574 7148 18602
 17704 11554 9420 7061 1370 7870 16435 21849 12564 2358 16241 22615 16541
 9801 16614 1118 25847 8784 688 7356 11732 24063 8493 23436 20804 25376
 11022 11112 6139 24987 21929 21580 21543 20998 20136 20075 19866 17401
 17226 17163 17086 17041 16798 16788 16748 16609 16414 16289 16263 16249
 15860 15798 15644 13314 11099 7797 7708 7687 7656 7530 7510 7258 7238
 7229 6897 6865 6801 6645 6526 6407 6395 6309 6142 6141 6077 6003 5789
 5584 5549 5544 5203 5147 5139 5134 4669 3398 13583]
[14791 9567 9813 22490 15132 24519 22101 20796 21211 19258 953 7362 6838
 21131 20039 4456 24651 11391 17504 25626 19703 8358 19507 13320 18401
 22816 2759 10208 10399 24658 17523 24723 20267 6454 16080 4194 5616 14947
 11440 25456 982 4185 2907 15363 11351 23174 13411 22857 11660 6250 6355
 1570 12831 1688 24875 15887 1605 14871 25104 8845 1307 12995 3696 20536
 25060 22007 19715 22215 14686 12744 2669 25231 12384 13090 15522 265
 14274 59 20905 8906 2573 10255 19022 17164 11627 10889 12118 24844 14569
 8864 16439 22679 19064 23356 7148 17704 2031 1201 4139 16487]
[17793 24380 21355 19597 11554 20823 4484 3923 5105 14450 16435 21014
 12564 18971 19796 10550 3142 23941 12486 20124 14791 9567 16855 25732
 9813 22490 13949 15132 22690 20092 20796 25594 21211 4155 7362 24396 1565
 7084 9317 21676 20039 3924 23801 4456 20616 11391 25626 2335 19703 23691
 7424 18318 8358 19507 1389 22816 25337 8775 13646 10208 10394 17002 10399
 964 23165 23267 3759 12642 15836 24723 22715 20267 6454 4194 5616 6355
 17139 1688 24875 15887 309 14871 11964 13834 15461 20211 12334 1653 10192
 7056 1307 24056 9728 7578 11110 25060 22215 1017 19297 14686]
[3924 25626 7424 21386 22681 13320 23830 1991 8775 15713 10394 23363 12642
 22715 11440 25456 15009 4185 23174 12648 13411 4772 1570 17139 12831
 24875 17713 15887 14871 6837 10817 13834 12334 2514 8663 873 7307 1307
 7578 17553 3696 20536 1017 25231 13706 18851 15522 17742 265 7206 13013
 20905 19532 23874 447 3443 20281 24845 10922 8145 19022 781 24232 4454
 4381 16495 16439 22066 7142 22352 23953 23356 19640 9357 17704 10141 4484
 23985 12452 7870 3482 21078 12564 24154 9059 13718 4719 5983 17404 16767
 24600 5800 11525 20676 7743 21786 10411 18727 6672 1110]
[4185 2907 15363 13411 22857 4772 6355 1570 1688 18961 309 25104 8845
 11964 13834 15461 12486 25732 14394 22490 13949 15102 25594 21211 25425
 24332 953 24396 1565 17987 9317 12000 3924 23801 20616 19995 8663 1653
 873 7307 1307 24056 9728 12995 3052 11110 17553 20536 19715 22215 1017
 5941 14686 12744 22142 12384 18502 13583 13090 17742 8197 13013 20905
 25316 25402 20281 10255 24845 6793 18913 14569 8069 13048 2565 20750 4801
 22070 23953 23356 17704 9259 4256 9677 20823 9420 14956 7605 20139 2358
 19796 10550 14196 3558 17617 18400 10397 20421 19202 13725 25847]
[9567 25732 15831 12380 22490 13949 24519 22101 20092 25425 4155 24332 953
 7362 24396 17987 4544 6838 21131 3924 4456 20616 24651 8481 25626 19703
 23691 7424 3997 10557 21386 22681 8358 19507 4330 5949 23830 18401 20380
 8775 2759 13646 10394 17002 10399 24658 22417 14059 3759 12642 1216 20267
 25456 21541 15363 13411 22857 4772 6355 17139 12831 1688 25104 3696 22007
 19715 22215 5941 4864 11671 13706 15522 265 59 24678 15405 8385 20905 785
 19532 25316 23874 5336 447 2573 18437 3265 20281 10255 16799 9976 12118
 16495 2565 16439 7142 22352 22351 22679 23267]
[9567 16855 14394 15831 9813 13949 15132 22690 20796 19258 24332 953 7362
 24396 1565 9317 4544 12000 6838 21131 23801 4456 20616 11391 25626 18318
 22681 10221 4330 18401 2759 25479 5369 10208 10394 10399 24658 22417
 23267 13275 12642 15836 14376 22715 2954 3804 6454 22909 7371 25456 20099
 21541 13411 22857 11660 4772 6355 12831 24875 17713 15887 309 14871 25104
 11964 13834 20211 10192 873 24056 15313 9728 3052 7578 3696 25060 10665
 22427 12384 15405 8197 23874 2978 3443 20281 5102 9976 24844 8864 2565
 7142 24176 19064 14066 23157 8153 4256 3045 14956 16437]
[16855 25732 14394 15831 9813 12380 22490 13949 22690 20092 15102 25594
 21211 25425 19258 24332 1565 17987 21676 4544 6838 21131 20039 23801 4456
 20616 11391 17504 25626 2335 19703 7424 18318 3997 10557 21386 22681
 10394 17002 10399 24658 22417 23165 23363 15836 17523 22715 20267 13040
 14947 982 4185 16399 2907 22857 7464 1570 17139 24875 18961 6837 25104
 8845 13834 20211 19995 10773 2514 10192 7056 1307 7578 5309 22215 5941
 14686 17788 6217 14970 22142 25231 6334 18851 18502 15522 14274 59 7206
 15405 19532 25316 13298 18437 25402 3265 19022 6793 5102 17164 9976]
[9728 8197 18437 13320 2573 25104 6678 25626 21541 14376 15405 14394 59
 17987 19523 18502 20039 19532 9813 20565 11351 25689 13411 9317 24678
 17002 2669 16495 3696 17523 1653 20092 23165 13949 11391 20099 21131 7307
 17553 10394 20124 8864 22690 22180 21676 3759 1214 3265 7363 12486 21211
 3804 14569 5369 25337 15102 7424 265 2827 24332 13583 1307 4381 24875
 5941 6454 19258 25402 23363 24396 3924 14686 9567 15713 873 3443 22909
 25479 2954 11660 18318 3997 18851 10665 953 13242 14274 14791 24519 982
 16855 8663 13275 18401 7142 14315 1017 25594 13311 7788]
[17523 25456 982 21541 16399 15363 11351 12648 22857 11660 4772 1570 17139
 24875 17713 1214 15887 309 14871 6837 25104 10817 11964 13834 20211 11664
 12334 13311 2514 1653 10192 873 7056 7307 1307 24056 7561 9728 7578 3825
 20536 25060 22007 19715 19297 5941 22142 13706 19523 6224 18502 13583
 17742 265 59 7206 266 20905 8906 785 19532 13242 23874 2978 18437 25402
 3443 3265 20281 16799 20124 14791 9567 25732 14394 15831 22490 15132
 24519 22101 20092 20796 25594 25425 953 7362 1565 7084 17987 9317 4544
 3924 23801 17504 25626 7424 10557 21386 19507 4330]
[3997 22681 5949 23830 22816 15713 25479 5369 10399 4828 23165 23267 13275
 3759 15836 17523 14376 3804 6454 13040 5616 11440 21541 16399 2907 23174
 4772 6250 6355 1570 12831 1688 18961 15887 25104 10817 20211 873 3052
 25689 3696 4864 11671 3457 13706 7745 20133 13242 18437 3443 10255 16799
 24232 2416 17164 9976 1670 22066 22351 22070 23953 17793 23356 17704
 24380 8153 1992 3045 10327 3923 1370 12452 18203 5105 3875 3482 20139
 3907 23529 12486 20124 16855 25732 14394 22690 22101 15102 20796 25594
 21211 25425 19258 24332 953 1565 4544 6838 21131 24651 23691]
[9567 16855 15132 25594 21211 25425 19258 4155 4544 20616 25626 23691 7424
 1570 17139 1688 17713 15887 17920 16720 16709 16668 16618 16593 16549
 16507 16489 16483 16456 16367 16365 16302 16295 16254 16215 16187 16153
 16094 16025 16020 15971 15940 15926 15901 15870 15864 15804 15764 15706
 15702 15660 15659 15657 15611 15503 15475 15316 15285 15255 15052 14940
 14907 14902 14765 14649 14582 14402 14056 11412 11408 11395 11334 11285
 11277 11243 10983 10872 10834 10753 10711 10692 10651 10610 10574 10540
 10498 3203 3043 2963 2933 2901 2892 2885 2879 2740 2662 2623 2527 2519
 2351]
[12486 20124 16855 9813 22490 15132 22101 25594 21211 4155 953 24396 7084
 17987 9317 21676 4544 6838 23801 20616 24651 17504 23691 7424 3997 8358
 5949 18401 1389 22816 15713 25479 5369 10208 10394 17002 10399 24658 4828
 22417 15836 2954 20267 22909 4194 11440 982 12648 13411 22857 11660 12831
 18961 14871 13834 19995 2514 4185 2907 11351 6355 17139 1688 10817 1653
 873 1307 9728 12995 3052 7578 25689 1017 5941 17788 6217 11671 19235
 13706 22427 18851 18502 14315 13583 13090 17742 265 266 24678 22753 13013
 8906 23874 25402 3443 20281 10255 16799 2416 17164]
