Fault List:
107
108
95
78
106
104
88
87
106
109
109
105
108
97
103
111
109
29
109
106
107
97
110
95
77
103
102
109
111
114
FDR List:
0.722972972972973
0.7297297297297297
0.6418918918918919
0.527027027027027
0.7162162162162162
0.7027027027027027
0.5945945945945946
0.5878378378378378
0.7162162162162162
0.7364864864864865
0.7364864864864865
0.7094594594594594
0.7297297297297297
0.6554054054054054
0.6959459459459459
0.75
0.7364864864864865
0.19594594594594594
0.7364864864864865
0.7162162162162162
0.722972972972973
0.6554054054054054
0.7432432432432432
0.6418918918918919
0.5202702702702703
0.6959459459459459
0.6891891891891891
0.7364864864864865
0.75
0.7702702702702703
Time List:
364.0054998397827
366.2740979194641
363.7028248310089
357.43577814102173
369.08626079559326
341.8955788612366
382.45520186424255
371.1038899421692
355.23675990104675
362.03608870506287
348.2202060222626
356.8723449707031
393.37517619132996
372.1928360462189
342.8232650756836
385.9753670692444
343.715368270874
345.01358103752136
351.93522095680237
344.8318521976471
345.1435708999634
345.26868891716003
346.8460247516632
352.06523180007935
345.5547671318054
339.774493932724
339.64480996131897
334.71920895576477
333.21998715400696
341.76024436950684
Subset List:
[18436 8197 18437 4103 4108 10255 4115 2078 14376 18472 20522 4139 12334
 22574 16435 16437 16439 20536 14394 4155 6202 8259 18502 6224 24658 20565
 22614 22615 8278 4185 12380 12384 24678 20583 4201 6250 10347 10348 16495
 14450 14459 2178 20616 18568 2194 24723 22679 22681 10394 16541 10397
 10399 4256 22690 12452 22693 8358 14502 14501 2216 18602 2234 6334 8385
 12486 6355 214 22753 14569 4330 10474 265 24844 24845 20750 4370 10524
 4381 2335 8481 24875 24880 309 6454 2358 10550 20796 10557 20804 22857
 24905 18765 12625 4444 14686 10592 12642 4456 12648 2416 10619 22909 4498
 404 12694 18851 10665 432 10673 10674 447 4544 14786 14791 10696 8653
 2514 16855 8663 4568 18913 25060 2552 2565 8711 2573 2574 527 25104 18961
 21010 6678 14871 21014 537 12831 25123 16944 10802 25138 18999 10817 8775
 16973 19022 25166 4688 4693 21078 10856 17002 14956 21103 4719 21106
 19059 23157 25206 19064 14970 23165 23174 8840 6793 10889 21131 17037
 25231 8853 8864 15009 4772 21159 10922 688 6837 6838 4801 12995 2759 8906
 23246 21211 4828 23267 25316 19171 13040 17139 25337 15102 13054 4864
 6912 19202 2827 17164 781 11022 785 11028 4888 15132 13090 2855 19258
 25402 23363 836 25425 2907 19297 9059 11108 11110 873 21355 17260 17278
 4996 25479 21386 2954 7056 7061 21401 2978 7084 953 13242 964 15313 5073
 21460 982 21465 13275 3045 7142 23525 23529 3052 7148 25584 13298 9204
 7157 1017 25594 17404 15363 13320 25626 7203 7206 11302 15405 19507 19523
 11351 7257 15450 1118 13411 9317 15461 17511 13418 17519 17523 19574 9353
 5258 23691 7307 9357 19597 5274 25758 15519 15522 19620 15528 21676 3246
 11440 1201 19640 25785 3265 7363 9416 7371 5336 9450 25847 15608 5369
 23801 7423 15617 19715 13573 11525 13583 23830 1307 11554 7464 17713 7483
 23874 13639 11592 13646 17742 9553 19796 23894 21849 23901 9567 15713
 1389 3443 1398 17788 9596 3457 23942 13706 11660 23953 13718 11671 17817
 7578 15771 13737 23985 11718 19913 21965 15836 3558 22007 24056 9728
 13834 15887 1551 19995 13851 1565 15908 20008 22066 22070 7735 17975
 17982 7745 17987 1604 20039 13896 22101 1622 9814 11862 20071 24176 18042
 20092 13949 22142 13951 20099 1670 1688 3738 20124 13987 22180 7844 24232
 11947 20139 3759 7859 11964 7870 1730 22215 11977 7886 16080 3804 12000
 16096 24297 14059 3825 14066 20211 9976 12037 5895 12039 24332 18189 1810
 10015 3875 1828 5926 3880 5928 20267 14125 10031 20281 5949 12094 16191
 3907 10055 24396 8012 22351 22352 3924 12118 18264 5983 8042 12141 14192
 16241 20344 24440 24442 8069 18318 6030 22427 20380 3997 10141 8101 14274
 20421 1992 16335 10192 8145 8153 22490 10208 18400 4067 10221 2031 3334
 14856 24585 21271 13337 23450 3356 18207 7969 1189 7338 19370 2426 23604
 1461 12470 187 14396 23101 3263 4934 4678 15951 19418 11867 23007 4960
 22243 3171 1382 21610 14452 6645 4470 6389 23034 21628]
[12486 20124 14791 9567 16855 25732 14394 15831 9813 22490 15132 24519
 22690 22101 15102 20796 25594 21211 25425 19258 4155 24332 953 7362 24396
 1565 7084 17987 21676 4544 12000 6838 21131 3924 23801 4456 24651 11391
 8481 25626 2335 19703 23691 3997 10557 21386 22681 19507 13320 10221 4330
 5949 23830 18401 22816 1991 2759 25479 5369 13646 10208 10394 17002 10399
 24658 4828 22417 964 23165 14059 23363 23267 13275 2827 3759 12642 15836
 17523 14376 1216 24723 22715 2954 3804 20267 6454 22909 7371 13040 16080
 4194 5616 14947 11440 25456 15009 982 4185 20099 7753 21541 2907 15363
 11351 23174 12648 13411 22857 11660 4772 6250 6355 7464 1570 17139 12831
 1688 24875 18961 17713 1214 15887 309 1605 14871 6837 25104 8845 10817
 11964 13834 15461 20211 11664 12334 19995 13311 10773 2514 8663 1653
 10192 7056 7307 1307 16191 24056 7561 15313 9728 12995 7578 3825 25689
 11110 17553 3696 20536 5309 25060 22007 19715 22215 1017 19297 5941 12744
 17788 6217 4864 11671 19235 14970 3457 22142 2669 13706 6334 10665 18851
 19523 6224 12384 18502 7745 14315 13583 13090 15522 17742 265 20133 14274
 4996 59 7206 266 24678 15405 8197 8385 13013 20905 8906 785 19532 13242
 25316 23874 5336 447 2978 13298 2573 18437 25402 3443 3265 20281 10255
 21159 16799 836 24845 13666 10922 8145 6678 781 6793 24232 5102 2416
 17164 18913 1604 13737 4454 24078 20522 11627 17817 10031 9976 10889
 12118 24844 1730 21472 16495 14569 8069 13048 8864 10592 9639 4340 16439
 7363 1670 22066 25658 7142 24442 22351 19064 13889 20565 4801 22070 12130
 14459 1131 23953 17793 11302 23356 2574 19640 23246 14372 18602 14066
 23157 3246 19574 17704 18568 7844 16973 9259 2031 17892 16944 3876 24380
 8935 8711 7595 21355 13753 8153 1992 1711 1201 9677 4139 21965 21401
 13520 2821 3045 17162 4484 10673 10327 25785 14956 7061 3923 1370 1810
 7605 23985 12452 9361 5105 7870 3875 23948 16435 21078 19620 20139 21014
 3907 18189 12625 24084 15450 6202 8042 24154 10347 18971 9059 5073 20008
 11977 17278 7735 22574 14196 2234 16437 8224 3142 14502 239 20071 3558
 13573 17617 13987 17377 16241 1622 9450 18264 16335 18976 22849 23941
 5274 23894 15617 12141 6287 4370 2078 24357 470 15519 9307 8824 12039
 21103 10397 2216 6107 4201 7783 19202 2380 15771 16096 16614 14945 3063
 19913 5926 25138 7203 9553 4103 1828 5983 17203 9252 4444 12094 16168
 17975 13896 1398 5118 11862 4067 432 688 21465 214 6970 23901 17982 19171
 7859 12317 13639 25199 76 7582 10787 25559 5631 9404 1332 24063 23607
 1306 10836 7850 17242 17910 10696 19644 21576 1234 7821 6122 11488 19632
 12162 7400 7055 4342 11244 3614 2747 8077 15877 11278 20901 6153 20280
 25569 24740 24507 23905 23892 23372 23254 23030 21861 21502 20275 18936
 16810 16534 16382 15541 14992 14342 13374 12379 11680 11038 10985 10178
 9843 9384 8503 6999 5518 4861 4218 3762 2982 2485 1262]
[12486 20124 9567 16855 25732 14394 15831 9813 12380 22490 13949 15132
 24519 22690 22101 20092 15102 20796 21211 25425 19258 4155 24332 953 7362
 24396 1565 7084 17987 9317 21676 4544 12000 21131 20039 3924 23801 4456
 24651 11391 8481 25626 2335 19703 23691 18318 3997 22681 19507 13320 4330
 5949 18401 22816 20380 8775 15713 5369 13646 10208 10394 17002 10399 4828
 22417 23363 13275 2827 3759 15836 14376 1216 24723 22715 2954 20267 6454
 22909 13040 16080 4194 5616 11440 25456 982 4185 20099 7753 21541 16399
 11351 11660 4772 6250 6355 7464 1570 17139 12831 1688 24875 17713 1214
 15887 309 1605 14871 6837 25104 8845 10817 11964 13834 20211 11664 12334
 13311 8663 1653 7056 7307 16191 24056 15313 9728 12995 3052 7578 3825
 25689 11110 17553 3696 20536 5309 25060 22007 19715 22215 1017 19297 5941
 12744 17788 6217 9848 4864 11671 19235 14970 22142 2669 25231 13706 6334
 10665 18851 19523 14315 13583 13090 17742 265 20133 14274 266 15405 22753
 8385 13013 20905 785 19532 13242 5336 447 13298 25402 3265 20281 836
 24845 6793 24232 13737 24078 20522 17817 10889 24844 4381 16495 14569
 13048 10592 9639 2565 4340 7363 25658 24176 20565 10619 22070 4498 12130
 14459 9596 17793 11302 2574 23246 7148 23157 11947 3246 19574 17704 17892
 3876 24380 1800 21355 13753 8153 21106 4256 1992 1711 19597 10055 4139
 10141 20344 4484 10327 10674 14956 7061 3923 4688 1810 7605 32 23985
 12452 5105 7870 3875 23948 16435 5895 17511 18271 20139 21014 12625 23529
 21849 24084 15450 3150 6202 8042 10524 11718 10347 9059 5073 20008 11977
 19796 8101 7735 10550 6588 14196 18028 16437 3142 239 8853 20071 3558
 3738 13573 1581 17663 4108 17617 13987 16241 1622 23941 19585 12809 5274
 16996 11825 15617 12141 6287 24357 470 22615 14192 8824 6181 2855 15269
 21103 20989 12694 13951 9814 19202 19107 25333 8635 16750 6041 3122 378
 22602 25997 25957 25942 25641 25211 25137 24936 24860 24835 24797 24472
 24464 24395 24372 24246 24140 24057 23785 23344 23330 23203 23119 22942
 22846 22768 22503 22369 22229 22126 22122 22031 21845 21752 21291 21236
 21093 20884 20878 20849 20843 20674 20116 19903 19893 19879 19710 19206
 19089 18852 18832 18488 18466 18406 18403 18372 18367 18364 18356 18351
 18342 18322 18321 18320 18247 18236 18223 18222 18214 18150 18057 18047
 17995 17993 17976 17953 17933 17916 17907 17904 17896 17883 17877 17835
 17830 17802 17791 17772 17571 16837 16486 16484 16467 16390 16321 16315
 16305 16300 16269 16263 16183 16177 16151 16121 16088 16082 16054 15996
 15962 15915 15770 15762 15701 15691 15603 15413 15407 15398 15391 15209
 15198 15162 15160 14944 14904 14870 14761 14734 14653 14580 14575 14534
 14486 14467 14379 14366 14278 14171 14170 14138 14072 13832 13768 13750
 13705 13486 13354 13177 13112 13078 13076 13024 12915 12887 12877 12873
 12819 12756 12060 11953 11942 11939 11894 11880 11795 11737 11712 11690
 11648 11569 11538 11414 11354 11191 11159 11067 24103]
[982 4185 20099 21541 2907 11351 12648 13411 22857 4772 6250 6355 7464
 1570 12831 1688 24875 18961 15887 309 1605 6837 25104 8845 10817 11964
 13834 15461 20211 11664 19995 13311 10773 2514 8663 1653 10192 7056 7307
 1307 16191 24056 7561 15313 9728 12995 3052 7578 3825 25689 11110 17553
 3696 20536 5309 25060 22007 19715 22215 1017 19297 5941 14686 12744 17788
 9848 4864 11671 19235 3457 22142 2669 25231 6334 10665 22427 19523 12384
 18502 7745 14315 13583 13090 15522 17742 265 20133 14274 4996 59 7206 266
 24678 15405 8197 22753 8385 13013 20905 8906 19532 13242 25316 23874 447
 2978 13298 2573 18437 25402 22276 3443 3265 20281 21159 16799 8145 781
 2416 17164 18913 13737 20522 10031 9976 10889 12118 24844 1730 21472
 16495 14569 8069 13048 8864 9639 2565 7363 1670 22066 25658 7142 22352
 22679 24176 19064 20750 20565 10619 22180 22070 1131 23953 17793 11302
 23356 2574 9353 14066 19574 16973 16944 3876 8153 1992 11554 10055 13520
 9420 3045 17162 11108 10327 10674 23985 12452 5105 7870 23948 19620 15450
 6202 8042 11718 9059 11977 17278 7735 10550 4719 2234 3142 3738 13573
 13593 4108 17617 18400 17377 1622 9450 18264 16335 22849 19018 5274 11825
 12141 4370 24357 15519 9307 12039 2855 3359 15269 21103 19059 2216 4936
 20458 7423 20583 25847 17984 5983 12094 10455 13896 8784 5118 16441 4067
 3686 688 214 14125 6970 23901 12317 13639 7356 6468 7582 8052 21675 22426
 5631 6498 15440 5871 24215 213 25731 24907 24532 23472 21198 20832 20824
 20820 20818 20793 20779 20764 20730 20696 20675 20670 20649 20648 20621
 20617 20569 20567 20549 20547 20537 20533 20516 20509 20488 20432 20417
 20412 20269 20262 20245 20242 20228 20214 20202 20201 20130 20116 20079
 20037 19982 19974 19959 19924 19909 19880 19871 19861 19843 19828 19821
 19750 19749 19730 19709 19691 19684 19678 19677 19663 19653 19648 19610
 19608 19581 19496 19490 19457 19454 19453 19432 19407 19403 19380 19375
 19347 19346 19337 19318 19286 19266 19264 19259 19227 19220 19180 19163
 19160 19156 19140 19128 19075 19035 19012 19006 18985 18980 18978 18965
 18958 18940 18934 18917 18916 18915 18888 18879 18862 18769 18714 18710
 18708 18690 18671 18669 18664 18658 18652 18639 18612 18556 18548 18542
 18540 18501 18393 18364 18358 18350 18341 18339 18338 18319 18308 18301
 18275 18237 18236 18217 18215 18214 18198 18151 18147 18132 18120 18097
 18085 18070 18064 18017 18008 17989 17973 17962 17936 17934 17917 17881
 17871 17862 17808 17782 17722 17699 17696 17687 17686 17678 17664 17653
 17648 17645 17606 17593 17591 17585 17574 17570 17567 17561 17532 17505
 17488 17487 17476 17468 17467 17445 17403 17392 17373 17346 17317 17291
 17279 17258 17177 17126 17116 17070 17024 16986 16977 16968 16951 16912
 16903 16899 16869 16852 16846 16839 16810 16727 16688 16682 16651 16591
 16569 16560 16508 16493 16444 16408 16396 16293 16263 16177 16176 16143
 16133 16084 16033 16017 16005 15944 15916 12880 9635 3663 2925 9820]
[12486 20124 14791 9567 16855 25732 14394 15831 9813 12380 22490 13949
 15132 24519 22690 22101 20092 15102 20796 25594 21211 25425 19258 4155
 24332 953 7362 1565 7084 17987 9317 21676 4544 12000 6838 21131 20039
 3924 23801 4456 20616 24651 11391 8481 17504 25626 19703 7424 18318 3997
 10557 22681 8358 19507 13320 10221 4330 5949 23830 18401 1389 22816 25337
 1991 20380 8775 2759 15713 25479 5369 13646 10208 10394 17002 10399 24658
 4828 22417 964 23165 14059 23363 23267 13275 2827 3759 12642 15836 17523
 14376 1216 24723 22715 2954 3804 20267 6454 22909 7371 13040 16080 4194
 5616 14947 11440 25456 15009 982 4185 20099 7753 21541 16399 2907 15363
 11351 23174 12648 13411 11660 4772 6250 6355 7464 1570 17139 12831 1688
 24875 18961 17713 1214 15887 309 1605 14871 6837 25104 10817 11964 13834
 15461 19995 10773 2514 8663 1653 10192 873 7056 7307 1307 16191 24056
 7561 15313 9728 12995 3052 7578 3825 25689 11110 17553 3696 20536 5309
 25060 22007 19715 1017 19297 5941 14686 12744 17788 6217 9848 4864 11671
 3457 22142 2669 13706 6334 10665 22427 18851 6224 12384 18502 7745 14315
 13583 15522 17742 265 20133 14274 4996 59 7206 266 24678 15405 8197 22753
 8385 13013 20905 19532 5336 447 2573 22276 21159 13666 10922 8145 6678
 6793 24232 18913 11627 10031 21472 14569 8069 13048 10592 2565 7363 1670
 7142 24442 22679 24176 10619 22070 4498 14459 9596 23953 17793 11302 2574
 24297 23157 3246 19574 18568 24380 8935 1800 7595 21355 4256 19597 11554
 9677 21965 20344 20823 13520 9420 3045 22693 10327 7061 1810 23985 12452
 9361 7870 3482 14450 5895 21014 3907 21849 3150 8042 3880 25758 9059
 13718 13851 17278 7735 3142 14502 3558 3738 13573 13593 4108 17617 18400
 17377 9450 10802 18264 18976 19585 12809 5274 5258 24440 16996 15617
 12141 2078 17211 8888 22615 8824 6181 2855 21103 19059 10397 2216 16541
 4201 20421 5875 9801 15583 16614 15908 527 18436 10959 25123 17984 4103
 5983 17203 4774 23942 16168 17037 11862 2552 8287 4067 21465 9416 9832
 14125 6970 537 23901 3974 12317 76 7582 20853 10787 21675 9404 7676 5370
 23597 6196 10836 7850 2917 14403 643 17910 7130 1655 10696 21576 1234
 24880 15574 20419 17034 11488 5700 11426 12239 23436 7400 11814 25362
 18534 20804 7055 2884 25376 6627 3083 14831 17404 11600 16767 3935 11526
 12941 13446 25528 25172 24070 14240 221 8026 14932 13600 23929 13920
 17911 15127 8278 11238 379 2003 7886 22264 8037 4708 13932 225 22637
 24997 21104 21301 23160 14358 5800 24654 555 19971 12135 22651 7789 10452
 10829 3815 20596 20740 20936 3906 13157 12107 19619 1649 22371 13585
 22976 21125 21076 21031 21026 21009 21000 20959 20925 20923 20917 20913
 20899 20875 20867 20860 20838 20810 20798 20788 20767 20759 20754 20732
 20728 20695 20688 20674 20630 20610 20570 20568 20566 20550 20549 20535
 20510 20484 20472 20454 20451 20438 20437 20432 20420 20413 20407 20400
 12439]
[12486 20124 9567 16855 14394 15831 9813 12380 22490 13949 15132 24519
 22690 20092 15102 20796 25594 21211 25425 19258 24332 953 7362 24396 1565
 7084 17987 9317 21676 4544 12000 21131 20039 3924 4456 20616 24651 15713
 25479 5369 13646 10208 10394 17002 10399 24658 22417 964 23165 23267
 13275 2827 12642 15836 17523 14376 24723 2954 3804 20267 6454 7371 13040
 16080 4194 5616 11440 25456 15009 982 20099 21541 16399 2907 15363 11351
 12648 13411 22857 4772 6355 7464 1570 17139 1688 24875 18961 17713 15887
 309 1605 14871 6837 25104 10817 11964 13834 15461 20211 11664 12334 19995
 13311 10773 2514 1653 10192 873 7056 7307 1307 15313 9728 12995 3825
 17553 3696 22007 1017 19297 5941 14686 12744 6217 19235 14970 22142 2669
 25231 22427 18851 19523 6224 12384 7745 13583 13090 15522 17742 265 14274
 4996 59 266 24678 8197 8385 20905 785 13242 23874 447 18437 25402 22276
 3265 10255 21159 16799 10922 8145 781 6793 24232 5102 2416 17164 18913
 1604 20522 11627 17817 9976 10889 12118 24844 1730 4381 16495 8069 8864
 10592 9639 2565 4340 7363 1670 22066 25658 7142 22352 22351 22679 24176
 19064 20565 10619 22180 22070 4498 12130 9596 23953 2574 19640 9353 23246
 7148 14372 9357 18602 14066 23157 3246 19574 17704 7844 9259 2031 3876
 24380 8935 8711 21355 4256 1992 1711 9677 4139 21965 10141 20344 20823
 21401 13520 2821 9420 3045 4484 11108 22693 10327 25785 14956 7061 4688
 21003 1370 1810 7605 12452 3875 3482 13872 16435 5895 21078 19620 20139
 21014 21849 15450 3150 12564 11543 3880 10347 25758 13718 20008 11977
 19796 8101 7735 10550 6588 2234 16437 8224 3142 14502 239 20071 3738
 13593 17617 13987 18400 1622 18264 20872 23941 19585 5274 5258 24440
 16996 20081 15617 12141 17211 24357 15519 8824 12039 6181 2855 18042
 15269 10015 10397 20989 12037 2216 16541 12694 7157 13951 4201 6288 4936
 19202 11595 8583 5875 22651 11866 10962 24898 7076 1505 4717 5168 957
 24300 24861 14289 1934 18587 7740 22974 15173 6658 10765 16552 2626 12351
 10883 17701 18205 5622 14865 8993 22556 20811 6719 13398 55 13615 13166
 13873 6148 3033 25243 9666 4306 22100 16216 23501 7873 12451 18983 8511
 6610 14116 15579 23575 21399 20370 20323 20308 20184 20026 19794 19716
 19713 19599 19541 19537 19465 19332 19328 19312 19066 19026 18965 18949
 18944 18825 18796 18702 18467 18447 18443 18420 18394 18301 18276 18262
 18214 18169 18089 18014 17937 17870 17847 17792 17756 17734 17521 17453
 17351 17245 17176 17159 17155 17152 17141 17140 17108 17100 17088 17029
 16901 16864 16840 16802 16474 16429 16383 16378 16307 16234 16225 16167
 16166 16116 16107 16074 16044 16029 15937 15787 15783 15736 15731 15671
 15649 15643 15636 15618 15616 15610 15596 15582 15581 15569 15426 15401
 15388 15380 15369 15354 15289 15277 15273 15256 15236 15223 15207 15198
 15193 15151 15146 15108 15074 15071 15036 15031 15029 15015 15003 14977
 14976 14958 14955 14953 14927 14907 1369]
[14791 9567 16855 25732 14394 15831 9813 12380 13949 15132 24519 22690
 15102 20796 21211 25425 19258 24332 7362 1565 7084 17987 9317 21676 12000
 21131 3924 23801 4456 24651 8481 17504 19703 23691 7424 3997 10557 21386
 10221 4330 5949 23830 18401 25337 20380 8775 2759 15713 25479 4828 964
 14059 23363 23267 13275 17523 14376 1216 24723 22715 2954 3804 20267 6454
 7371 13040 16080 4194 14947 11440 25456 982 4185 7753 21541 16399 2907
 15363 11351 23174 12648 13411 22857 11660 4772 6250 6355 7464 1570 17139
 12831 1688 24875 18961 17713 1214 15887 309 1605 14871 8845 10817 11964
 13834 20211 11664 12334 19995 13311 10773 2514 1653 873 7056 7307 1307
 16191 24056 7561 15313 9728 12995 3052 25689 11110 3696 20536 5309 25060
 22007 19715 22215 1017 5941 14686 12744 17788 6217 9848 4864 11671 14970
 3457 22142 2669 25231 13706 10665 22427 18851 19523 6224 18502 7745 13583
 13090 15522 17742 265 20133 14274 59 7206 266 24678 15405 8197 22753 8385
 13013 20905 8906 785 19532 13242 25316 23874 5336 2978 13298 2573 18437
 25402 22276 3443 3265 20281 10255 16799 10922 8145 6678 781 6793 24232
 17164 18913 13737 24078 20522 11627 17817 10031 9976 4139 10141 20823
 21401 13520 17162 4484 22693 10327 25785 10674 14956 1370 32 23985 18203
 3875 3482 23948 13872 21078 20139 18189 24084 3150 6202 11718 11543 2358
 10347 25758 9059 13718 5073 20008 11977 19796 13851 17278 10550 6588
 14196 18028 8224 14502 20071 13573 17663 4108 17617 16241 10802 18264
 23941 19018 12809 5274 24440 11825 15617 12141 15519 11675 19690 15199
 8730 10458 9340 15635 8522 10856 4321 1885 528 25830 25775 25229 25224
 25062 25048 25008 25002 24994 24978 24936 24917 24892 24694 24667 24665
 24644 24356 24167 24166 24007 23893 23857 23713 23650 23648 23558 23520
 23485 23424 23386 23225 23171 22998 22984 22955 22831 22802 22762 22669
 22659 22638 22629 22588 22545 22530 22506 22465 22450 22383 22375 22374
 22365 22359 22198 22187 22162 22104 22077 22076 22062 21969 21923 21751
 21710 21671 21443 21292 21215 21199 21188 21173 21076 21057 21046 21031
 20863 20854 20846 20824 20765 20451 20431 20415 20401 20350 20110 20102
 20050 20034 19947 19934 19917 19859 19704 19697 19653 19651 19491 19441
 19432 19423 19419 19403 19358 19336 19304 19298 19293 19280 19267 19263
 19231 19214 19187 19183 19151 19143 19116 19110 19079 19054 19049 18995
 18951 18930 18927 18918 18908 18902 18873 18824 18820 18810 18807 18802
 18797 18782 18745 18728 18709 18699 18698 18697 18696 18695 18688 18675
 18656 18634 18551 18501 18448 18430 18407 18404 18402 18394 18391 18382
 18358 18322 18315 18291 18285 18282 18256 18242 18222 18155 18150 18149
 18144 18142 18140 18112 18075 18054 18026 18021 18005 18004 17997 17962
 17961 17952 17950 17904 17893 17883 17875 17860 17844 17832 17794 17792
 17790 17789 17722 17717 17716 17687 17672 17660 17646 17630 17626 17623
 17614 17592 17577 17547 17531 17525 17524 17517 17516 17485 17466 17456
 17455 24735]
[11660 4772 6250 6355 7464 1570 17139 12831 1688 24875 18961 17713 1214
 309 1605 14871 6837 25104 8845 13834 15461 20211 19995 13311 10773 2514
 8663 1653 10192 873 7056 7307 1307 16191 15313 9728 12995 3052 7578 3825
 25689 11110 17553 3696 5309 25060 22007 19715 22215 19297 5941 14686
 12744 6217 4864 19235 14970 3457 22142 2669 25231 13706 6334 10665 22427
 18851 19523 6224 12384 18502 7745 14315 13583 13090 15522 17742 20133
 14274 4996 59 15405 8197 22753 8385 13013 20905 785 19532 13242 25316
 23874 5336 447 2978 13298 3265 20281 10255 16799 836 13666 19022 5102
 2416 17164 18913 13737 24078 17817 9976 10889 12118 4381 21472 14569 8069
 13048 9639 16439 1670 22066 7142 22351 22679 24176 20750 4801 22180 22070
 1131 23953 11302 2574 23246 7148 9357 23157 11947 21010 7844 16973 2031
 16944 3876 24380 8711 7595 13753 8153 21106 4256 1992 1711 21320 11554
 1201 9677 4139 21965 10141 20344 20823 21401 13520 9420 3045 4484 11108
 22693 10673 10327 25785 14956 3923 4688 21003 1370 7605 32 23985 12452
 5105 7870 3875 3482 23948 14450 16435 5895 17511 18271 21078 19620 20139
 18189 23529 15450 3150 6202 12564 8042 11718 3880 13718 5073 20008 11977
 19796 6588 18028 4719 16437 8224 8853 3558 3738 13593 1581 17663 17617
 18400 17377 1622 9450 10802 16335 22849 19585 19018 5274 5258 16996 23894
 12141 2078 17211 8888 22615 8840 14192 8824 8285 15269 10397 20989 12037
 6107 4327 7157 13951 4936 8583 5875 17882 9801 16614 15908 15528 527 1118
 4888 19913 7257 7423 10959 20583 1828 5983 17203 4774 25206 23942 4444
 12094 16168 17037 1398 8784 2552 4568 8287 4067 432 3686 214 537 23901
 17982 19171 23487 12317 25929 25199 11732 10787 21675 23435 5631 1332
 20799 24063 24083 11526 6860 8205 21560 9320 12941 7586 13446 11761 20546
 24260 1277 5426 2592 14474 19341 25885 25669 25409 25160 25000 24652
 23827 23667 23484 23191 23055 22955 22709 22638 22326 21976 21789 21594
 21150 21149 21141 21137 21134 21112 21084 21082 20854 20830 20817 20812
 20794 20756 20747 20734 20727 20725 20707 20697 20674 20628 20576 20471
 20430 20407 20375 20362 20356 20346 20342 20341 20271 20231 20221 20169
 20156 20128 20096 20029 19417 18993 18248 17188 16628 16586 16582 16016
 15891 14647 13602 12819 12748 11997 11782 10722 9444 9323 8570 8543 8540
 8523 8505 8503 8502 8500 8400 8381 8373 8363 8349 8336 8289 8263 8249
 8225 8147 8116 8108 8088 8086 8058 8050 8039 7978 7965 7954 7953 7940
 7936 7907 7885 7817 7804 7734 7670 7669 7642 7594 7574 7558 7543 7541
 7507 7406 7398 7390 7348 7342 7165 7151 7095 7074 7072 7062 7037 6987
 6958 6905 6865 6858 6847 6318 5611 5546 5522 5292 5084 5061 4575 4184
 3904 3651 3191 3123 3116 3019 2862 2828 2797 2740 2688 2562 2456 2362
 2256 2168 1995 1909 1733 1560 1515 1483 1385 1159 1117 1086 766 647 558
 486 188 12392 14276]
[8197 18437 4108 16398 16399 10255 12317 6176 14372 14376 20522 4139 12334
 16435 6196 16437 16439 55 16441 6202 59 18502 6217 6224 24658 20565 22615
 4185 8282 8287 6250 10347 16495 14459 2178 20613 6287 22679 10394 12446
 10399 4256 18592 12452 22693 14502 18602 4281 22715 6334 8385 22736 16594
 6355 214 16614 4327 14569 4330 4340 265 266 24844 20750 12564 10524 4381
 24875 309 6454 10550 20799 22849 6468 22857 24905 12625 20823 10592 12642
 20853 10619 379 22909 4484 8583 20872 4498 18834 10645 12694 16799 18851
 4517 10665 20905 25007 10673 10674 6588 447 14786 12744 8653 2514 18898
 14804 8663 4568 25060 14821 2552 20989 23038 2565 21003 2573 2574 527
 18961 21010 21014 14871 18971 18976 25123 10787 8773 8775 16973 19022
 4688 8784 2645 21078 14945 14947 16996 14956 2669 25199 14962 19059 25206
 19064 8824 14970 23160 23165 6793 10889 8845 17037 25231 8853 8864 15009
 4772 4774 21159 8872 21161 10922 17068 688 6837 8888 2747 4801 12995 6856
 23246 21204 13013 23253 4828 2784 23267 25316 19171 8934 8935 17139 13048
 25337 4864 2821 2827 17164 781 15136 13090 19235 2855 17203 23356 836
 9030 4935 4936 842 2905 17242 2907 11108 2917 21355 17260 25456 17278
 4996 25479 2954 23435 7056 7061 2978 7081 13242 964 5073 15313 981 982
 25559 21465 13275 3045 7142 23529 3052 7148 9204 7157 25590 19447 1017
 5118 13311 13320 9238 9243 9252 21541 11302 23597 19507 23607 19523 3142
 23624 19532 3150 11351 25689 15450 7257 13411 15461 5237 19574 19585 9353
 5258 7307 9357 9361 15509 5274 23708 25758 15519 15522 19620 21675 11440
 1201 25785 7356 5309 9404 3265 7363 9416 5336 19673 19681 9450 25847 5370
 15617 19715 15623 9485 13583 23830 11543 13593 1306 1307 13594 11554 7464
 17704 21807 1332 23874 11587 25925 25929 11595 17742 9553 3413 21849 1370
 15712 15713 13666 11627 1389 3443 1398 9596 3457 17793 23942 7561 13706
 11660 23948 11664 23953 17817 3482 15771 5536 3489 9639 5545 5546 7595
 5548 5547 23985 5554 5555 7605 1462 5561 11718 5575 9677 5584 3541 15836
 5599 5603 17892 3558 5616 5617 22007 24056 3576 5631 9728 5635 13834
 24078 5647 3598 5653 5658 19995 5660 5659 11807 5664 1570 15908 13871
 22066 22068 22070 7745 13889 9795 1604 1605 13896 7753 1622 11862 24154
 13924 20071 7783 18028 3696 20081 1653 9848 7801 18042 22142 13951 1670
 7821 1688 3738 22180 20133 24232 20139 3759 1711 11953 7859 11964 1730
 22215 11977 16080 24297 9968 3825 20211 5875 9976 14082 22276 12039 5895
 1800 1810 18195 10015 3875 3876 24357 1828 24359 3880 16168 20267 22317
 5941 20281 22332 5949 12094 16191 3907 10055 8012 22351 22352 12118 20316
 5983 12130 12141 14192 16241 8052 24442 22427 20380 10141 8101 4005 14274
 20421 4037 1992 10192 8145 22489 18394 6107 10208 18400 20458 14315 10221
 2031 16382 19619 12428 3119 14576 22896 25680 19409 6038 18167 21048
 18492 25631]
[18436 8197 18437 4108 16399 10255 6176 14372 6181 14376 4139 12334 16435
 16439 14394 4155 59 6202 18502 6217 24651 6224 24658 20565 4185 12380
 12384 4194 18534 20583 6250 10347 16495 14450 20616 18568 6287 24723
 22679 22681 10397 4256 22690 12452 22693 8358 2216 18602 22715 6334 8385
 12486 6355 214 12508 22753 14569 4330 4340 265 266 24844 20750 12564
 10524 4381 2335 22816 22818 24875 309 6454 2358 10550 20796 10557 20804
 22857 24905 2380 12625 20823 14686 10592 12642 4456 12648 20853 10619
 22909 16767 4484 4498 16799 18851 10665 20905 25007 432 10673 10674 6588
 4544 14786 14791 12744 2514 18898 16855 8663 12761 8694 20989 2565 8711
 12809 21003 2573 2574 25104 18961 10773 6678 14871 21014 18971 12831
 25123 21038 16944 25138 10817 8775 16973 19022 21078 14945 14947 16996
 17002 2669 4719 21103 4720 23157 25206 19064 8824 14970 23165 23174 6793
 10889 21131 8843 8845 25231 8864 15009 4772 4774 21159 10922 688 6837
 6838 2759 8906 23246 13013 21211 4828 15072 23267 25316 8935 13040 17139
 13048 25337 23290 15102 4864 19202 2822 2827 781 785 15132 2845 13090
 19235 2855 19258 25402 23363 836 2884 21320 15180 25425 2907 19297 9059
 11108 2917 11110 873 21355 25456 4996 25479 21386 2954 7055 7056 7061
 21401 2978 15269 7084 953 13242 23487 964 15313 5073 21460 25559 21465
 13275 21472 17377 3045 7142 3052 7148 5102 7149 5105 13298 25594 17404
 13311 15363 11267 13320 25626 11302 9259 15405 23607 25658 19523 3142
 19532 3150 5205 11351 15447 25689 15450 9307 7257 17504 9317 15461 17511
 1131 11374 17523 11391 19585 25732 9353 23691 7307 9357 19597 17553 25758
 15522 19620 21676 3246 1201 19640 7356 5309 1214 19644 1216 3265 7362
 7363 7371 13520 17617 15574 5336 17634 7400 5369 23801 5370 11516 17663
 7424 15617 25857 19715 13583 23830 11543 13593 1307 11554 7464 17704 1323
 17713 23874 11592 25929 11595 17742 11600 21849 1370 23901 9567 15713
 13666 11627 1389 3443 1398 17788 9596 3457 17793 23942 7561 13706 19853
 11664 23953 17817 7578 3482 7582 3489 13737 7595 23985 7605 13753 11718
 21965 15831 15836 17892 3558 5616 22007 24056 24063 9728 13834 24078
 15887 5647 24084 19995 1565 15908 20008 20009 1581 13872 22066 7735 7745
 13889 17987 1605 20039 13896 7753 9813 22101 1622 3696 24176 1653 1655
 9848 20092 13949 22142 11905 20099 1670 7821 1688 3738 20124 7844 24232
 11947 20139 3759 11964 1730 22215 11977 16080 12000 16096 24297 3825
 14066 20211 9976 22276 12037 5895 1800 24332 18189 1810 18195 3875 3876
 24357 3880 20267 14125 22317 12080 5941 20281 24380 5949 12094 16191 3907
 24396 22351 22352 14159 12114 3923 3924 12118 18264 20316 18271 12130
 8042 14192 8052 20344 12162 16259 8069 3974 18318 22427 3997 8096 20421
 24519 1991 1992 10192 8145 8153 22490 10208 18401 18400 6122 14315 10221
 2031 11171 16549 10376 25514 6826 12491 23371 7086 7343 21584 3635 3668
 2328 7037]
[12486 20124 14791 9567 16855 25732 14394 15831 9813 12380 22490 13949
 15132 24519 22690 22101 20092 15102 20796 25594 21211 25425 19258 4155
 24332 953 7362 24396 1565 7084 17987 9317 21676 4544 12000 6838 21131
 20039 3924 23801 4456 20616 11391 8481 17504 25626 19703 23691 7424 18318
 3997 10557 21386 22681 8358 19507 13320 10221 4330 5949 23830 18401 1389
 22816 25337 1991 20380 8775 2759 15713 25479 5369 13646 10208 10394 17002
 10399 24658 4828 22417 964 23165 14059 23363 13275 3759 12642 15836 17523
 14376 1216 24723 22715 2954 3804 20267 6454 22909 7371 13040 4194 14947
 11440 25456 982 4185 20099 7753 21541 16399 11351 23174 22857 11660 4772
 6355 7464 1570 17139 12831 1688 24875 18961 17713 1214 309 1605 25104
 8845 10817 11964 13834 20211 11664 12334 19995 13311 10773 2514 8663 1653
 7056 7307 1307 24056 7561 15313 3052 3825 11110 5309 22007 22215 1017
 19297 5941 14686 12744 17788 9848 11671 19235 3457 22142 2669 25231 10665
 18851 12384 7745 14315 13583 13090 15522 17742 265 20133 14274 4996 59
 266 24678 15405 8197 22753 8385 13013 20905 785 19532 13242 25316 23874
 447 2978 13298 2573 25402 22276 3443 3265 20281 10255 21159 16799 836
 24845 13666 10922 8145 6678 781 6793 24232 2416 17164 18913 1604 13737
 17817 9976 10889 12118 24844 1730 4381 14569 13048 8864 10592 9639 2565
 16439 7363 1670 22066 25658 7142 22352 22351 22679 24176 19064 20750
 13889 10619 22180 22070 4498 14459 1131 23953 17793 11302 23356 19640
 9353 23246 7148 14372 9357 24297 14066 11947 3246 21010 19574 17704 7844
 16973 9259 2031 3876 24380 8935 1800 7595 21355 13753 21106 4256 1992
 1711 19597 21320 11554 10055 1201 9677 4139 21965 10141 20344 20823 2821
 9420 17162 4484 22693 25785 10674 14956 7061 21003 1370 32 23985 18203
 9361 5105 7870 3875 3482 23948 14450 16435 5895 17511 18271 21078 20139
 21014 3907 18189 12625 23529 21849 24084 15450 3150 6202 12564 8042 10524
 11718 24154 3880 10347 18971 9059 13718 5073 20008 19796 7735 22574 6588
 18028 8224 14502 239 13573 17617 16241 18264 18976 22849 20872 23941
 19585 12809 24440 23894 2078 17260 17211 8888 9307 8824 6181 2855 18042
 10397 20989 13951 4201 7783 4936 19202 2380 11595 12655 8583 5875 5926
 13725 25123 20583 4103 5983 14786 12114 16168 17975 10455 13896 2552 432
 3686 9832 14125 3974 12317 25199 2178 6468 7582 23435 22426 1332 25007
 20799 24063 7800 5205 8678 17242 643 17910 1655 10696 12867 19644 21576
 12360 1234 15072 6122 782 24880 15574 20419 11488 8493 19632 12162 12239
 23436 25362 20804 16259 11516 20266 21460 22317 19503 23259 20316 20658
 7483 15447 16696 17634 15109 8194 3935 11374 1497 16119 7305 11526 8205
 21560 9320 4102 8694 7586 21074 5211 5587 25172 11833 24070 25908 11675
 6307 11925 14087 5078 2664 16326 17655 11377 1237 24546 13929 15768 25227
 14448 13495 11402 12891 13074 9306 5814 20172 11573 22454 18850 3370]
[12486 20124 14791 9567 16855 14394 15831 9813 12380 22490 13949 24519
 22690 22101 20092 15102 20796 25594 21211 25425 19258 4155 24332 7362
 24396 1565 7084 17987 9317 21676 4544 12000 6838 21131 20039 3924 23801
 4456 20616 11391 8481 17504 25626 2335 19703 23691 7424 18318 3997 10557
 21386 22681 8358 19507 13320 10221 4330 5949 23830 18401 1389 22816 25337
 1991 20380 8775 2759 25479 13646 10208 10394 17002 10399 24658 22417
 23165 23363 23267 13275 2827 3759 12642 15836 17523 14376 1216 24723
 22715 2954 3804 20267 6454 22909 7371 13040 16080 4194 5616 14947 11440
 25456 15009 982 4185 20099 21541 16399 2907 15363 11351 23174 12648 13411
 22857 11660 4772 6250 6355 7464 1570 17139 12831 1688 24875 18961 17713
 1214 15887 14871 6837 25104 10817 11964 15461 20211 12334 13311 10773
 2514 8663 1653 10192 873 7056 7307 1307 16191 7561 15313 9728 12995 3052
 7578 3825 17553 3696 20536 5309 25060 22007 19715 22215 1017 19297 5941
 14686 17788 6217 9848 4864 11671 14970 2669 25231 13706 6334 10665 22427
 19523 6224 12384 18502 7745 14315 13583 13090 17742 265 20133 14274 266
 15405 22753 8385 13013 20905 785 19532 13242 25316 23874 5336 447 2978
 13298 18437 25402 3265 20281 10255 21159 16799 836 24845 13666 8145 19022
 781 6793 24232 5102 2416 17164 1604 13737 24078 20522 17817 9976 10889
 24844 1730 4381 21472 16495 14569 8069 13048 8864 10592 2565 7363 1670
 22066 25658 7142 24442 22351 22679 24176 19064 20750 13889 20565 10619
 4801 22070 4498 12130 14459 1131 9596 23953 17793 11302 23356 2574 19640
 7148 9357 18602 24297 11947 3246 21010 19574 17704 18568 7844 9259 2031
 11592 16944 24380 8935 8711 7595 21355 8153 21106 4256 1992 19597 21320
 11554 10055 1201 9677 4139 21965 10141 20344 21401 13520 3045 17162 4484
 11108 22693 10327 25785 10674 14956 7061 3923 4688 21003 1810 32 12452
 5105 7870 3482 23948 16435 5895 17511 20139 21014 18189 12625 23529 21849
 24084 15450 6202 8042 11718 24154 3880 10347 25758 9059 5073 20008 19796
 8101 7735 22574 10550 6588 18028 4719 2234 16437 3142 239 3558 3738 13573
 13593 1581 17663 17617 13987 17377 16241 18976 19585 5274 5258 15617 6287
 470 22615 8824 6181 15269 10015 10397 2216 16541 9814 19202 8583 16096
 527 1462 14945 19913 7423 25138 13725 25847 25206 23942 12094 16168 24905
 17975 17037 5118 16441 4067 3686 688 214 6970 13639 11732 6679 20853
 10787 21675 23435 5631 25007 24063 7801 6176 7850 5205 11905 14403 18195
 17242 4517 12761 19644 12360 1234 782 17807 8989 8281 21206 12759 8085
 7520 6151 18495 15082 12033 2241 10385 24998 16890 16078 10486 8992 17836
 25893 25776 25308 25283 25092 23828 22805 21544 21525 20402 20249 19045
 17954 17686 17365 17020 16734 16621 15803 15255 14404 13902 13546 13391
 12865 10739 10692 10201 9756 9386 8836 8791 7954 7320 6699 6661 6488 5777
 5031 4617 4088 3455 2797 2690 2484 1707 1176 81 16878]
[20124 14791 9567 16855 25732 14394 15831 13949 24519 20796 25594 25425
 24332 953 24396 1565 9317 21676 4544 6838 21131 3924 23801 4456 20616
 24651 17504 25626 23691 7424 18318 3997 10557 21386 22681 8358 13320
 10221 23830 22816 25337 20380 2759 15713 25479 10208 10394 17002 24658
 4828 22417 964 23165 14059 23363 23267 13275 3759 15836 17523 14376 22715
 2954 3804 6454 22909 7371 13040 4194 14947 25456 15009 982 4185 7753
 21541 2907 15363 23174 13411 11660 4772 6250 6355 12831 1688 24875 18961
 17713 309 1605 6837 25104 8845 10817 11964 13834 20211 11664 12334 13311
 10773 2514 1653 10192 873 7307 1307 16191 7561 15313 9728 12995 3052 3825
 25689 11110 17553 3696 20536 5309 25060 19715 1017 19297 5941 14686 17788
 6217 9848 4864 11671 19235 14970 3457 22142 2669 25231 13706 6334 10665
 22427 18851 19523 6224 12384 18502 7745 14315 13583 13090 15522 17742 265
 20133 14274 4996 7206 266 24678 15405 8197 22753 13013 20905 8906 19532
 13242 25316 23874 5336 447 2978 13298 2573 25402 22276 3443 3265 20281
 10255 16799 836 24845 13666 8145 6678 6793 24232 5102 2416 17164 18913
 1604 13737 4454 24078 20522 17817 10031 9976 10889 12118 24844 1730 4381
 21472 16495 8069 13048 8864 10592 9639 2565 4340 16439 7363 22066 25658
 7142 24442 22351 24176 20750 13889 20565 10619 4801 22180 22070 12130
 9596 23953 17793 11302 23356 9353 23246 7148 14372 9357 18602 24297 14066
 23157 21010 17704 18568 7844 16973 2031 11592 17892 16944 3876 24380 8935
 8711 1800 21355 21106 4256 1992 1711 19597 21320 10055 9677 4139 10141
 20344 21401 13520 9420 3045 17162 4484 11108 22693 10327 25785 10674
 14956 7061 3923 21003 1370 1810 7605 23985 9361 5105 7870 3875 3482 23948
 14450 13872 5895 17511 20139 18189 23529 15450 3150 12564 8042 10524
 11718 24154 2358 25758 9059 13718 5073 19796 13851 17278 8101 7735 22574
 10550 6588 14196 2234 14502 8853 3558 3738 13573 1581 4108 17617 13987
 18400 16241 1622 9450 10802 16335 18976 22849 12809 23894 6287 24357
 22615 14192 8824 12039 8285 18042 15269 20989 2216 6107 12694 4327 13951
 4201 20421 2380 12655 5875 17882 9801 15528 527 18436 1118 20458 8653
 19913 25847 9553 4103 1828 5983 25206 17975 5118 2552 9416 214 3974 25559
 2905 7850 21576 3490 2003 18959 25584 853 16830 3213 1169 11812 4756
 17785 7355 22841 16833 17286 5463 5585 7244 21017 26018 25926 25621 25396
 25145 25140 25049 25048 24968 24924 24907 24904 24865 24833 24620 24608
 24571 24567 24431 24371 24322 24236 24140 23993 23960 23937 23876 23796
 23789 23788 23762 23750 23684 23645 23638 23531 23521 22902 22433 21615
 21397 20838 20334 19697 19509 18102 17924 17877 17780 17611 17580 16937
 16747 16228 15146 14809 14538 13848 13347 13174 12306 11848 11676 11637
 11383 10753 10563 10024 9993 9876 9219 8530 8144 7809 6487 6267 5575 5067
 5030 4689 4446 4425 2654 2606 2080 1629 1110 960 757 523 24556 19495]
[4772 6250 6355 1570 17139 1688 24875 18961 17713 1214 15887 1605 14871
 8845 10817 11964 13834 15461 20211 19995 13311 2514 8663 1653 10192 873
 7307 1307 24056 7561 15313 9728 12995 3052 7578 3825 25689 11110 17553
 3696 5309 25060 19715 22215 1017 19297 14686 12744 11671 19235 14970
 22142 25231 13706 19523 12384 7745 14315 13583 13090 15522 265 20133
 14274 4996 59 8197 8385 13013 20905 8906 13242 25316 5336 447 13298 25402
 3443 3265 20281 10255 16799 836 24845 13666 8145 6678 781 6793 24232
 17164 18913 4454 20522 10889 24844 16495 14569 8069 10592 2565 4340 16439
 1670 22066 7142 24442 22679 19064 20565 10619 22180 22070 12130 14459
 1131 9596 11302 23356 2574 19640 14066 21010 19574 17704 9259 16944 8153
 21106 21320 10141 20344 2821 9420 3045 3923 4688 21003 1370 1810 7605 32
 23985 12452 9361 5105 3875 3482 23948 14450 13872 16435 5895 17511 21078
 19620 20139 21014 12625 23529 24084 3150 8042 10524 2358 18971 25758
 13718 11977 19796 17278 8101 22574 10550 6588 4719 2234 16437 3142 8853
 3558 13573 13593 4108 18400 16241 9450 22849 23941 19585 5274 5258 24440
 16996 11825 20081 23894 12141 17260 17211 8888 22615 15519 9307 8840
 14192 6181 2855 3359 8285 18042 15269 10015 21103 19059 20989 2216 16541
 7157 13951 4201 6288 20421 4936 19202 2380 15771 8583 16096 5875 17882
 9801 15583 14082 16614 15528 527 1462 18436 14945 3063 4888 10959 13725
 25123 7203 3489 1828 17203 25206 23942 4444 8012 24905 17975 17037 13896
 1398 8784 5118 18898 4568 16441 8287 432 3686 21465 9416 23901 17982
 19171 2064 12317 16398 13639 2178 76 11732 7582 20853 10787 8052 2905
 1332 23094 20799 2845 24063 5370 7800 7801 23597 6196 5205 2917 11905
 8678 18195 17242 643 17910 4517 2822 10696 5313 19644 16989 12360 15072
 7821 11488 19632 11426 23436 11814 25362 12080 7055 2884 13310 1056 16259
 11516 21028 6781 19853 21460 5578 7250 7249 944 17404 11022 13870 6341
 12529 23915 24475 13920 15712 9204 5163 1942 12840 8676 24886 11738 4765
 19770 2619 11281 21881 13218 18209 11525 22371 6193 12517 22976 23144
 23252 952 22336 15216 8038 8578 19542 16129 17661 15623 17200 12120 472
 15510 6498 16834 15873 18610 24704 9488 6619 15594 21051 21885 21335
 13489 18190 11049 19544 2809 3024 4981 24597 5168 5974 3481 12832 21068
 15707 7244 17264 13020 25646 23840 23052 22787 22570 22491 22217 22183
 21985 21536 21195 20981 20284 19982 19908 19903 19887 3520 3410 3405 3345
 3298 3236 3235 3234 3225 3200 3192 3027 2984 2969 2968 2966 2960 2892
 2886 2805 2797 2780 2775 2750 2707 2706 2695 2662 2601 2578 2507 2498
 2486 2393 2383 2376 2353 2350 2263 2106 2030 1953 1917 1904 1761 1679
 1657 1268 794 786 718 715 679 655 652 639 579 567 561 556 547 514 498 421
 337 320 216 133 125 105 100 73 50 24 5 24817 21517 17706 16180 15326 8817]
[8197 18437 4103 6152 10255 22544 16399 22555 2078 32 14372 6181 14376
 22569 20522 4139 22574 16435 16437 16439 20536 14394 59 4155 14403 18502
 12360 6217 24651 6224 24658 20565 22615 12380 4194 24678 18534 4201 10347
 16495 14459 2178 22659 18568 20616 6287 2191 24723 22679 22681 10394
 10397 6301 10399 4256 22690 12452 22693 14502 8358 2216 18602 22715 6334
 8385 12486 4305 22753 24805 16614 14569 4330 4340 265 266 24844 24845
 20750 4370 12564 10524 2335 22816 8481 2358 6454 20796 10557 22849 22857
 2380 12625 14675 20823 343 10586 14686 12642 4454 4456 20853 10619 22909
 4484 4498 16799 18851 10665 20905 10673 10674 14774 447 4544 14791 12744
 2514 16855 4568 18913 25060 6628 2565 21003 2573 2574 527 6678 21014
 18971 10787 16944 25138 10817 8775 19018 16973 19022 4688 21078 16989
 14947 17002 14956 2669 4719 21106 23157 19064 8824 14970 23165 23174 8840
 6793 21131 25231 8864 15009 4772 21159 10922 6838 4801 12995 2759 8906
 23246 13013 21211 4828 23267 8935 13040 17139 13048 25337 15102 4864 2821
 2822 17162 2827 17164 782 785 15132 25376 13090 19235 2855 17203 25402
 17211 23356 19258 23363 836 2884 21320 25425 2905 2907 19297 11110 873
 21355 25456 4996 21386 23435 23436 2954 7055 7056 21401 2978 7084 953
 13242 964 23495 15313 5073 982 13275 988 23529 3052 7148 5102 5105 13298
 25594 13311 15363 13320 25626 9252 21541 7206 11302 9259 15405 19507
 25658 19523 19532 5205 11351 25689 15450 7257 17504 13411 15461 9317
 17523 19574 11391 19585 25732 9353 23691 19597 17553 9361 15522 11436
 21676 3246 19632 1201 11440 19640 25785 19644 5309 1216 3265 7362 7363
 7371 9420 5336 3299 9450 19703 23801 5370 7424 15617 19715 13583 11539
 23830 13593 1307 11554 7464 17704 17713 1332 23874 11592 11595 17742
 13646 23894 1370 9567 15713 11627 1389 25969 9596 3457 17793 23942 7561
 13706 23948 23953 17817 3482 9639 13737 7595 1462 13753 11718 19913 21965
 15831 15836 17892 11748 5616 22007 24056 22011 22012 22014 24063 9728
 13834 24078 24084 22038 22039 24093 1565 1570 15908 22066 22070 7745
 13889 17987 1604 22085 22084 20039 22090 9813 22102 24154 22109 22113
 3696 24176 20081 1653 1655 9848 18042 22140 13949 22142 20092 20099 1670
 22163 20124 7844 20133 24232 11947 20139 22187 1711 3759 22198 22200
 11964 7870 1730 22214 22215 16080 22229 3804 12000 22240 24297 14059 3825
 9976 22276 5895 1800 24332 1810 22292 22298 18203 22299 10015 22304 3876
 16168 22315 22316 14125 20267 10031 22320 22319 5941 22326 22328 20281
 24380 5949 12094 22340 8012 24396 22352 3923 3924 12118 12130 12141 22382
 14192 16241 3954 8052 20344 24440 24442 8069 18318 22417 22422 22427
 20380 10141 3997 22438 22454 22457 20421 1991 16328 10192 8145 22490
 22491 10208 18401 4067 22503 22505 20458 14315 6122 10221 2031 22517
 22525 19648 2692 676 16347 23624 16043 18924 3276 19054 3087 17055 16433
 7093 23989 15352 1435 4317 15455]
[15132 24519 22690 22101 20092 15102 20796 25594 21211 25425 19258 24332
 7362 24396 1565 7084 17987 21676 4544 12000 6838 21131 20039 3924 23801
 4456 20616 11391 8481 17504 25626 2335 19703 23691 7424 3997 21386 22681
 8358 19507 13320 10221 5949 18401 1389 22816 25337 1991 20380 8775 2759
 15713 10208 17002 10399 24658 22417 14059 23363 2827 15836 17523 14376
 24723 2954 3804 20267 6454 22909 7371 13040 16080 4194 25456 15009 982
 20099 21541 2907 15363 11351 23174 12648 13411 22857 11660 4772 6250 6355
 7464 1570 17139 12831 1688 24875 18961 17713 1214 15887 309 1605 14871
 6837 25104 8845 11964 13834 15461 20211 19995 13311 10773 2514 8663 1653
 10192 873 7056 7307 1307 15313 9728 12995 3052 7578 3825 25689 11110
 17553 3696 5309 25060 19715 22215 1017 19297 5941 14686 12744 6217 9848
 4864 11671 19235 14970 3457 22142 2669 25231 6334 10665 19523 6224 12384
 14315 13583 13090 15522 14274 4996 7206 266 24678 15405 8197 20905 8906
 785 19532 13242 25316 23874 447 13298 2573 25402 20281 10255 21159 836
 10922 8145 781 5102 18913 1604 11627 17817 9976 10889 4381 14569 8069
 13048 10592 9639 2565 7363 1670 7142 24442 22351 24176 19064 20750 13889
 4801 9596 23953 17793 11302 23356 9353 23246 7148 18602 24297 14066 23157
 11947 3246 17704 18568 2031 11592 17892 3876 1800 7595 21355 13753 8153
 21106 4256 1992 1711 19597 10055 1201 4139 21965 10141 13520 2821 9420
 4484 11108 25785 14956 7061 3923 4688 32 12452 18203 7870 3482 23948
 14450 16435 5895 17511 21078 19620 18189 12625 23529 21849 15450 6202
 10524 11543 24154 2358 3880 10347 25758 13718 19796 13851 8101 22574
 10550 14196 4719 2234 8224 3142 14502 8853 3558 3738 13593 4108 16241
 1622 10802 22849 23941 19018 5274 24440 16996 20081 23894 15617 12141
 2078 24357 470 8888 22615 8840 14192 8824 3359 8285 10015 16541 4327 7157
 13951 4201 6288 9814 20421 19202 11595 5875 15583 16614 15528 527 1462
 3063 7257 10959 25138 13725 25123 20583 25847 17984 4103 5983 25206 23942
 12094 17037 10455 13896 8784 18898 11862 4568 16441 8287 4067 21465 9416
 214 14125 537 7859 3974 12317 16398 13639 2178 11732 6679 20853 8052
 23435 25559 22426 5631 23094 2845 23607 6196 11905 643 4517 10696 19644
 21576 1234 4720 782 7932 24880 20419 11488 5700 8493 19632 7400 11814
 25362 12080 18534 20804 343 2884 25376 13310 11516 19853 5578 6152 6496
 13635 5647 23259 20316 944 20658 15447 2478 17932 8194 11022 11374 11112
 2547 11526 8205 21332 15180 4835 7586 13446 22042 657 22523 8781 6085
 9794 23530 23014 2836 24600 3352 19172 2704 3194 24172 17767 24062 20963
 18982 18767 25661 25497 24635 23496 23495 23476 23455 23387 23373 23369
 23297 23226 23201 23172 23125 22987 22941 22935 22812 22799 22673 22656
 22625 22612 22598 22577 22561 22558 22517 22516 22503 22495 22422 22401
 22398 22378 22370 22330 22302 22269 22258 22208 22199 22161 18458 17625
 25803]
[12486 14791 25732 14394 15831 9813 12380 22490 13949 24519 22690 22101
 15102 20796 25594 21211 19258 24332 7362 24396 7084 17987 9317 21676 4544
 12000 6838 20039 3924 23801 4456 20616 24651 11391 17504 25626 2335 19703
 23691 7424 3997 10557 22681 19507 13320 10221 4330 5949 18401 1389 22816
 25337 1991 20380 8775 2759 15713 25479 5369 13646 10208 10394 10399 24658
 4828 22417 964 23165 14059 23363 23267 13275 2827 3759 12642 15836 17523
 1216 24723 22715 2954 3804 20267 6454 22909 7371 13040 16080 4194 5616
 14947 25456 15009 4185 20099 7753 21541 16399 2907 15363 11351 23174
 12648 13411 22857 11660 4772 6250 6355 7464 1570 17139 12831 1688 24875
 18961 17713 1214 15887 309 1605 14871 6837 8845 10817 11964 13834 15461
 20211 11664 12334 19995 13311 10773 2514 8663 1653 10192 873 7307 1307
 16191 24056 7561 15313 9728 3052 7578 3825 25689 11110 17553 3696 5309
 25060 22007 19715 1017 19297 5941 12744 17788 6217 9848 4864 14970 22142
 2669 25231 13706 6334 10665 22427 18851 19523 12384 18502 7745 13583
 15522 17742 265 20133 14274 59 7206 266 24678 8197 22753 8385 13013 20905
 8906 785 19532 13242 25316 23874 5336 447 2978 13298 2573 18437 25402
 22276 3265 10255 21159 16799 836 24845 13666 10922 8145 6678 19022 781
 6793 24232 5102 2416 17164 18913 4454 24078 20522 17817 10031 9976 10889
 12118 24844 1730 4381 21472 16495 14569 8069 13048 10592 9639 4340 16439
 7363 1670 22066 25658 7142 22352 22351 24176 19064 20750 20565 4801 22070
 4498 12130 1131 17793 11302 9353 23246 7148 14372 9357 24297 14066 23157
 11947 3246 21010 19574 17704 18568 7844 16973 9259 2031 11592 17892 3876
 24380 8935 7595 13753 8153 4256 1992 1711 21320 11554 9677 4139 21965
 10141 20823 21401 13520 2821 9420 3045 17162 11108 22693 10673 10327
 14956 7061 3923 21003 1370 7605 23985 9361 5105 7870 3875 3482 23948
 16435 5895 17511 21078 19620 20139 3907 12625 21849 24084 15450 3150 8042
 11543 3880 18971 13718 11977 19796 17278 8101 10550 6588 18028 16437 8224
 3142 14502 239 8853 3558 3738 1581 17663 13987 18400 21807 9450 10802
 16335 18976 22849 23941 19018 5258 24440 16996 20081 23894 15617 12141
 4370 17260 24357 22615 9307 14501 8840 8824 12039 6181 19059 10397 2216
 13951 4201 7783 9814 20421 19202 11595 15771 8583 16096 9801 15583 14082
 1462 18436 1118 14945 8653 4888 7257 25138 13725 25123 17984 7203 3489
 4103 5983 17203 25206 23942 4444 8012 24905 17037 10455 1398 5118 11862
 4067 432 14125 6970 23901 17982 3974 16398 13639 7356 76 6468 6679 20853
 8052 21675 7800 22818 21576 3935 402 10186 4310 15174 14684 10887 10209
 21932 5813 2473 20995 15083 17820 16421 25744 11118 9082 10710 23060
 19296 16898 18302 2444 7494 12660 25736 25443 25176 25132 24637 24616
 24127 24111 23609 22934 22711 22508 22311 22286 22266 21678 20265 17611
 17415 17017 15011 14049 13766 13619 13617 12154 12075 6844 6661 7574]
[3489 2552 432 14125 2178 6468 6679 20853 9404 2845 1306 10696 12360 7821
 6122 24518 15574 20419 12239 876 2884 21028 6627 21460 7249 23061 17404
 13870 11374 6341 11112 9320 15180 12941 21038 21074 25528 5587 25961
 24710 24070 2524 25908 8781 9242 23278 12428 5435 1643 2751 16470 16466
 16408 16356 16314 16293 16288 16255 16243 16195 16164 16088 16059 16049
 16012 16003 15975 15956 15948 15930 15884 15862 15854 15814 15782 15780
 15741 15732 15717 15685 15655 15569 15556 15539 15508 15471 15441 15439
 15437 15365 15354 15346 15284 15259 15188 15177 15169 15124 15062 15058
 15057 14948 14931 14929 14893 14869 14829 14808 14752 14658 14638 14632
 14460 14353 14223 14151 14013 13862 13730 13618 13545 13507 13502 13440
 13390 13354 13236 13199 13169 13126 13107 12798 12248 12104 12075 11969
 11691 11589 11586 11388 11384 11368 11359 11358 11209 11191 11157 10972
 10870 10840 10814 10812 10808 10771 10769 10757 10750 10720 10708 10616
 10610 10609 10573 10536 10496 10493 10491 10477 10471 10449 10437 10436
 10355 10352 10346 10339 10304 10294 10287 10272 10265 10259 10253 10163
 7965 7401 6900 6467 5972 5597 4831 4788 4787 4770 4769 4768 4762 4758
 4753 4752 4735 4725 4714 4713 4671 4665 4663 4659 4654 4646 4645 4644
 4640 4639 4628 4608 4602 4599 4598 4593 4583 4541 4539 4531 4528 4510
 4502 4493 4491 4479 4478 4447 4426 4415 4412 4400 4394 4393 4373 4368
 4341 4337 4326 4309 4290 4283 4281 4280 4277 4263 4262 4259 4239 4238
 4236 4207 4202 4195 4190 4187 4151 4147 4145 4143 4136 4124 4122 4121
 4119 4116 4107 4098 4095 4091 4088 4086 4083 4082 4080 4054 4043 4037
 4035 4033 4027 4020 4015 4007 4002 4001 3989 3982 3966 3964 3962 3950
 3946 3925 3901 3895 3891 3890 3886 3877 3862 3843 3835 3811 3791 3780
 3778 3768 3767 3766 3764 3752 3737 3729 3727 3722 3717 3716 3699 3698
 3689 3685 3679 3677 3671 3670 3664 3642 3628 3625 3622 3618 3612 3603
 3577 3574 3543 3526 3523 3518 3515 3508 3503 3501 3499 3492 3491 3484
 3450 3442 3430 3428 3401 3398 3394 3388 3386 3370 3369 3332 3321 3319
 3318 3315 3308 3300 3284 3280 3278 3277 3256 2994 2780 2600 2575 2568
 2535 2534 2533 2527 2519 2505 2472 2463 2459 2412 2400 2398 2393 2370
 2348 2243 2224 2220 2214 2203 2180 2126 2075 2039 1988 1981 1976 1975
 1947 1944 1930 1928 1925 1924 1923 1921 1904 1889 1882 1879 1852 1849
 1830 1769 1759 1752 1745 1725 1713 1684 1635 1626 1618 1597 1583 1568
 1567 1533 1501 1471 1454 1402 1387 1378 1373 1357 1336 1335 1334 1330
 1315 1311 1295 1290 1269 1256 1242 1219 1204 1198 1162 1123 1117 1101
 1097 1074 1045 1022 1018 1000 972 970 966 963 946 887 879 858 854 850 843
 837 835 819 807 800 787 766 759 747 726 699 694 681 668 664 656 648 612
 16840]
[12486 20124 14791 9567 25732 14394 15831 9813 12380 22490 13949 15132
 24519 22690 20092 15102 20796 25594 21211 25425 19258 4155 24332 953 7362
 24396 1565 7084 17987 9317 21676 4544 20039 3924 23801 4456 20616 24651
 11391 8481 25626 19703 23691 7424 18318 3997 10557 21386 22681 8358 19507
 13320 10221 4330 23830 18401 1389 22816 1991 20380 8775 2759 15713 25479
 5369 13646 10208 10394 10399 24658 4828 22417 964 23165 14059 23363 23267
 13275 2827 3759 12642 15836 17523 1216 24723 22715 3804 20267 6454 22909
 7371 13040 16080 4194 5616 14947 11440 25456 15009 982 4185 20099 7753
 21541 16399 2907 15363 11351 23174 12648 13411 22857 11660 4772 6250 6355
 7464 1570 17139 12831 1688 24875 18961 17713 1214 15887 309 1605 14871
 6837 25104 8845 10817 11964 13834 15461 20211 11664 12334 13311 10773
 2514 8663 1653 10192 873 7056 7307 1307 16191 24056 7561 15313 9728 12995
 3052 7578 3825 25689 11110 3696 5309 25060 22007 19715 22215 1017 19297
 5941 14686 12744 17788 9848 4864 11671 19235 14970 22142 2669 25231 13706
 6334 10665 18851 19523 6224 12384 18502 7745 13583 13090 15522 17742
 20133 4996 7206 24678 22753 8385 13013 20905 8906 785 13242 25316 23874
 447 13298 18437 25402 22276 3443 3265 20281 10255 21159 16799 836 24845
 13666 8145 19022 6793 24232 5102 18913 13737 4454 24078 11627 17817 10031
 9976 10889 12118 24844 1730 4381 16495 14569 8069 13048 8864 9639 2565
 4340 16439 7363 1670 25658 7142 24442 22351 24176 19064 20750 13889 20565
 10619 22180 22070 4498 12130 14459 1131 9596 23953 17793 11302 23356 2574
 19640 9353 23246 7148 14372 9357 24297 14066 23157 11947 3246 21010 19574
 17704 18568 9259 2031 11592 17892 3876 24380 8935 1800 7595 21355 13753
 8153 4256 1992 1711 19597 21320 11554 10055 1201 9677 4139 21965 20344
 21401 13520 2821 9420 3045 4484 11108 22693 10673 10327 25785 10674 14956
 7061 3923 4688 21003 1370 1810 7605 32 23985 12452 18203 9361 5105 7870
 3875 14450 13872 16435 5895 18271 21078 20139 21014 3907 12625 23529
 21849 24084 15450 3150 6202 12564 8042 10524 11718 11543 24154 2358 3880
 10347 25758 13718 20008 11977 13851 7735 10550 14196 8224 239 13573 1581
 17663 4108 13987 18400 21807 16241 9450 18264 16335 18976 23941 19585
 12809 5274 5258 24440 16996 20081 23894 12141 6287 2078 17211 24357 8888
 9307 8840 14192 3359 8285 20989 7157 20421 19202 2380 15771 16096 15583
 16614 15908 527 20458 7423 25138 25123 20583 17984 17203 9252 4774 12094
 12114 16168 17037 5118 8287 4067 3686 688 21465 214 14125 537 17982 19171
 23487 3974 12317 16398 13639 2178 6468 11732 10787 21675 23435 5631 2905
 1332 23607 7676 7800 7801 23597 10836 6176 8678 17242 17910 12761 16989
 12360 15072 782 17784 10962 11104 3700 17669 23207 9811 21783 13748 15053
 25637 25408 23251 20900 18562 18068 16015 15283 13591 9536 9428 7960 7781
 7697 6432 6007 5763 3590 2172 1987 8276]
[12486 20124 14791 9567 16855 25732 14394 15831 9813 12380 22490 13949
 15132 24519 22690 22101 20092 15102 20796 25594 21211 25425 19258 4155
 24332 953 7362 24396 1565 7084 17987 9317 21676 4544 12000 6838 21131
 20039 3924 23801 4456 20616 24651 11391 8481 17504 25626 2335 23691 7424
 18318 3997 10557 21386 22681 8358 13320 10221 4330 5949 23830 18401 1389
 22816 25337 1991 20380 8775 2759 15713 25479 5369 13646 10208 10394 17002
 10399 24658 4828 22417 964 23165 14059 23363 23267 13275 2827 3759 12642
 15836 17523 14376 1216 24723 22715 2954 3804 20267 6454 22909 7371 13040
 16080 4194 5616 14947 11440 25456 15009 982 4185 20099 7753 21541 16399
 2907 11351 13411 22857 11660 4772 6250 6355 7464 1570 17139 12831 1688
 24875 18961 17713 15887 309 1605 6837 25104 10817 11964 13834 15461 20211
 19995 13311 10773 2514 8663 1653 10192 873 7056 7307 1307 16191 24056
 15313 9728 12995 3052 7578 3825 25689 11110 17553 3696 20536 5309 25060
 22007 19715 22215 1017 19297 5941 12744 17788 4864 11671 19235 14970
 22142 2669 13706 6334 10665 22427 18851 19523 6224 18502 7745 14315 13583
 13090 15522 17742 265 20133 14274 4996 59 266 24678 8197 22753 8385 13013
 20905 8906 785 19532 13242 25316 23874 5336 447 2978 13298 2573 25402
 22276 3443 3265 20281 10255 21159 16799 836 24845 13666 10922 8145 6678
 781 6793 24232 5102 2416 17164 18913 1604 13737 4454 24078 20522 11627
 17817 10031 9976 10889 12118 24844 1730 4381 21472 16495 14569 8069 13048
 8864 10592 9639 2565 4340 16439 1670 22066 25658 7142 24442 22352 22351
 22679 24176 19064 20750 13889 20565 10619 22180 22070 12130 14459 1131
 9596 11302 23356 2574 19640 9353 23246 7148 14372 14066 11947 3246 19574
 17704 18568 7844 9259 2031 11592 17892 16944 3876 24380 8935 8711 1800
 7595 8153 21106 4256 1992 1711 19597 21320 11554 10055 9677 21965 10141
 20344 21401 13520 2821 3045 17162 4484 11108 22693 10673 10327 25785
 10674 14956 1370 1810 7605 32 23985 12452 18203 9361 5105 3875 3482 23948
 16435 5895 17511 18271 21078 20139 21014 3907 18189 23529 21849 24084
 15450 6202 12564 10524 11718 2358 3880 13718 17278 10550 14196 16437 8224
 3142 8853 13593 1581 18976 22849 23941 19585 12809 16996 20081 23894
 17260 24357 8888 15519 9307 8824 2855 3359 10015 12037 2216 16541 12694
 7157 20421 4936 19202 2380 16096 16614 14945 5926 25138 25123 25847 17203
 23942 4444 11862 2552 4568 16441 8287 4067 21465 214 6970 537 19171 7859
 3974 12317 13639 25929 2178 6468 7582 10787 8052 21675 23435 22426 5631
 2905 25007 2845 24063 7800 1306 11833 3708 5607 12998 14989 18347 16342
 10103 19282 3028 24938 24408 24324 22717 21638 21615 21543 21143 20724
 20677 20626 19947 19376 18849 18409 17206 14839 14790 14746 14253 14176
 14108 13982 13494 12437 11615 10738 10176 9880 9458 9352 9110 8127 8004
 7922 6336 6008 5785 4791 3613 3439 2558 1962 1861 1615 22244]
[12486 20124 14791 9567 16855 25732 14394 9813 12380 22490 13949 15132
 22690 22101 20092 15102 20796 21211 25425 19258 4155 24332 953 7362 24396
 1565 17987 9317 4544 12000 6838 21131 20039 3924 23801 4456 20616 24651
 8481 25626 2335 23691 7424 18318 3997 10557 21386 22681 19507 13320 10221
 4330 5949 1389 22816 25337 1991 20380 8775 2759 15713 25479 5369 13646
 10208 10394 17002 24658 22417 23165 14059 23363 23267 13275 2827 12642
 15836 17523 14376 1216 24723 22715 2954 3804 20267 6454 13040 16080 4194
 5616 14947 11440 25456 982 4185 20099 7753 21541 16399 2907 15363 11351
 23174 13411 11660 4772 6250 6355 17139 12831 1688 24875 17713 1214 15887
 309 1605 14871 6837 25104 8845 10817 11964 13834 15461 20211 11664 12334
 13311 2514 1653 10192 7056 7307 16191 7561 15313 9728 12995 3052 7578
 3825 25689 11110 17553 3696 20536 5309 25060 22007 22215 1017 19297 14686
 17788 6217 4864 11671 14970 3457 22142 25231 13706 6334 10665 22427 18851
 19523 18502 7745 14315 13583 15522 17742 265 20133 14274 4996 59 7206
 24678 15405 8197 13013 20905 8906 19532 13242 25316 23874 5336 447 2978
 13298 2573 18437 25402 22276 3443 20281 10255 21159 24845 13666 8145 6678
 19022 781 6793 24232 2416 18913 13737 24078 20522 11627 17817 10031 9976
 10889 12118 24844 21472 16495 14569 13048 8864 10592 4340 16439 1670
 22066 25658 7142 22679 19064 20565 10619 22180 22070 12130 14459 23953
 17793 11302 23356 2574 19640 9353 23246 14372 9357 18602 14066 23157 3246
 21010 17704 7844 16973 9259 17892 16944 3876 24380 8935 8711 1800 7595
 21355 13753 4256 1992 1711 19597 21320 11554 10055 1201 4139 10141 20823
 21401 9420 17162 11108 22693 10327 10674 14956 3923 4688 1370 1810 32
 23985 12452 5105 3875 3482 14450 13872 16435 5895 17511 18271 19620 20139
 21014 18189 12625 23529 24084 15450 3150 6202 8042 10524 24154 2358 3880
 25758 5073 11977 13851 8101 7735 22574 6588 4719 14502 239 8853 3558
 13573 4108 16241 1622 9450 10802 16335 22849 12809 24440 16996 23894 4370
 17260 8888 22615 9307 2855 10015 21103 20989 12037 2216 6107 7157 9814
 20421 4936 19202 2380 12655 8583 5875 17882 16614 15528 1118 19913 7257
 25138 13725 17984 7203 3489 9553 5983 9252 4774 4444 12094 24905 17975
 10455 13896 5118 18898 8843 11862 2552 16441 8287 4067 688 214 14125 537
 17982 23487 7859 16398 25199 6468 7582 6679 10787 21675 23435 25559 2905
 25007 24063 5370 7800 1306 6196 6176 5205 11905 8678 14403 4517 1655
 10696 12867 22818 12761 19644 21576 12360 15072 782 15574 17034 11488
 23436 18534 343 7055 2884 13310 1056 16259 21028 20301 6781 5578 5647
 20316 7198 159 23061 1969 7483 14337 23437 11267 15447 1323 15109 11877
 14079 5800 15054 6736 13515 7786 711 11990 3325 11889 9517 20290 7069
 6005 7727 12084 23111 9506 25825 3954 18760 17442 18732 21997 20674 15318
 15222 14432 13097 12783 12661 10785 5544 5067 3169 21122]
[20124 14791 25732 14394 22490 13949 24519 22101 20796 21211 25425 19258
 24332 953 7362 24396 1565 7084 17987 9317 21676 4544 12000 6838 20039
 3924 4456 20616 24651 11391 8481 2335 7424 18318 3997 10557 21386 22681
 19507 13320 10221 4330 5949 22816 25337 1991 8775 2759 15713 25479 5369
 13646 10394 10399 24658 4828 22417 964 23165 14059 23363 23267 13275 3759
 12642 15836 17523 14376 24723 22715 3804 20267 6454 22909 7371 13040
 16080 4194 5616 14947 11440 25456 15009 982 20099 21541 16399 2907 15363
 11351 23174 12648 13411 11660 4772 6355 7464 1570 17139 12831 18961 17713
 15887 309 14871 6837 25104 8845 10817 13834 15461 20211 11664 12334 19995
 10773 2514 8663 1653 10192 873 7307 1307 16191 24056 7561 15313 12995
 3052 7578 3825 25689 11110 17553 3696 20536 5309 25060 22007 19715 22215
 1017 19297 5941 14686 12744 17788 6217 4864 11671 14970 3457 22142 25231
 13706 6334 10665 22427 18851 19523 12384 18502 14315 13583 15522 265
 20133 14274 4996 59 7206 24678 8197 22753 20905 8906 785 19532 13242
 25316 23874 5336 447 2978 2573 18437 25402 22276 3443 3265 10255 836
 10922 6678 781 6793 2416 17164 24078 17817 9976 24844 1730 4381 16495
 8069 13048 9639 2565 7363 25658 7142 24442 22352 22679 24176 20750 22180
 1131 9596 9353 14066 17704 16973 11592 24380 1800 21106 4256 1992 1711
 10141 20344 13520 9420 22693 25785 3923 4688 7605 32 23985 12452 9361
 13872 17511 18271 19620 3907 3150 11718 11543 24154 2358 10347 25758 9059
 13718 8224 3142 239 1581 13987 16241 9450 16335 19585 5258 16996 20081
 2078 17211 8888 22615 9307 8824 2855 8285 12037 2216 4201 6288 19202
 11595 9801 15908 527 18436 1118 14945 4888 25138 20583 25847 1828 12094
 12114 17975 17037 10455 13896 1398 8784 11862 2552 4568 16441 21465 214
 14125 537 23487 2064 13639 2178 7356 7582 10787 8052 20799 7801 10836
 6176 2917 11905 1234 15574 20419 11488 8493 19632 12239 11814 18534 20804
 2884 20301 6627 6781 21460 6496 10043 19503 5647 23259 7249 18472 3083
 23061 6712 15955 11566 2667 20495 19625 24027 20551 19265 19228 18810
 17748 16396 15778 15093 13604 12388 11975 11968 11966 11958 11919 11899
 11888 11881 11864 11855 11854 11846 11803 11757 11719 11676 11672 11663
 11651 11639 11632 11629 11618 11610 11604 11523 11430 11412 11384 11382
 11354 11341 11334 11331 11320 11312 11310 11283 11271 11263 11232 11186
 11172 11171 11170 11157 11150 11128 11092 11041 11016 10992 10944 10942
 10939 10938 10852 10850 10810 10775 10729 10657 10625 10587 10574 10529
 10522 10471 10459 10444 10359 10012 9754 9746 9724 9703 9688 9678 9653
 9600 9565 9555 9503 9492 9431 9428 9381 9377 9354 9334 9330 9316 9301
 9287 9271 9248 9233 9224 9153 9147 9139 9094 9071 9062 9061 9034 9027
 8976 8975 8958 8897 8870 8844 8832 8813 8803 8797 8786 8771 8748 8717
 8670 8664 8655 8642 8611 8554 8524 8514 8501 8462 8455 8446 25880]
[12486 20124 14791 9567 25732 14394 15831 9813 12380 22490 13949 15132
 24519 22690 22101 20092 15102 20796 25594 21211 25425 19258 4155 24332
 953 7362 24396 1565 7084 17987 9317 21676 4544 12000 6838 21131 20039
 3924 23801 4456 20616 24651 11391 8481 17504 25626 2335 19703 23691 7424
 18318 10557 21386 22681 8358 19507 13320 10221 4330 18401 1389 25337 1991
 20380 8775 2759 15713 25479 5369 10208 10394 17002 10399 24658 4828 22417
 964 23165 14059 23363 23267 13275 2827 3759 12642 17523 14376 1216 24723
 22715 2954 3804 20267 6454 22909 7371 13040 16080 4194 14947 11440 25456
 15009 982 4185 20099 7753 21541 16399 2907 15363 11351 23174 12648 13411
 22857 11660 4772 6250 6355 7464 1570 17139 1688 24875 18961 17713 1214
 15887 309 1605 14871 6837 25104 8845 10817 11964 13834 15461 20211 12334
 19995 13311 10773 2514 8663 1653 10192 873 7056 7307 1307 16191 24056
 7561 15313 9728 12995 3052 7578 3825 25689 11110 17553 3696 20536 5309
 25060 22007 19715 22215 1017 19297 5941 14686 12744 17788 6217 9848 4864
 11671 19235 14970 3457 22142 2669 25231 13706 6334 10665 22427 18851
 19523 6224 12384 7745 14315 13583 13090 15522 17742 265 20133 14274 4996
 59 7206 266 24678 15405 8197 22753 8385 13013 20905 8906 785 19532 13242
 25316 23874 5336 447 2978 13298 2573 18437 25402 22276 3443 3265 20281
 10255 21159 16799 836 13666 10922 8145 6678 19022 781 6793 5102 17164
 18913 1604 4454 20522 17817 10031 9976 10889 12118 24844 1730 4381 21472
 16495 14569 9639 2565 4340 16439 7363 22066 25658 24442 22352 22351 20750
 13889 20565 10619 22070 14459 1131 9596 23953 17793 11302 23356 2574
 19640 9353 7148 9357 18602 24297 3246 21010 17704 18568 7844 16973 2031
 11592 17892 3876 24380 8935 8711 1800 21355 13753 21106 1711 11554 10055
 1201 9677 4139 21965 10141 20344 20823 21401 13520 2821 3045 17162 4484
 11108 22693 10327 25785 10674 14956 7061 4688 21003 1370 1810 12452 18203
 7870 3875 23948 13872 16435 5895 18271 20139 21014 3907 18189 12625 23529
 21849 15450 3150 6202 12564 8042 10524 11718 24154 2358 3880 10347 9059
 13718 20008 11977 19796 13851 17278 8101 7735 22574 10550 14196 4719 2234
 16437 3142 14502 8853 3558 3738 13593 1581 17617 13987 18400 17377 21807
 16241 18264 16335 22849 23941 19018 12809 5274 16996 11825 23894 12141
 6287 4370 2078 17260 17211 470 8888 15519 14501 8840 8824 12039 18042
 15269 10015 19059 10397 20989 12037 2216 16541 4327 4201 6288 20421 4936
 11595 15771 16096 17882 15583 15908 1118 14945 3063 19913 7257 25123 3489
 4103 1828 5983 9252 4444 16168 8012 17975 10455 13896 1398 8784 5118
 18898 8843 2552 8287 4067 432 688 9832 6970 23901 17982 19171 7859 3974
 12317 16398 13639 6468 11732 8052 25559 22426 5631 9404 2905 1332 7801
 23597 10836 23253 2917 11905 18195 643 4517 1655 10696 12867 19644 16989
 12360 16003 10917 6191 5600 5414 5202 5192 25796]
[12486 20124 14791 9567 25732 15831 9813 12380 22490 13949 15132 24519
 25594 21211 25425 19258 4155 953 7362 24396 1565 7084 17987 9317 21676
 4544 12000 6838 21131 20039 3924 23801 4456 20616 24651 8481 17504 25626
 2335 19703 7424 18318 3997 22681 8358 19507 13320 10221 18401 1389 22816
 25337 1991 20380 8775 2759 15713 25479 13646 10399 24658 22417 964 23165
 14059 23267 13275 3759 15836 17523 14376 1216 22715 2954 3804 13040 4194
 5616 25456 15009 4185 21541 2907 15363 11351 23174 12648 22857 11660 4772
 6250 6355 7464 1570 17139 12831 1688 24875 309 14871 6837 25104 10817
 13834 15461 20211 11664 12334 19995 13311 2514 8663 1653 10192 873 1307
 16191 24056 12995 3052 7578 25689 11110 17553 3696 20536 5309 25060 19715
 22215 1017 19297 5941 14686 12744 17788 6217 9848 4864 11671 19235 3457
 22142 25231 6334 10665 18851 6224 12384 18502 7745 14315 13583 13090
 17742 265 14274 4996 59 266 24678 8197 22753 13013 20905 8906 19532 13242
 25316 23874 447 13298 3443 20281 10255 16799 836 24845 13666 781 6793
 2416 17164 18913 1604 13737 4454 24078 20522 11627 10889 12118 24844
 21472 16495 14569 8069 13048 8864 10592 9639 4340 16439 7363 22066 25658
 7142 24442 22352 22351 22679 24176 19064 20750 20565 10619 4801 22180
 22070 12130 14459 1131 9596 11302 23356 2574 9353 23246 7148 14372 9357
 18602 24297 23157 11947 3246 21010 19574 17704 18568 7844 16973 9259 2031
 11592 17892 16944 3876 8935 8711 1800 7595 21355 8153 21106 4256 1992
 1711 19597 21320 10055 9677 4139 20344 20823 21401 13520 2821 9420 3045
 17162 4484 22693 10327 25785 10674 14956 7061 3923 4688 1370 1810 7605
 18203 9361 3482 14450 20139 3907 18189 12625 23529 21849 24084 3150 11718
 24154 10347 18971 11977 19796 10550 14196 18028 2234 16437 8853 3558
 13573 1581 17377 21807 16241 9450 23941 19585 12809 5274 24440 20081
 23894 15617 12141 4370 2078 17260 24357 470 22615 9307 14501 8840 14192
 6181 8285 18042 10015 10397 12037 2216 16541 7157 7783 1118 14945 4888
 20583 25847 5983 23942 16168 10455 5118 23901 3974 25929 9404 23094 5370
 7800 8678 643 1655 19644 1234 782 24518 11814 20804 2884 21028 20301
 23437 25172 2522 2270 24597 23664 3838 22410 15457 25445 24181 21901
 22705 17202 10871 8607 23449 25849 25672 25661 25566 25327 25311 25059
 24850 24770 24644 23993 23970 23893 23649 23647 23640 23630 23619 23611
 23595 23594 23590 23568 23547 23541 23531 23485 23484 23476 23399 23392
 23375 23355 23349 23341 23308 23307 23216 23203 23201 23190 22989 22980
 22448 22306 22196 22095 22029 21972 21636 21425 21379 21295 21278 21260
 21250 21207 21177 21136 21125 21119 21069 21046 21020 21005 21001 20999
 20920 20919 20908 20893 20877 20876 20863 20744 20667 20666 20556 20511
 20488 20461 20442 20434 20427 20407 20394 20377 20376 20345 20334 20315
 20285 20222 20219 20159 20074 20072 20053 20030 20027 20026 19998 19959
 19725 19714 19691 19689 19688 19685 19677 14631]
[18435 20484 16392 16399 18465 16420 14376 20522 12334 20536 59 16445
 18499 18502 6217 18505 16460 6224 24658 4185 16473 18536 6250 18539 16495
 18543 18546 20597 18556 20610 18568 18580 22679 10394 10399 20639 16544
 18597 18602 22715 6334 8385 6355 20701 18656 22753 16618 18670 22776
 18683 18696 265 24844 18708 18709 18717 16669 24875 309 6454 18743 20794
 22857 16720 16727 14686 10592 12642 2416 16760 10619 22909 18813 16775
 16777 16784 14736 4498 14745 14747 18851 14756 10665 16821 14773 14775
 16828 16836 20933 16839 12744 18889 16848 2514 16850 16852 8663 18913
 14819 25060 16871 14827 14828 18931 14841 18938 2565 8711 2573 14862
 25104 21010 16914 16916 10773 6678 14870 14869 12831 18975 14884 16944
 14896 14911 10817 21057 19010 16964 16961 14914 21075 19029 19035 16993
 16994 14950 2669 19054 14961 23157 19064 14970 19074 23174 6793 10889
 14988 14990 25231 14992 17041 17042 8864 21153 21159 17064 10922 17067
 6837 15033 17084 12995 19140 8906 15050 17101 15060 13013 15067 4828
 17118 23267 25316 13040 17138 17139 17140 15091 15090 19192 17157 11018
 17164 781 15116 17175 15136 13090 19235 15140 17205 25402 23356 23363
 21319 21320 17233 17234 2907 15198 11110 873 21355 17266 19325 15235 4996
 2954 19340 17293 15247 7056 17300 15252 15257 15259 15264 2978 17314
 17318 15271 15273 17323 17324 13242 17338 21438 19393 964 17349 15311
 15313 982 17368 13275 3052 7148 5102 15342 13298 15351 1017 15354 13311
 15363 21520 21524 15391 21539 21541 11302 19532 17492 17496 19551 19554
 13411 15461 17515 17523 17532 15485 15491 17540 17545 15497 7307 9357
 17549 17551 15503 17553 17554 17567 17569 15522 17575 17578 3246 11440
 17584 17588 15542 19640 17594 15547 5309 21693 7363 17606 7371 17622 5336
 21723 17628 17641 15596 17646 15603 17656 17658 15611 15618 19715 17667
 13583 21778 1307 17692 15644 17696 7464 17712 17713 17716 15672 23874
 17735 11592 17741 19792 17745 17746 17744 15698 15701 17754 17759 17762
 3443 21876 17779 17788 9596 3457 17795 7561 13706 17803 11664 23953 11671
 17815 17817 7578 15776 9639 7595 17835 17841 21941 17845 17847 17854
 15808 17863 15819 9677 15825 17874 15836 17886 17892 19952 15861 24056
 22009 17918 9728 15875 13834 17933 24078 15887 15885 17940 19995 1570
 17960 15915 15916 22066 22070 17974 15928 7745 1604 17988 7753 15947
 17998 18009 20070 18024 3696 24176 15986 15984 1653 15993 15995 22142
 20099 1670 18061 20110 1688 16031 20128 16039 3759 18098 18107 11964
 18108 22215 18135 3804 18141 24297 14059 14066 16123 20229 16153 16170
 20267 10031 18225 16179 5941 20281 16191 18246 16202 18251 22351 22352
 18259 20309 20313 20323 16229 18278 16240 16243 20365 16271 16272 22417
 18322 10141 16286 18337 20396 16305 20404 20407 16314 18365 16319 14274
 18373 1992 10192 8145 16339 8153 18394 16358 14315 2031 18421 18429 21644
 18577 12184 12442 12068 5924 22310 9128 20265 1320 21043 13633 9409 22211
 18507 22735 9300 18133 24023 14056 7915 2033 1781 14332 20221 3198]
[25732 14394 9813 22490 15132 24519 22690 22101 25425 4155 24332 24396
 1565 9317 21131 4456 17504 25626 18318 3997 19507 10221 18401 22816 25337
 8775 15713 13646 10394 24658 4828 23363 13275 3759 15836 17523 14376 1216
 22715 2954 3804 20267 6454 22909 13040 16080 4194 5616 14947 11440 25456
 15009 982 4185 20099 7753 21541 16399 2907 15363 11351 23174 12648 13411
 22857 11660 6250 6355 7464 1570 17139 12831 1688 24875 18961 17713 1214
 15887 309 1605 14871 6837 25104 8845 10817 11964 13834 15461 20211 11664
 12334 19995 13311 10773 2514 8663 1653 10192 873 7056 7307 1307 16191
 24056 7561 15313 9728 12995 3052 7578 3825 25689 11110 17553 3696 20536
 5309 25060 22007 19715 22215 1017 19297 5941 14686 12744 17788 6217 9848
 4864 11671 19235 14970 3457 22142 2669 25231 13706 10665 22427 18851
 12384 18502 7745 14315 13583 13090 15522 17742 265 20133 4996 59 266
 24678 15405 8197 22753 8385 13013 20905 785 19532 13242 25316 23874 5336
 447 2978 13298 2573 18437 25402 22276 3443 3265 20281 16799 836 24845
 13666 10922 8145 6678 19022 781 24232 2416 17164 1604 11627 17817 10031
 9976 10889 12118 4381 21472 16495 13048 10592 9639 2565 4340 16439 1670
 22066 25658 7142 24442 22352 22351 22679 24176 19064 10619 4801 22180
 4498 12130 1131 9596 23953 11302 23356 19640 9353 7148 9357 18602 24297
 14066 23157 21010 18568 7844 9259 2031 11592 17892 16944 8711 1800 7595
 21355 13753 21106 4256 1992 19597 9677 4139 10141 20823 13520 9420 4484
 22693 10673 25785 10674 14956 7605 23985 18203 9361 7870 3875 23948 17511
 21078 12625 23529 11718 13718 5073 11977 19796 10550 14196 18028 8224
 3558 13573 1581 17663 13987 21807 16241 10802 22849 5274 5258 24440 20081
 6287 24357 22615 6181 3359 10397 20989 6107 7783 9814 20421 4936 2380
 11595 9801 16614 527 1462 14945 3063 4888 13725 25123 20583 25847 17984
 9553 4103 5983 4774 25206 8012 13896 2552 4568 9832 214 14125 13639 25929
 25199 76 11732 7582 25559 22426 5631 1332 20799 5370 1306 23597 6176 7850
 17242 17910 4517 1655 12761 19644 21576 1234 7821 24518 19632 11426 23436
 7400 18534 23290 20804 343 7055 25857 1056 20301 23278 2563 1032 13633
 5904 25089 10883 22763 23936 19488 17858 13928 8148 999 14282 698 16602
 19107 25765 25720 25187 24837 24512 24463 23895 23878 23608 22121 21835
 21813 21710 21709 21486 21202 21128 21118 20696 20642 20563 20120 19937
 19757 19430 19227 18402 18141 18115 17947 17883 17375 17350 17334 17319
 17101 16978 16977 16942 16885 16881 16879 16848 16828 16826 16780 16759
 16727 16721 16713 16695 16689 16545 16508 16480 16456 16430 16386 16331
 16299 16286 16186 16174 16170 16166 16162 16146 16107 16089 16088 15953
 15927 15926 15914 15912 15846 15843 15815 15783 15778 15743 15741 15732
 15698 15680 15668 15654 15652 15626 15597 15562 14993 14132 13828 13694
 12758 11688 10232 8252 7778 7720 7716 7501 7394 7382 7002 5134 4812 4431
 4091 7134]
[20616 24651 11391 8481 17504 25626 2335 19703 23691 7424 3997 10557 21386
 22681 8358 19507 13320 10221 5949 23830 22816 25337 1991 20380 8775 2759
 15713 5369 13646 10208 10394 17002 4828 22417 964 23165 14059 23363 13275
 2827 12642 15836 17523 14376 1216 24723 2954 3804 20267 6454 22909 7371
 13040 16080 5616 11440 25456 15009 4185 20099 21541 16399 2907 15363
 23174 12648 13411 22857 11660 4772 6250 6355 1570 17139 12831 1688 24875
 18961 17713 1214 15887 309 1605 14871 6837 25104 8845 10817 11964 13834
 15461 20211 12334 19995 13311 10773 2514 8663 1653 10192 873 7056 1307
 24056 15313 9728 12995 3052 7578 3825 25689 17553 3696 20536 25060 22007
 19715 22215 1017 19297 5941 14686 12744 17788 6217 4864 11671 19235 14970
 22142 2669 13706 6334 10665 22427 18851 19523 6224 12384 18502 7745 14315
 13583 13090 15522 265 20133 14274 4996 59 266 24678 15405 8197 22753
 13013 8906 785 19532 25316 23874 447 2978 13298 2573 25402 3265 20281
 10255 836 24845 13666 10922 8145 19022 6793 5102 2416 17164 1604 13737
 11627 10031 9976 10889 12118 24844 1730 4381 21472 16495 14569 8069 13048
 10592 9639 4340 16439 7363 1670 22066 25658 7142 24442 22352 22351 22679
 19064 13889 20565 10619 22070 4498 12130 14459 1131 23953 2574 7148 18602
 14066 3246 19574 17704 18568 7844 2031 11592 17892 24380 8935 21106 19597
 11554 9677 13520 2821 9420 17162 10327 25785 7061 3923 1370 1810 7605
 23985 5105 3875 23948 14450 13872 16435 17511 20139 21014 3907 18189
 21849 15450 3150 12564 10524 11718 11543 24154 3880 10347 25758 13718
 5073 11977 19796 13851 8101 7735 10550 6588 14196 2234 8224 3142 239
 20071 3558 13593 1581 17663 4108 17617 17377 21807 10802 16335 5274 5258
 24440 16996 15617 470 22615 15519 9307 14501 8824 12039 3359 18042 10015
 10397 12037 16541 12694 7157 13951 9801 15908 1462 18436 7423 25847 9553
 4103 5983 25206 12114 16168 17037 5118 4568 4067 9416 6970 23901 17982
 7859 3974 2064 12317 7582 8052 21675 5631 23094 24063 7801 23597 6196
 10836 5205 11905 18195 17910 2822 10696 5313 16989 4720 5700 19632 11426
 23436 7400 18534 23290 7055 876 2884 25857 11516 20239 1396 11510 11828
 10094 24900 24737 23663 22054 21322 20035 19603 19280 18222 17212 17206
 17189 17140 17128 17118 17116 16940 16931 16929 16894 16875 16854 16853
 16810 16759 16713 16686 16651 16570 16533 16478 16434 16426 16419 16417
 16365 16355 16289 16258 16253 16240 16217 16198 16177 16150 16139 16133
 16121 16109 16094 16088 16050 16025 15938 15930 15909 15899 15893 15783
 15765 15758 15746 15684 15654 15632 15624 15619 15570 15547 15540 15514
 15486 15485 15466 15454 15443 15427 15410 15398 15354 15265 15213 15172
 15150 15146 15121 15111 15108 15076 15036 15022 14914 14845 14818 14777
 14773 14701 14553 14529 14512 14350 14273 14211 14154 14038 13898 13683
 13659 13617 13442 13439 13383 13322 13287 13106 13049 13002 12983 12863
 12653 12539 12530 12506 12470 14190]
[25498 25488 25385 25287 25189 25035 24971 24967 24948 24942 24910 24893
 24862 24860 24856 24789 24756 24718 24645 24620 24551 24253 23390 22722
 22685 22611 22552 22503 22326 22324 22323 22304 22300 22164 22054 21933
 21918 21859 21821 21778 21655 21634 21632 21621 21435 21210 20983 20895
 20847 20782 20491 20454 20392 20389 20166 20138 19806 19720 19682 19557
 19519 19482 19430 19367 18945 18683 18638 18494 18217 18208 17953 17918
 17712 17636 17499 17236 16943 16854 15385 15239 15075 15064 14545 14383
 14339 13934 13902 13883 13845 13802 13752 13741 13508 13499 13486 13459
 13452 13435 13387 12486 20124 14791 9567 16855 25732 14394 15831 9813
 12380 22490 13949 15132 24519 22690 22101 20092 15102 20796 25594 21211
 25425 19258 4155 24332 953 7362 24396 7084 17987 9317 4544 12000 21131
 20039 3924 23801 4456 20616 11391 8481 17504 25626 2335 19703 7424 18318
 10557 21386 22681 8358 19507 13320 10221 4330 5949 23830 18401 22816
 20380 2759 15713 5369 13646 10208 10394 17002 10399 22417 23165 23267
 13275 2827 3759 12642 17523 14376 1216 24723 3804 20267 6454 22909 7371
 13040 16080 4194 5616 14947 11440 25456 15009 982 4185 7753 21541 16399
 2907 15363 11351 12648 13411 22857 11660 4772 6250 6355 7464 1570 17139
 12831 1688 24875 18961 17713 1214 15887 1605 6837 25104 8845 10817 11964
 13834 15461 20211 11664 12334 19995 13311 10773 2514 8663 1653 10192 873
 7056 7307 1307 16191 24056 7561 15313 9728 12995 7578 3825 11110 3696
 20536 5309 25060 22007 22215 1017 19297 5941 14686 12744 17788 6217 9848
 4864 11671 19235 14970 3457 22142 2669 25231 13706 6334 10665 22427 18851
 12384 18502 7745 13583 13090 15522 17742 265 14274 4996 59 7206 266 24678
 8197 22753 8385 13013 20905 8906 785 19532 13242 25316 23874 447 13298
 2573 18437 25402 20281 10255 21159 16799 836 24845 13666 8145 6678 19022
 781 6793 24232 5102 2416 17164 18913 1604 13737 4454 24078 20522 11627
 10031 9976 10889 12118 24844 1730 4381 21472 16495 14569 8069 13048 8864
 10592 9639 4340 16439 7363 1670 22066 25658 7142 24442 22351 22679 24176
 19064 20750 20565 10619 4801 22180 22070 4498 14459 9596 23953 11302
 23356 2574 19640 9353 7148 14372 9357 18602 14066 23157 17704 18568 7844
 9259 2031 11592 17892 16944 3876 24380 8935 8711 21355 8153 21106 4256
 1992 1711 19597 21320 10055 1201 9677 21965 20823 21401 3045 10327 25785
 10674 3923 21003 1370 12452 18203 9361 3482 23948 14450 13872 18271 21078
 19620 3907 18189 12625 23529 21849 15450 6202 8042 10524 11718 24154 2358
 18971 25758 9059 5073 20008 11977 19796 17278 8101 7735 10550 6588 4719
 2234 16437 8224 3142 14502 8853 3558 3738 13573 17663 17617 17377 18264
 16335 18976 23941 19585 19018 12809 5274 24440 16996 11825 23894 15617
 12141 4370 8888 15519 14192 8824 6181 15269 19059 10397 20989 12037 6107
 12694 4327 4201 6288 7783 9814 20421 4936 19202 15771 12655 15528 14945
 4888 5926 7423 25138 25123 9553]
[12486 20124 14791 9567 16855 25732 14394 9813 12380 22490 15132 24519
 22690 22101 20092 15102 20796 25594 21211 25425 19258 4155 24332 953 7362
 24396 1565 7084 17987 9317 21676 4544 12000 6838 21131 20039 3924 23801
 4456 20616 24651 11391 8481 17504 25626 2335 19703 7424 18318 3997 10557
 21386 22681 8358 19507 13320 10221 4330 5949 23830 18401 1389 25337 1991
 20380 2759 15713 25479 5369 10208 10394 17002 10399 24658 4828 22417
 23165 14059 23363 23267 13275 2827 3759 12642 15836 17523 14376 1216
 24723 22715 2954 3804 20267 6454 22909 13040 16080 4194 5616 14947 11440
 25456 15009 982 4185 20099 7753 21541 16399 2907 15363 11351 23174 12648
 22857 11660 4772 6250 6355 7464 1570 17139 12831 1688 24875 18961 17713
 1214 15887 309 1605 14871 6837 25104 8845 10817 11964 13834 15461 20211
 11664 12334 19995 13311 10773 2514 8663 1653 10192 873 7307 1307 16191
 7561 15313 9728 3052 7578 25689 11110 17553 3696 20536 5309 25060 22007
 19715 22215 1017 19297 5941 14686 12744 17788 4864 11671 19235 14970 3457
 22142 2669 25231 13706 6334 10665 18851 19523 6224 12384 18502 7745 14315
 13583 13090 15522 17742 265 20133 14274 4996 59 7206 266 24678 15405 8197
 8385 13013 8906 785 19532 13242 25316 447 2978 13298 2573 18437 25402
 3443 3265 20281 10255 21159 16799 836 13666 10922 8145 6678 6793 24232
 5102 2416 17164 18913 1604 24078 20522 11627 17817 10031 9976 10889 12118
 24844 1730 4381 14569 8069 13048 8864 10592 9639 2565 4340 16439 7363
 1670 22066 25658 24442 22352 22351 22679 19064 13889 20565 4801 22180
 4498 12130 14459 1131 9596 23953 17793 11302 23356 2574 19640 9353 23246
 7148 14372 9357 18602 24297 14066 3246 21010 19574 18568 7844 16973 2031
 11592 17892 16944 3876 8935 1800 7595 13753 8153 4256 1992 1711 19597
 21320 11554 10055 1201 4139 21965 10141 20344 20823 21401 3045 17162 4484
 11108 22693 10673 10327 25785 10674 14956 3923 4688 21003 1370 1810 7605
 32 23985 18203 9361 5105 7870 3875 3482 23948 14450 13872 16435 5895
 17511 18271 19620 20139 3907 18189 12625 23529 24084 15450 8042 10524
 11718 11543 24154 2358 3880 10347 18971 25758 9059 5073 20008 19796 13851
 17278 7735 22574 10550 6588 14196 4719 2234 16437 8224 3142 9307 8840
 14192 2855 8285 15269 19059 10397 2216 16541 6107 7157 13951 6288 20421
 15771 14082 16614 15528 527 1462 18436 20458 8653 19913 5926 25138 25123
 3489 9553 5983 14786 25206 4444 12094 24905 17975 17037 10455 13896 8784
 8843 11862 4568 8287 4067 432 214 23901 17982 7859 2064 12317 25929 25199
 2178 7356 6468 7582 10787 8052 21675 23435 5631 2905 1332 25007 2845
 24063 23597 10836 11905 18195 17242 7130 1655 12867 21576 24518 15574
 17034 12162 11426 12239 7400 25362 20804 7055 876 2884 25857 1056 25840
 24937 24926 24917 24854 24834 24738 24734 24667 24573 24524 24465 24429
 24416 24366 24354 24329 24283 24213 24164 24155 24005 23937 21798]
[4108 13987 18400 17377 21807 16241 1622 10802 18264 16335 22849 23941
 19585 19018 12809 5274 24440 20081 12141 6287 4370 17260 24357 470 8888
 22615 14501 8840 14192 8824 12039 3359 18042 15269 10397 12037 2216 7157
 6288 9801 15583 8653 19913 7257 3489 1828 12114 24905 10455 13896 8784
 2552 4568 4067 3686 688 23487 3974 13639 25199 7356 11732 20853 23435
 25559 22426 2905 1332 25007 20799 2845 23607 7676 5370 7801 10836 7850
 2917 14403 18195 643 10696 22818 5313 4720 24518 17034 5700 11426 23436
 25362 12080 18534 7055 16259 21028 21460 7250 23259 7198 944 20658 14337
 11267 13870 11112 8096 7305 15180 4102 7586 13446 21074 5211 12892 25172
 12529 25096 12428 24811 12190 21889 402 10826 4877 9749 8333 8596 14705
 21146 16266 9925 15945 12926 18389 14932 1754 8773 7145 23525 17519 18827
 14079 25058 8915 21984 17911 1903 12922 16955 15026 15712 11557 18999
 2836 18948 18219 12486 20124 14791 9567 16855 25732 14394 15831 9813
 12380 22490 13949 15132 24519 22690 22101 20092 15102 20796 25594 21211
 25425 19258 4155 24332 953 7362 24396 1565 7084 17987 9317 21676 4544
 12000 6838 21131 20039 3924 23801 4456 20616 24651 11391 17504 25626 2335
 19703 23691 7424 18318 3997 10557 21386 22681 8358 19507 13320 4330 5949
 23830 18401 1389 22816 25337 1991 20380 8775 15713 25479 5369 13646 10208
 10394 17002 24658 22417 964 23165 14059 23363 23267 13275 2827 3759 12642
 15836 14376 1216 24723 22715 2954 3804 20267 6454 16080 4194 5616 14947
 11440 25456 4185 20099 7753 21541 16399 2907 15363 11351 23174 12648
 13411 22857 11660 4772 6355 1570 12831 1688 24875 18961 17713 1214 15887
 309 14871 6837 25104 8845 10817 11964 13834 15461 20211 19995 13311 10773
 2514 8663 1653 10192 873 7056 7307 1307 16191 24056 7561 15313 9728 12995
 3052 3825 25689 11110 17553 20536 5309 25060 22007 19715 22215 1017 19297
 5941 14686 12744 17788 6217 9848 11671 19235 3457 22142 2669 13706 6334
 10665 22427 6224 12384 18502 7745 13583 13090 17742 265 20133 14274 4996
 59 7206 266 15405 8197 8385 13013 20905 785 19532 13242 25316 23874 5336
 447 2978 13298 18437 25402 3443 3265 20281 10255 21159 16799 836 24845
 13666 10922 6678 19022 781 6793 24232 5102 2416 17164 18913 1604 4454
 24078 20522 11627 17817 10031 9976 10889 12118 24844 1730 4381 21472
 16495 14569 8069 13048 8864 10592 9639 2565 4340 7363 1670 22066 25658
 7142 24442 22352 22351 22679 24176 19064 20750 13889 20565 10619 4801
 22180 22070 4498 12130 14459 1131 9596 17793 11302 2574 19640 9353 23246
 7148 14372 9357 18602 24297 11947 3246 21010 19574 17704 18568 16973 2031
 11592 16944 3876 8935 1800 7595 13753 21106 4256 1992 21320 10055 1201
 21965 10141 20344 21401 2821 9420 3045 17162 4484 11108 22693 10327 25785
 14956 7061 3923 4688 21003 1370 7605 32 23985 12452 9361 7870 3875 23948
 14450 16435 5895 19620 21014 3907 12625 24084 15450 3150]
