Fault List:
74
86
84
54
93
75
83
72
86
84
78
93
91
88
83
72
85
91
74
76
82
74
74
90
89
96
87
89
88
91
FDR List:
0.5
0.581081081081081
0.5675675675675675
0.36486486486486486
0.6283783783783784
0.5067567567567568
0.5608108108108109
0.4864864864864865
0.581081081081081
0.5675675675675675
0.527027027027027
0.6283783783783784
0.6148648648648649
0.5945945945945946
0.5608108108108109
0.4864864864864865
0.5743243243243243
0.6148648648648649
0.5
0.5135135135135135
0.5540540540540541
0.5
0.5
0.6081081081081081
0.6013513513513513
0.6486486486486487
0.5878378378378378
0.6013513513513513
0.5945945945945946
0.6148648648648649
Time List:
201.52099013328552
203.4249119758606
189.7999050617218
187.3270800113678
202.44286704063416
200.93141889572144
203.06088876724243
203.63497304916382
199.5956952571869
199.03516602516174
203.06846499443054
204.44808506965637
198.4531581401825
201.0401690006256
211.81320238113403
207.836905002594
204.1538951396942
205.11671495437622
209.0850968360901
205.08189511299133
207.72897815704346
187.06524276733398
178.1155457496643
210.4687421321869
209.11855792999268
213.13009691238403
209.56897687911987
216.7381649017334
216.89370393753052
211.10793924331665
Subset List:
[21211 25425 19258 4155 24332 953 24396 7084 17987 7371 13040 4194 5616
 14947 11440 25456 4185 20099 7753 21541 16399 15363 11351 22857 11660
 4772 6250 6355 17139 12831 24875 18961 17713 15887 309 1605 6837 25104
 8845 10817 11964 13834 15461 20211 11664 12334 19995 13311 10773 2514
 8663 1653 873 7056 7307 1307 16191 24056 7561 15313 9728 12995 3052 7578
 3825 25689 11110 17553 3696 5309 19715 22215 1017 19297 14686 12744 17788
 6217 9848 4864 11671 3457 22142 2669 25231 10665 22427 18851 19523 12384
 18502 7745 14315 13583 15522 265 14274 4996 59 7206 266 24678 8197 8385
 13013 20905 8906 785 19532 13242 447 2978 13298 25402 3443 3265 20281
 10255 21159 16799 24845 10922 8145 6678 781 6793 24232 2416 24078 20522
 11627 24844 21472 9639 2565 4340 7363 22066 25658 7142 13889 20565 10619
 22070 1131 9596 11302 24297 14066 11947 3246 21010 17704 18568 7844 16973
 9259 2031 11592 17892 3876 8935 1800 7595 21355 4256 1992 11554 1201 4139
 10141 20823 2821 9420 4484 22693 10327 25785 14956 7061 1370 7605 12452
 9361 5105 7870 3482 23948 16435 18271 21078 20139 23529 21849 24084 15450
 6202 12564 11718 13725 11374 25639 15979 20467 13023 3708 12908 9216
 16498 4909 10887 22746 17243 21335 15104 20601 3496 5841 12837 19672
 25842 25585 24537 24182 24123 23835 23427 23263 22793 22597 22529 22511
 22458 22436 22405 22392 22385 22367 22364 22347 22328 22327 22321 22319
 22302 22267 22205 22192 22146 22087 22071 22067 22061 21983 21966 21943
 21942 21939 21911 21910 21876 21869 21859 21804 21800 21792 21764 21756
 21711 21667 21661 21648 21619 21563 21545 21523 21473 21449 21433 21429
 21412 21250 21164 21162 21145 21136 19228 19134 18978 18621 17445 12318
 7002 6738 3789 3719 3446 2700 2002 23889]
[20124 14791 9567 16855 14394 15831 9813 12380 22490 13949 15132 24519
 22690 22101 20092 15102 25594 21211 25425 19258 4155 24332 953 7362 24396
 1565 7084 17987 9317 21676 4544 12000 6838 21131 20039 3924 23801 4456
 20616 24651 8481 17504 25626 2335 19703 23691 7424 18318 3997 10557 21386
 22681 8358 19507 10221 4330 5949 22816 25337 1991 15713 25479 5369 17002
 10399 964 23363 13275 2827 3759 17523 14376 24723 22715 2954 20267 6454
 22909 7371 4194 5616 14947 11440 25456 15009 982 4185 16399 2907 15363
 11351 23174 12648 13411 4772 6250 6355 7464 1570 17139 12831 1688 24875
 18961 17713 15887 309 1605 6837 25104 8845 10817 11964 13834 15461 11664
 12334 19995 13311 10773 2514 8663 1653 873 7056 7307 1307 16191 7561
 15313 12995 7578 25689 11110 3696 5309 25060 22007 22215 1017 5941 14686
 17788 6217 9848 11671 19235 14970 3457 22142 2669 25231 13706 6334 10665
 22427 19523 6224 12384 18502 7745 14315 13583 13090 15522 17742 265 20133
 14274 4996 59 7206 266 24678 8197 22753 8385 785 19532 13242 25316 23874
 447 2573 18437 25402 22276 3443 3265 20281 10255 21159 16799 836 24845
 6793 5102 2416 17164 13737 24078 20522 17817 12118 24844 1730 8069 13048
 10592 16439 7363 22066 24442 19064 20750 10619 4801 4498 14459 23953
 17793 11302 23356 9353 23246 14372 9357 14066 23157 17704 18568 16973
 11592 17892 24380 8935 1800 21355 13753 8153 21106 1992 19597 11554 10141
 20344 20823 13520 2821 9420 14956 3923 1370 9361 17511 21014 21849 24084
 12564 10524 11543 10347 5073 17278 8101 22574 4719 8224 13593 17617 18400
 17377 16241 16335 24440 15617 12141 6287 22615 15519 14192 2855 3359 8285
 15269 10397 16541 4327 7157 20421 19202 5875 4067 9404 2704 24057 19144
 10594 1889 17314]
[12486 16855 15831 9813 13949 15132 15102 25594 25425 19258 24396 1565
 17987 21131 4456 20616 24651 11391 8481 10557 13320 5949 23830 18401 1991
 20380 8775 2759 15713 25479 13646 17002 22417 964 2827 3759 1216 6454
 22909 16080 4185 20099 16399 2907 11351 6250 6355 17139 1688 24875 17713
 15887 1605 25104 8845 10817 11964 13834 15461 20211 12334 13311 10773
 2514 8663 7307 24056 7561 15313 9728 7578 3696 20536 5309 25060 1017 5941
 14686 6217 9848 4864 11671 14970 25231 13706 10665 18851 18502 14315
 13583 13090 265 4996 59 266 15405 8385 20905 19532 447 2978 13298 2573
 22276 3443 3265 10255 21159 16799 24845 8145 6678 19022 781 6793 2416
 17164 1604 24078 20522 11627 17817 10031 9976 10889 1730 4381 21472 16495
 14569 8069 13048 8864 10592 9639 4340 1670 22066 7142 22352 22679 20565
 10619 9353 23246 7148 18602 14066 2031 3876 24380 1800 13753 8153 1992
 21320 10055 1201 21965 10141 20344 20823 3045 22693 10327 10674 14956
 4688 1370 7605 18203 5105 13872 16435 20139 12625 23529 15450 6202 10524
 2358 19796 17278 8101 7735 22574 10550 18028 2234 16437 8224 14502 4108
 13987 18400 17377 9450 16996 11825 2078 8888 9307 14192 2855 10015 10397
 2216 16541 12694 7157 13951 7783 20421 1462 1118 14945 8653 3063 4888
 7257 25123 20583 10455 18898 11862 2552 4067 21465 13639 2178 20853 10787
 21675 23435 5631 10836 6176 23253 2917 17242 2822 15574 7055 25376 21028
 7250 19503 20316 4254 22514 10354 16165 17202 25893 24681 23485 23371
 21055 20825 19551 17835 17549 17440 16777 16424 15338 13893 13891 13811
 13672 13634 13586 13547 13545 13470 13431 13368 13194 13160 13087 13086
 12988 12952 12920 12915 12907 12873 12755 12753 12682 12670 12668 12603
 12589 12522 12504 12379 12354 12289 15491]
[22681 8358 19507 13320 4330 20380 23363 23267 13275 7371 13040 4194 982
 20099 16399 2907 15363 13411 22857 11660 1570 12831 24875 1605 25104
 20211 12334 13311 2514 1653 873 7307 24056 11110 17553 25060 22007 22215
 19297 5941 14686 12744 6217 4864 11671 22142 2669 18851 6224 18502 13583
 15522 59 22753 8385 13242 13298 25402 10255 21159 16799 19022 18913 1604
 13737 17817 16495 10592 10619 23953 7148 9357 18602 24297 3246 17892 7595
 21355 13753 4256 4484 10674 14956 3923 4688 21003 12452 23948 3907 23529
 12564 24154 3880 25758 20008 19796 13851 4719 8224 13593 4108 18400 18264
 23941 19018 6287 17260 470 8824 18042 15269 21103 2216 4201 19202 9801
 15908 1462 8653 4888 25847 3489 23500 20493 20490 20482 20472 20461 20391
 20376 20340 20284 20188 20137 19924 19902 19726 19663 19471 19354 19335
 19280 19186 19181 19180 19038 19035 19015 19005 19001 18979 18871 18833
 18825 18783 18780 18687 18561 18531 18529 18520 18513 18459 18434 18406
 18247 18208 18109 17883 17875 17846 17822 17686 17659 17633 17582 17546
 17540 17458 17426 17408 17351 17317 17301 17267 17158 17155 17144 17114
 17096 17051 16966 16900 16897 16886 16885 16871 16865 16853 16847 16818
 16816 16811 16751 16743 16657 16610 16601 16570 16542 16521 16479 16462
 16453 16440 16432 16375 16366 16316 16303 16300 16250 16225 16187 16144
 16127 16006 15959 15952 15917 15896 15731 15700 15669 15653 15626 15602
 15591 15544 15540 15517 15496 15495 15492 15442 15441 15422 15394 15377
 15361 15198 15192 15128 15108 15071 15059 14985 14965 14937 14901 7392
 7380 7237 7219 7159 7155 7123 7108 7074 7029 7009 6858 6833 6804 6762
 6650 6644 6501 6482 6479 6477 6462 6420 6410 6342 5602 5567 4729 4601
 4528 4312 3771 3654 3555 3321 2676 2660 2578 2124 17611]
[12486 14791 9567 14394 15831 9813 12380 22490 13949 22101 20092 15102
 21211 25425 19258 24332 953 7362 24396 7084 17987 9317 4544 20039 3924
 23801 4456 20616 11391 17504 2335 19703 7424 3997 10557 22681 8358 13320
 10221 18401 22816 25337 1991 20380 8775 2759 15713 25479 5369 13646 10394
 17002 10399 24658 4828 22417 964 14059 23363 23267 13275 2827 3759 12642
 14376 24723 22715 2954 3804 20267 6454 7371 13040 11440 25456 982 4185
 21541 16399 15363 11351 23174 13411 22857 4772 6355 7464 1570 17139 12831
 24875 18961 15887 1605 6837 8845 11964 13834 15461 11664 12334 13311
 10773 2514 1653 10192 873 7056 7307 24056 7561 15313 12995 3052 3825
 11110 17553 3696 20536 5309 25060 19715 22215 1017 19297 5941 12744 17788
 9848 4864 11671 19235 14970 3457 22142 2669 25231 13706 10665 22427 18851
 19523 6224 18502 7745 13583 13090 15522 17742 265 20133 14274 4996 59
 7206 266 24678 13013 20905 25316 23874 5336 447 2978 2573 25402 3443 3265
 8145 6678 24232 5102 2416 17164 18913 13737 4454 24078 20522 17817 9976
 24844 1730 4381 21472 14569 8069 13048 10592 9639 2565 4340 1670 22066
 7142 22352 22351 22679 19064 20750 20565 10619 4801 22070 12130 23356
 2574 19640 9353 7148 14066 3246 21010 17704 18568 7844 24380 8711 7595
 21355 21106 4256 19597 21320 21965 10141 2821 9420 25785 10674 21003 1370
 32 23985 12452 3875 23948 14450 5895 19620 20139 21014 12625 12564 9059
 11977 19796 7735 22574 10550 18028 8224 14502 20071 3558 13573 13593 1581
 18400 21807 16241 9450 16335 18976 19585 20081 2078 24357 9307 8840 2216
 7157 13951 20421 16614 527 1462 5926 17984 1828 9252 14786 23942 2552
 16441 21465 7859 25929 6468 7676 11905 6122 14860 17700 1210 22547 1791
 10340 4199 3206]
[12486 9567 16855 25732 14394 9813 22490 13949 15132 22101 15102 20796
 25425 19258 4155 24332 953 24396 1565 7084 17987 9317 21676 4544 12000
 20039 3924 4456 20616 11391 17504 19703 7424 10557 22681 8358 19507 13320
 4330 5949 18401 25337 8775 2759 25479 5369 13646 10394 17002 10399 24658
 964 23165 14059 23363 3759 12642 15836 22715 2954 6454 7371 13040 4194
 14947 11440 25456 15009 4185 7753 2907 15363 23174 13411 22857 7464 17139
 1688 24875 18961 17713 1605 14871 25104 11964 13834 11664 12334 10773
 2514 1653 10192 873 7307 1307 24056 7561 15313 9728 3052 7578 25689 11110
 17553 3696 20536 5309 25060 22007 19715 19297 5941 12744 17788 6217 4864
 11671 19235 14970 22142 2669 13706 10665 22427 18851 6224 18502 14315
 13583 17742 20133 14274 7206 266 24678 8197 22753 20905 13242 23874 447
 2978 3443 21159 16799 24845 6678 781 17164 24078 20522 9976 4381 16495
 14569 9639 16439 24442 22351 20750 22070 1131 11302 23356 9357 18602
 24297 14066 23157 17704 9259 16944 24380 8935 8711 13753 8153 9677 4139
 21401 9420 11108 10327 10674 14956 7061 3923 1370 1810 7605 12452 9361
 5105 13872 20139 21014 3907 15450 3150 6202 10524 3880 25758 13718 5073
 11977 7735 22574 10550 18028 4719 14502 239 20071 3738 13593 22179 20728
 20681 20640 20629 20628 20599 20547 20505 20503 20297 20161 19974 19962
 19822 19684 19634 19571 19122 19009 18861 18832 18589 18555 18496 18421
 18383 18285 18068 17938 17933 17881 17771 17559 17487 17425 17307 17195
 17183 16920 16913 16909 16901 16899 16801 16796 16734 16727 16702 16688
 16601 16587 16545 16532 16530 16523 16451 16408 16338 16303 16277 16258
 16169 15989 15764 15660 15564 15459 14983 7213 7095 6918 6910 6731 6604
 6567 6430 6420 6257 6228 6178 6057 6054 5991]
[12486 20124 14791 16855 25732 14394 15831 9813 22490 13949 15132 22690
 22101 20092 15102 20796 25594 21211 25425 19258 4155 24332 953 7362 24396
 1565 7084 17987 9317 21676 4544 6838 21131 20039 3924 11391 2335 19703
 23691 7424 18318 21386 22681 8358 19507 13320 10221 4330 5949 23830 18401
 1389 22816 25337 1991 20380 8775 25479 13646 10208 17002 10399 24658 4828
 964 23165 14059 23363 23267 13275 2827 3759 12642 15836 17523 14376 1216
 24723 2954 3804 20267 6454 22909 7371 13040 16080 4194 25456 15009 982
 4185 20099 7753 21541 16399 2907 15363 11351 23174 12648 13411 22857 6250
 1570 17139 12831 24875 18961 10817 11964 13834 15461 12334 19995 10773
 8663 1653 10192 873 7307 24056 15313 9728 25689 11110 5309 22007 14686
 12744 17788 4864 11671 3457 22142 2669 25231 13706 6334 10665 22427 18851
 19523 18502 7745 14315 13090 17742 265 20133 14274 59 24678 15405 8197
 8385 8906 785 13242 23874 447 2978 13298 18437 25402 22276 20281 10255
 21159 16799 13666 8145 19022 6793 24232 2416 17164 1604 13737 24078 11627
 17817 10031 9976 24844 1730 4381 14569 13048 8864 10592 2565 4340 22066
 25658 22679 19064 20750 20565 10619 4801 22070 4498 12130 14459 1131 9596
 23953 23356 2574 9353 23246 7148 14372 9357 14066 11947 3246 19574 17704
 18568 7844 16973 9259 11592 17892 3876 8935 8711 1800 21355 13753 8153
 21106 19597 21320 10055 1201 9677 4139 10141 20823 21401 13520 2821 3045
 17162 4484 11108 22693 25785 14956 7061 3923 21003 1370 7605 32 12452
 9361 7870 3482 14450 17511 18271 21078 19620 20139 3907 23529 6202 12564
 2358 10347 25758 9059 5073 13851 16437 8224 14502 1581 4108 13987 10802
 18976 24440 12141 22615 10015 20989 4327 4201 15771 7532 18949 17344
 13255 3286 2879 19747]
[22681 5949 18401 20380 2759 15713 25479 5369 13646 10394 17002 14059
 23363 17523 14376 3804 6454 13040 11440 15009 982 4185 16399 2907 15363
 11351 13411 11660 4772 6355 7464 1570 12831 1688 24875 18961 17713 15887
 309 14871 25104 10817 11964 15461 11664 12334 19995 13311 10773 2514 1653
 10192 7056 7307 1307 16191 24056 7561 15313 9728 12995 3052 7578 3825
 25689 11110 17553 3696 20536 5309 25060 19715 19297 5941 14686 17788 6217
 4864 11671 14970 3457 22142 2669 13706 6334 22427 6224 12384 18502 7745
 14315 13583 13090 17742 265 14274 59 266 22753 8385 13013 20905 8906 785
 13242 23874 5336 2978 13298 18437 25402 22276 10255 24845 8145 6678 6793
 24232 17164 1604 13737 17817 10889 12118 24844 14569 8069 10592 16439
 7363 1670 22066 22351 24176 19064 20565 22180 4498 14459 9596 17793 11302
 2574 7148 14372 18602 14066 19574 16973 3876 24380 8935 8711 21355 21106
 1992 19597 10055 1201 4139 20344 13520 9420 3045 11108 22693 14956 4688
 21003 1370 7605 32 23985 9361 5105 14450 13872 16435 5895 18271 21078
 21014 12625 8042 10524 11718 24154 3880 9059 13718 11977 17278 7735 22574
 4719 16437 3738 13573 13593 4108 18400 17377 21807 1622 10802 18976 19018
 15519 10015 20989 2216 7157 12655 9801 15908 15528 20458 3063 9252 23942
 24905 16398 11732 643 23790 9458 9444 9423 9391 9377 9177 9057 9036 8983
 8976 8895 8885 8875 8863 8854 8832 8802 8721 8677 8608 8601 8600 8529
 8513 8503 8501 8486 8449 8445 8387 8308 8136 8108 8094 8072 8039 8014
 7981 7953 7950 7907 7900 7748 7691 7671 7663 7630 7566 7526 7481 7476
 7461 7449 7446 7408 7394 7384 7247 7175 7122 7118 7108 7095 7037 7017
 6961 6826 6821 6810 6657 6508 6497 6387 1716 1672]
[12486 14791 9567 22490 13949 15132 20796 25594 25425 953 24396 7084 9317
 12000 21131 3924 4456 24651 11391 17504 2335 19703 23691 21386 13320
 10221 4330 5949 18401 1991 20380 8775 15713 25479 10208 10394 17002 10399
 24658 14059 23363 23267 2827 3759 15836 14376 22715 3804 6454 22909 7371
 13040 4194 5616 14947 11440 25456 15009 982 4185 7753 21541 16399 2907
 15363 11351 23174 13411 22857 11660 6250 6355 7464 1570 17139 12831 1688
 24875 18961 17713 15887 309 1605 14871 6837 25104 8845 10817 20211 12334
 19995 13311 2514 8663 1653 10192 873 7307 1307 16191 24056 7561 15313
 9728 12995 7578 25689 11110 3696 20536 25060 22007 22215 1017 19297 14686
 17788 3457 22142 13706 6334 22427 18851 19523 12384 18502 7745 13583
 13090 20133 14274 59 7206 266 24678 15405 22753 13013 785 13242 23874 447
 2573 18437 25402 3265 20281 21159 836 13666 10922 5102 2416 17164 11627
 24844 1730 4381 16495 14569 13048 8864 10592 9639 2565 4340 16439 7363
 1670 22066 7142 22679 24176 20750 10619 4801 22070 4498 12130 14459 1131
 9596 23953 11302 19640 9353 23246 18602 24297 23157 3246 21010 18568 7844
 16973 17892 24380 8935 1800 21355 8153 21106 4256 1711 19597 21320 11554
 10055 1201 4139 21965 20823 21401 13520 9420 4484 11108 22693 10327 25785
 10674 4688 21003 1370 1810 7605 32 23985 12452 18203 9361 5105 3875 23948
 13872 16435 5895 17511 21078 3150 11718 13718 19796 8101 7735 10550 239
 1581 17617 17377 16241 10802 24357 22615 8824 20989 24905 17037 5118 8843
 8287 432 3686 18728 18668 18552 18539 18494 17079 15277 12751 10185 8723
 7946 7350 7320 7278 7268 7248 7238 7231 7226 7172 7160 7126 7109 7092
 7083 7079 7074 7053 7045 7033 7030 7025 7020 7014 7008 6987 4082]
[12486 20124 9567 14394 12380 13949 15132 22690 22101 15102 20796 25594
 25425 19258 24332 953 7362 1565 17987 9317 21676 4544 6838 20039 3924
 23801 4456 20616 17504 25626 19703 23691 18318 3997 10557 21386 22681
 13320 10221 5949 18401 1991 20380 15713 25479 5369 10208 10394 24658
 22417 23165 14059 23363 13275 2827 3759 12642 17523 14376 1216 2954 3804
 20267 6454 7371 13040 16080 5616 11440 25456 982 4185 21541 16399 2907
 15363 11351 23174 12648 13411 22857 11660 4772 6250 6355 7464 1570 17139
 12831 1688 24875 18961 17713 1214 15887 309 14871 6837 25104 10817 11964
 13834 15461 20211 11664 19995 13311 10773 2514 8663 1653 10192 873 7056
 7307 1307 16191 24056 7561 15313 9728 3052 7578 3825 17553 3696 20536
 5309 22007 19715 22215 5941 14686 17788 4864 11671 14970 3457 22142 25231
 10665 22427 18851 12384 15522 17742 20133 14274 4996 59 24678 13013 8906
 19532 13242 25316 23874 447 13298 2573 18437 3265 20281 10255 836 13666
 6678 19022 781 6793 2416 17164 13737 20522 11627 21472 16495 14569 13048
 8864 9639 2565 4340 16439 7363 22066 25658 20750 20565 4801 22180 22070
 4498 1131 23953 23356 9353 7148 9357 21010 16973 11592 8935 8153 4256
 10055 4139 21965 20344 13520 2821 9420 3045 4484 22693 10327 25785 3923
 1810 12452 5105 7870 3875 23948 21014 18189 12625 24084 6202 24154 2358
 18971 9059 11977 19796 7735 4719 2234 14502 3558 1581 17663 17617 17377
 1622 10802 18264 16335 22849 23941 12809 24440 16996 15617 4370 2078
 17260 470 8888 22615 14501 14192 12039 8285 10015 20989 16541 9814 4936
 19202 17882 3489 14786 23942 4444 17037 5118 11862 8287 432 14125 537
 2178 76 8052 9404 7850 2822 20804 13525 11112 13446 24710 12529 10411
 20333 14432 12747 629 6756]
[12486 14791 16855 25732 9813 22490 13949 15132 22101 15102 20796 25594
 25425 19258 953 7362 1565 21676 12000 6838 20039 23801 4456 2335 19703
 7424 3997 8358 19507 13320 18401 20380 8775 15713 13646 10208 25456 15009
 21541 2907 12648 13411 22857 6355 1570 17139 12831 24875 18961 1214 15887
 1605 14871 6837 25104 10817 11964 13834 15461 20211 11664 12334 13311
 2514 8663 10192 873 7056 7307 1307 24056 15313 9728 12995 3052 7578 25689
 11110 17553 3696 5309 25060 22007 1017 5941 14686 12744 17788 11671 14970
 3457 2669 13706 6334 10665 18851 12384 18502 7745 13583 15522 17742 265
 14274 59 266 24678 15405 8197 22753 8385 13013 20905 785 25316 23874 5336
 2978 13298 2573 18437 25402 22276 3443 3265 20281 10255 24845 13666 10922
 6678 24232 5102 2416 17164 4454 20522 17817 9976 10889 12118 1730 4381
 14569 8069 8864 7363 22066 25658 7142 24442 22352 19064 22180 4498 12130
 1131 23953 11302 23356 2574 23246 7148 9357 24297 11947 3246 21010 17704
 18568 7844 16973 3876 8711 7595 21355 8153 21106 1992 19597 21320 1201
 2821 9420 4484 22693 10673 10327 14956 7061 3923 7605 23985 12452 7870
 23948 16435 18271 21014 3907 12625 15450 6202 11543 2358 10550 239 3558
 13573 17663 13987 1622 18264 19585 19018 5258 16996 20081 14501 15269
 16541 4201 7783 2380 11595 16096 16614 15528 1118 10959 25138 7203 3489
 4103 9252 25206 23942 8012 17975 10455 13896 1398 18898 8287 25453 21286
 21269 20526 19898 19680 19472 18708 18691 18215 17639 17384 17361 17187
 16981 16947 16920 16902 16609 16436 15597 15295 14634 14128 12385 12375
 12366 11588 11530 11308 11092 10609 9941 9932 9568 9248 8602 8295 8289
 8262 8195 8080 8079 8074 8061 8048 8034 8033 7971 7953 7950 7777 7728
 7644 7567 19251]
[9728 15363 8197 18437 13320 13834 21003 16399 15887 21010 10773 21014
 14871 537 25626 18971 1565 12831 1570 9252 21541 20522 4139 15405 12334
 23597 22066 19507 10802 25138 7735 20536 17975 25658 4155 59 21560 17982
 17987 19523 1605 18502 20039 8775 7753 9801 24651 12360 16973 19022 16970
 4688 8784 9813 22101 21078 1622 4185 17504 12384 15461 24678 17002 10347
 14956 2669 25706 16495 24176 21103 21106 1653 23157 14459 20092 23165
 13949 25732 20616 18568 5258 21131 7307 8845 19597 25231 24714 24723 8853
 1688 22681 10394 20124 10397 25758 10399 8864 22690 13987 22693 24232
 11947 21676 20139 3759 11440 1201 6837 6838 24758 19640 2234 22715 11964
 5309 1214 7870 8385 3265 12995 4801 11977 8906 7371 9420 11468 16080
 17617 13013 214 16090 21211 4828 3804 12000 22753 23267 19171 16614 8935
 4327 14569 14059 3825 14066 17139 20211 4340 11510 19703 25334 5369 25337
 7932 15102 17663 7424 4864 14082 19715 12039 265 266 2827 24332 24845
 17164 13583 24844 20750 1307 15132 10524 2335 22816 8481 13090 19235 3876
 11554 25376 7464 3880 24875 17713 309 6454 5941 5435 20796 5949 23356
 16191 23874 23363 2884 10055 21320 22857 24905 11595 22351 22352 25425
 12625 3924 19796 2907 9567 10592 19297 12130 18271 5983 11110 4456 8042
 11627 21355 1389 12141 17260 2416 16241 1398 24440 24442 10619 22909 4996
 25479 7561 21386 13706 18318 11664 7056 23953 7061 13718 11671 17817 7578
 22427 21401 3997 10141 13725 22426 8101 4517 20905 7084 23985 1462 953
 13242 13753 447 4544 14274 11718 24519 1991 12239 10192 15313 2514 15831
 16855 8663 22490 13275 15836 8153 17882 4568 21472 18401 18913 17377
 25060 3045 7142 3558 8678 3052 7148 22007 24056 1017 25594 13311 18083
 12462 20753 1394 3544 17275 1887]
[12486 9567 14394 9813 12380 24519 22690 15102 20796 25594 25425 24396
 7084 9317 21676 3924 23801 4456 17504 25626 2335 19703 23691 7424 18318
 8358 1389 1991 23165 3759 24723 22909 14947 982 4185 20099 21541 16399
 2907 15363 11351 6250 6355 7464 1570 17139 12831 1688 24875 1214 15887
 309 1605 6837 25104 13834 15461 20211 12334 19995 10773 2514 1653 7307
 1307 16191 15313 12995 3052 3825 25689 11110 17553 3696 20536 5309 25060
 22007 19715 22215 1017 19297 5941 6217 9848 4864 11671 19235 14970 3457
 22142 25231 13706 6334 18851 19523 18502 13583 15522 265 14274 59 7206
 15405 13013 8906 785 25316 23874 5336 447 2978 13298 2573 18437 25402
 3265 10255 836 10922 8145 6678 19022 24232 2416 17164 13737 20522 11627
 9976 10889 1730 4381 21472 16495 14569 13048 8864 10592 9639 2565 4340
 22066 22351 19064 13889 10619 4801 22070 12130 14459 9596 23953 11302
 23356 2574 19640 23246 9357 14066 23157 11947 3246 21010 17704 18568 7844
 2031 16944 21355 21106 1711 19597 21320 10055 1201 4139 20344 21401 2821
 9420 4484 11108 10327 25785 10674 3923 1370 7605 23985 12452 5895 17511
 21078 20139 21014 6202 8042 11718 5073 14196 2234 3142 3738 13593 1622
 22849 20872 23941 19018 5274 24440 23894 2078 17260 8888 22615 9307 3359
 18042 10015 20989 16541 6107 4201 7783 20421 12655 16096 16614 527 1118
 7423 25138 25123 25847 17984 9553 4103 1828 5983 14786 4774 23942 12114
 13896 8784 5118 18898 2552 4568 9416 23487 7859 3974 2064 76 23435 25559
 22426 25007 2845 23607 7800 7801 7850 23253 2917 11905 643 17910 4720
 15574 8493 20301 13525 944 17404 16767 7305 9320 18411 13321 22710 24187
 23528 20534 18500 18275 16528 16272 15714 13097 12493 11373 11362 8417
 2392 1194 9409]
[20124 14791 16855 14394 12380 15132 22101 20092 21211 25425 24332 953
 17987 4544 12000 6838 21131 20039 3924 4456 20616 24651 25626 2335 19703
 23691 3997 10557 22681 19507 13320 4330 5949 22816 25337 20380 8775 15713
 25479 5369 13646 10399 24658 964 23267 13275 2827 3759 15836 17523 14376
 22715 2954 3804 20267 6454 22909 7371 13040 4194 25456 15009 982 4185
 21541 16399 2907 13411 22857 11660 4772 7464 1570 17139 12831 1688 24875
 1214 15887 309 14871 6837 25104 8845 10817 11964 13834 15461 11664 10773
 8663 10192 873 24056 7561 9728 3052 7578 25689 17553 3696 20536 5309
 25060 22007 19297 14686 6217 9848 19235 14970 3457 22142 2669 25231 13706
 6334 10665 18851 12384 18502 7745 14315 13583 13090 15522 17742 265 59
 7206 266 15405 8197 8385 20905 785 19532 13242 25316 5336 447 2978 13298
 25402 3443 3265 20281 10255 16799 10922 8145 6678 19022 5102 2416 17164
 18913 4454 20522 11627 17817 10031 9976 10889 1730 4381 16495 14569 10592
 9639 7363 7142 22351 22679 19064 20750 22180 22070 14459 1131 17793 11302
 23356 23246 14372 16973 2031 16944 24380 8935 8711 1800 7595 13753 8153
 4256 21320 10055 1201 9677 4139 10141 20823 21401 13520 2821 17162 25785
 7605 23985 12452 18203 9361 7870 3875 23948 14450 21078 3907 24084 15450
 3150 6202 24154 18971 25758 13718 19796 8101 7735 10550 4719 2234 16437
 3142 20071 3738 13573 13593 17663 18400 10802 16335 22849 5274 16996
 11825 6287 2078 24357 14192 3359 8285 15269 10015 19059 10397 2216 6288
 20421 11595 15771 527 1462 18436 1118 3063 4888 10959 13725 20583 7203
 9553 5983 17203 14786 4444 12094 12114 8784 4568 3686 21465 23901 17982
 25199 11732 7582 10787 8052 23435 25559 5631 23094 6196 14403 18195 17242
 643 5147]
[14791 23363 13275 14947 25456 982 4185 20099 7753 21541 2907 11351 22857
 11660 4772 7464 1570 17139 12831 18961 15887 309 1605 14871 25104 11964
 13834 20211 11664 12334 19995 10773 2514 8663 10192 873 7056 7307 16191
 24056 7561 9728 12995 3052 7578 3825 25689 17553 3696 5309 25060 22007
 19715 22215 1017 19297 14686 17788 6217 9848 11671 3457 22142 25231 13706
 10665 22427 18851 19523 7745 14315 13583 13090 15522 17742 265 14274 59
 266 24678 13013 20905 8906 785 19532 13242 5336 447 2978 13298 2573 18437
 25402 3443 3265 20281 10255 836 24845 13666 8145 6678 6793 24232 2416
 17164 4454 24078 20522 11627 17817 10889 12118 24844 4381 21472 16495
 14569 10592 2565 4340 16439 7363 1670 7142 24442 22352 22351 24176 19064
 20750 10619 22070 4498 12130 14459 1131 9596 23953 11302 2574 9353 7148
 9357 18602 24297 14066 11947 3246 21010 19574 17704 7844 16973 9259 11592
 24380 8935 8711 7595 19597 10055 1201 20823 21401 9420 4484 7061 4688
 21003 1370 23985 18203 21078 19620 3907 12625 15450 3150 3880 18971 25758
 13718 20008 11977 19796 13851 17278 22574 10550 6588 14502 3558 3738
 18976 22849 5274 17211 8888 22615 15519 8824 7157 4201 4936 19202 17882
 14082 527 19913 5926 7257 3489 14786 23942 4444 12094 8012 5118 8287 4067
 3686 688 23901 2064 12317 2178 7356 7582 6679 20853 8052 5631 24063 7801
 23597 14403 18195 21576 23436 6781 159 3935 11112 7586 5211 5587 24070
 9242 5833 6085 3255 6775 21135 19271 21686 3322 5689 10069 18983 8762
 19829 9686 21037 18839 23641 13611 3591 14454 3514 1247 22760 628 17620
 25726 25664 25630 25570 25548 25544 25524 25454 25307 25259 25205 25146
 25142 25064 25042 24957 24915 24849 24846 24782 23319 11493 9483 5165 716
 19930]
[25425 25456 15009 982 4185 7753 21541 16399 2907 15363 11351 12648 13411
 11660 4772 6250 1570 17139 12831 1688 18961 17713 15887 309 6837 25104
 13834 15461 12334 19995 13311 10773 2514 8663 1653 10192 7056 7307 1307
 16191 24056 7561 15313 9728 12995 3052 3825 25689 11110 3696 5309 25060
 22007 19715 1017 19297 5941 14686 12744 6217 9848 4864 11671 19235 3457
 22142 2669 25231 13706 10665 22427 18851 19523 6224 12384 18502 14315
 13583 13090 15522 265 14274 4996 59 266 24678 15405 8197 8385 13013 20905
 8906 785 19532 13242 5336 447 2978 18437 25402 22276 20281 10255 21159
 16799 836 8145 6678 19022 781 6793 24232 5102 2416 17164 18913 1604 13737
 20522 9976 24844 8069 10592 9639 22066 22352 20750 22070 9596 2574 9353
 14066 2031 11592 24380 20344 20823 21401 3045 22693 10327 3923 1810 18203
 23948 19620 12625 6202 12564 24154 11977 19796 17278 7735 10550 2234 8224
 3142 13573 18400 10802 22849 20872 23941 15617 4370 9307 14192 8824 8285
 16541 8583 16096 16614 15528 1118 19913 7257 17203 4444 12094 12114 16168
 8012 17975 13896 1398 8784 18898 8843 11862 2552 8287 4067 3686 25867
 16988 23664 24717 6621 5426 14180 11356 25277 25012 24981 24968 24967
 24913 24839 24831 24789 24774 24707 24697 24643 24619 24601 24564 24560
 24466 24430 24355 24354 24345 24312 24240 24207 24206 24201 24039 23806
 23694 23651 22778 22607 22588 22456 22254 22181 22082 21234 21172 20993
 20880 20349 20091 19888 19766 19696 19270 19244 18936 18896 18725 18543
 18519 18328 18308 18179 18173 18094 17994 17988 17950 17886 17876 17787
 17750 17675 17633 17548 17401 17392 17309 17294 17206 17171 17075 17064
 17038 16949 16946 16928 16893 16884 16816 16810 16779 16706 16687 16684
 11363 9581 8474 7380 4728 4276 2883 7102]
[12486 20124 14791 9567 9813 13949 24519 22101 15102 20796 25594 25425
 19258 4155 24332 953 7362 1565 7084 17987 9317 21676 4544 12000 21131
 3924 23801 4456 24651 11391 8481 17504 25626 2335 19703 23691 7424 3997
 10557 21386 8358 19507 13320 4330 5949 23830 18401 1389 25337 1991 20380
 2759 15713 25479 5369 13646 10394 17002 10399 22417 23165 14059 23363
 23267 13275 2827 3759 12642 17523 14376 1216 22715 2954 20267 6454 22909
 7371 13040 4194 14947 25456 982 4185 20099 7753 21541 16399 2907 15363
 11351 13411 22857 11660 6250 6355 7464 1570 17139 1688 24875 18961 17713
 15887 309 1605 14871 10817 11964 11664 12334 19995 13311 8663 1653 10192
 7056 7307 1307 16191 24056 7561 9728 12995 3052 7578 3825 11110 3696
 20536 25060 22215 1017 19297 5941 12744 17788 6217 4864 19235 22142 2669
 13706 6334 18851 12384 18502 7745 13583 15522 17742 265 14274 4996 7206
 266 24678 8197 22753 13013 20905 8906 785 19532 5336 447 2978 13298 2573
 18437 25402 3265 20281 10255 21159 16799 13666 10922 6678 19022 6793
 24232 2416 17164 18913 11627 17817 10031 9976 10889 1730 4381 10592 9639
 2565 7363 22066 7142 22352 22351 22679 24176 20750 13889 20565 22180
 22070 12130 14459 17793 11302 9353 23246 7148 18602 14066 23157 11947
 21010 19574 17704 16973 9259 11592 17892 24380 1800 7595 21355 8153 21106
 1711 21320 10055 1201 9677 4139 10141 20344 20823 21401 13520 2821 9420
 3045 4484 11108 10327 25785 14956 3923 21003 12452 18203 7870 3875 16435
 19620 21014 8042 11718 24154 10347 13718 19796 8101 10550 2234 17617
 13987 5274 12141 22615 14192 1396 7545 9710 24512 23476 20831 20325 16375
 14292 13795 13561 12343 11092 11089 10942 10298 9309 7644 6799 6654 6263
 5315 4921 3104 1777 8457 10626]
[22857 11660 4772 6250 6355 1570 17139 12831 1688 24875 17713 1214 15887
 309 14871 6837 25104 8845 10817 11964 13834 15461 20211 11664 12334 19995
 13311 10773 2514 10192 873 7056 7307 1307 16191 24056 7561 15313 12995
 3052 25689 11110 17553 3696 20536 25060 22007 19715 22215 1017 19297 6217
 11671 3457 22142 2669 25231 13706 10665 18851 19523 6224 12384 18502 7745
 13090 15522 17742 59 266 24678 8197 22753 8385 13013 20905 19532 13242
 2978 13298 2573 25402 3443 3265 20281 10255 16799 836 24845 10922 8145
 6678 19022 781 6793 24232 5102 2416 17164 18913 1604 4454 17817 9976
 10889 16495 8069 8864 9639 2565 16439 7363 22066 22352 19064 20565 4801
 22070 4498 12130 14459 1131 23953 11302 9353 7148 14372 18602 24297 14066
 23157 19574 17704 18568 16973 9259 2031 17892 16944 8935 21355 8153 1711
 19597 21320 1201 4139 21965 10141 20823 21401 2821 9420 3045 22693 10673
 10327 25785 10674 14956 7061 3923 23985 7870 3875 17511 18271 19620 21849
 24084 15450 12564 10524 11718 24154 11977 7735 10550 8224 14502 3738
 17617 13987 10802 18976 20872 23941 19585 12809 23894 15617 17260 15519
 8840 14192 6181 2855 3359 8285 20989 12037 7157 7783 19202 2380 11595
 8583 12486 20124 14791 9567 16855 25732 15831 9813 12380 22490 15132
 24519 22690 20092 15102 20796 21211 25425 19258 4155 24332 7362 24396
 1565 7084 17987 4544 21131 20039 3924 23801 4456 24651 8481 17504 25626
 2335 7424 18318 3997 19507 13320 10221 4330 5949 18401 1389 22816 1991
 20380 2759 15713 25479 5369 13646 10208 10394 24658 4828 22417 964 23165
 14059 23267 13275 2827 3759 15836 17523 14376 22715 2954 3804 20267 6454
 22909 13040 16080 4194 5616 14947 25456 15009 982 20099 7753 21541 16399
 2907 15363 11351 23174 13411]
[22101 20092 20796 25594 8481 17504 25626 2335 19703 7424 18318 10557
 22681 8358 13320 10221 4330 18401 1991 20380 2759 15713 25479 5369 10208
 10394 17002 10399 4828 22417 14059 23363 23267 2827 3759 17523 24723
 22715 6454 7371 13040 16080 4194 5616 11440 25456 982 4185 20099 21541
 16399 2907 15363 11351 12648 13411 22857 11660 4772 6250 6355 7464 17139
 12831 1688 18961 309 1605 14871 6837 8845 10817 13834 11664 2514 8663
 15313 7578 11110 3696 5309 25060 19715 22215 1017 12744 9848 11671 22142
 2669 12384 7745 20133 14274 59 7206 24678 15405 8385 20905 19532 447
 13298 25402 22276 3443 3265 20281 836 24845 8145 6678 6793 2416 18913
 13737 20522 11627 1730 16495 8069 10592 2565 4340 7363 22066 7142 24442
 22351 22679 4801 4498 1131 9596 23953 7148 14066 3246 16973 16944 1800
 21355 8153 21106 4256 21320 4139 9420 3045 25785 14956 7061 3923 4688
 1810 12452 18203 5105 7870 23948 14450 13872 5895 17511 21078 19620 20139
 15450 3150 10524 11718 11543 24154 10347 20008 11977 19796 8101 7735
 10550 8224 14502 3558 3738 13593 4108 16241 10802 19585 24440 11825 20081
 6287 17260 10836 2917 11905 17242 10696 19644 1234 17034 16836 16817
 16621 16608 16593 16591 16567 16566 16544 16525 16491 16465 16448 16420
 16363 16352 16311 16289 16269 16240 16209 16207 16174 16164 16143 16122
 16109 16107 16000 15988 15963 15961 15924 15890 15884 15812 15758 15730
 15721 15689 15587 15548 15454 15371 15370 15298 15278 15264 15258 15154
 15078 15063 15032 14861 14855 14829 14688 14681 14657 14625 14557 14524
 14484 14402 14283 14207 14178 13534 12422 10778 9860 8144 8029 8028 7995
 7991 7981 7960 7948 7806 7803 7716 7680 7649 7621 7568 7517 7506 7487
 7443 7365 7342 7341 7306 7256 7239 7213 10947]
[20124 9567 16855 25732 15831 9813 12380 22490 13949 24519 22690 22101
 20092 15102 21211 19258 7362 24396 7084 17987 12000 6838 21131 20039 3924
 4456 24651 8481 25626 2335 19703 7424 18318 22681 5949 23830 18401 1991
 17002 24658 23363 13275 2827 15836 14376 1216 3804 6454 13040 16080 15009
 982 4185 21541 16399 2907 15363 23174 12648 13411 4772 6355 7464 1570
 1688 24875 17713 14871 6837 25104 8845 10817 20211 11664 10773 873 1307
 16191 15313 9728 12995 7578 25689 11110 17553 3696 20536 5309 25060 22007
 22215 1017 19297 14686 17788 9848 4864 3457 2669 25231 13706 10665 18502
 14315 13583 13090 17742 20133 14274 8197 22753 20905 8906 785 13242 25316
 23874 5336 2978 2573 25402 3443 3265 20281 24845 8145 781 6793 24232 5102
 17164 13737 4454 17817 9976 24844 1730 4381 21472 16495 14569 8864 10592
 4340 22066 7142 22352 19064 20750 20565 10619 22070 12130 14459 23953
 17793 11302 23356 2574 9353 7148 14372 24297 14066 19574 18568 11592
 17892 16944 3876 24380 21355 19597 11554 1201 9677 4139 10141 17162 4484
 11108 22693 10327 25785 10674 14956 3923 23985 5105 3875 3482 16435 19620
 18189 12625 15450 12564 10524 11543 24154 2358 9059 5073 11977 8101 14196
 2234 16437 8224 3142 14502 239 20071 20866 1400 14857 22576 15565 25171
 18197 827 12774 19561 25722 25249 25149 24724 24691 24521 23572 23535
 21140 21134 18573 17403 17227 16365 15196 14568 13546 12783 12326 11331
 10907 10874 10783 10709 10326 10322 10253 9893 9413 8945 8418 8412 8332
 8316 8288 8233 8229 8199 8184 8165 8162 8066 8058 8044 8033 8032 7952
 7904 7862 7860 7803 7782 7777 7766 7706 7615 7597 7565 7481 7469 7406
 7398 7350 7346 7342 7336 7281 7280 7238 7237 7225 7155 7114 7094 7078
 7013 649]
[7371 13040 16080 4194 5616 15009 982 4185 7753 21541 16399 11351 12648
 17139 1688 24875 18961 17713 15887 14871 6837 11964 13834 20211 12334
 19995 13311 2514 8663 1653 7307 1307 24056 7561 15313 9728 7578 25689
 11110 17553 3696 5309 25060 22007 22215 17788 4864 3457 13706 22427 18851
 19523 12384 7745 14315 13090 14274 4996 266 15405 8385 19532 23874 5336
 2573 18437 25402 20281 10255 21159 16799 836 6678 17164 18913 1604 13737
 20522 17817 12118 24844 16495 14569 22066 22679 24176 20565 10619 22180
 22070 14459 9596 17793 11302 2574 14372 9357 21010 7844 16973 2031 11592
 17892 16944 3876 24380 8935 21355 19597 10055 1201 4139 10141 20344 20823
 21401 2821 3045 4484 11108 10673 10327 25785 7061 4688 21003 7605 12452
 5105 3875 23948 14450 16435 21078 19620 21014 3907 12625 23529 15450
 12564 10524 3880 10347 25758 13718 5073 11977 19796 8101 7735 10550 6588
 14196 2234 3142 3558 17663 4108 17617 10802 20872 16996 22615 15519 8824
 3359 10015 10397 20989 12037 13951 4201 9801 15583 15908 19913 25123
 20583 25847 13896 8784 11862 23901 17982 7859 2178 76 6679 5370 7800
 23597 5205 14403 17242 24880 5700 8493 11426 12239 23436 7400 25376 6627
 21460 22317 20316 17404 11600 12204 20930 3935 11526 4102 11877 1564 40
 657 14240 12190 221 7145 17519 25058 8915 15888 16090 15712 11557 8310
 18999 18948 9204 379 19919 1009 18959 14636 3290 25584 19269 11193 23146
 15471 15114 15085 15081 14983 14961 14920 14862 14839 14322 13918 13438
 13342 12014 10835 9862 9764 9738 7283 6915 6894 6862 6850 6839 6832 6831
 6826 6819 6804 6754 6699 6675 6646 6532 6529 6505 6485 6467 6448 6434
 6430 6389 6386 6360 6328 6258 6252 6226 6201 6186 6185 6173 6099 6040
 6009 5966 18365]
[11440 25456 15009 982 7753 16399 2907 15363 11351 23174 12648 13411 22857
 11660 4772 6250 6355 7464 1570 17139 12831 1688 24875 18961 17713 15887
 309 1605 6837 25104 10817 12334 19995 13311 8663 1653 7056 7307 1307
 16191 12995 7578 11110 17553 3696 20536 25060 22007 19715 1017 19297 5941
 14686 12744 17788 6217 9848 4864 19235 22142 2669 25231 10665 22427 18851
 19523 6224 12384 18502 7745 14315 13090 15522 17742 265 4996 266 8385
 13013 785 19532 13242 25316 447 2978 2573 25402 3443 20281 16799 24845
 13666 10922 8145 6678 781 6793 24232 1604 10889 24844 4381 10592 7363
 25658 22679 24176 19064 22180 12130 19640 9353 7148 7844 9259 2031 11592
 17892 3876 24380 4256 10055 10141 2821 9420 3045 4484 11108 10327 25785
 14956 3923 21003 1370 7605 12452 9361 3875 16435 17511 19620 3907 18189
 12625 23529 21849 15450 12564 11718 11543 3880 25758 11977 19796 8101
 22574 10550 14196 4719 8224 14502 20071 13573 18976 5274 24440 23894
 24357 14192 8824 10397 20989 2216 7783 9801 1462 1118 14945 20458 8653
 25138 17203 11862 2552 8287 9416 14125 537 25929 2178 7582 25559 1332
 23607 23597 10836 11488 19632 12162 7400 11814 18534 2884 6627 20266
 13635 23259 7483 14159 21180 4452 8259 1665 225 24886 24997 3462 6453
 21540 14238 11525 13167 22397 15623 18610 14250 24923 23978 23841 23823
 23730 23682 23238 23132 23062 22288 22173 22119 22091 22072 22063 22061
 22014 21960 21372 21022 20881 20668 19492 18799 18285 17995 17945 17779
 17753 17746 17743 17724 17654 17653 17614 17464 17428 17419 17418 17392
 17373 17359 17348 17277 17226 17196 17167 17163 17143 17088 17069 17051
 17042 17040 16966 16929 16913 16869 16779 16712 16706 16703 16697 16684
 16657 16601 16593 16545 16544 16542 16512 14902 10105 23434]
[18318 22681 8358 19507 10221 4330 5949 23830 1389 5369 23165 23363 3759
 1216 4194 5616 14947 16399 15363 11351 17713 8845 2514 873 24056 7561
 15313 9728 12995 3052 7578 25689 17553 20536 5309 22007 19715 1017 19297
 5941 14686 12744 6217 4864 19235 22142 2669 13706 22427 18851 19523 6224
 18502 13583 265 20133 14274 4996 59 266 24678 8197 22753 8385 13013 20905
 8906 25316 5336 447 13298 2573 18437 22276 3443 20281 10255 21159 16799
 836 24845 10922 8145 6678 781 6793 24232 2416 17164 13737 4454 24078 9976
 12118 24844 8069 10592 9639 4340 16439 7142 24442 19064 22070 4498 23356
 19640 3875 3482 14450 16435 5895 18271 21078 20139 21014 18189 12625
 23529 21849 24084 15450 3150 6202 12564 8042 10524 11718 3880 10347 25758
 11977 19796 13851 8101 16437 3558 1581 18400 17377 10802 22849 23941
 19585 11825 23894 15617 17211 9307 8840 2855 20989 2216 7157 13951 6288
 16614 15528 1462 20458 7257 5983 25206 17975 5118 3686 21465 14125 23901
 10787 8052 21675 22426 9404 2845 7676 7800 23253 5205 2917 11905 18195
 643 17910 4517 10696 19644 21576 16989 12360 1234 15072 7821 24518 24880
 20419 17034 8493 11426 11814 12080 18534 23290 20804 876 2884 1056 11516
 21028 6627 6152 7250 7249 3083 944 20658 17404 11600 16767 1497 6341
 11112 14159 7305 6860 15180 12941 21038 7586 24757 16773 5211 12161 11833
 12529 2524 3781 5010 40 657 14240 8781 14860 12428 12190 25396 19295
 18134 18062 18022 17989 17973 17886 17879 17865 17863 17748 17710 17686
 17657 17628 17599 17552 17551 17526 17517 17509 17506 17441 17426 17392
 17341 17336 17171 17168 17135 17111 17109 17084 17070 16963 16953 16920
 16828 16816 16768 16751 16710 16697 16688 16668 16656 16620 16573 16570
 16468 16432 13901 5831 25346]
[12486 14791 16855 25732 14394 9813 22490 13949 15132 24519 22690 22101
 20796 25594 21211 25425 24332 953 1565 17987 9317 21676 12000 6838 21131
 3924 23801 4456 20616 24651 8481 17504 2335 19703 23691 7424 18318 22681
 8358 19507 13320 10221 4330 18401 1389 22816 25337 20380 2759 25479 10208
 10394 17002 10399 24658 4828 23165 14059 23363 23267 13275 2827 3759
 15836 17523 14376 24723 2954 3804 20267 6454 22909 4194 5616 14947 25456
 15009 982 20099 7753 21541 16399 2907 15363 12648 4772 6250 6355 7464
 1570 17139 12831 18961 17713 15887 309 1605 14871 6837 25104 10817 11964
 13834 15461 20211 11664 13311 10773 8663 1653 10192 873 7056 1307 16191
 7561 15313 9728 12995 7578 3825 25689 11110 17553 3696 20536 5309 25060
 22007 22215 1017 19297 14686 12744 6217 4864 11671 14970 3457 22142 25231
 6334 10665 22427 19523 6224 18502 7745 14315 13583 13090 17742 265 14274
 4996 266 24678 15405 8197 22753 13013 20905 785 19532 13242 25316 23874
 5336 447 2573 3265 20281 10255 16799 836 13666 10922 8145 6678 19022 6793
 24232 8864 4340 22066 25658 7142 24442 24176 19064 4801 22180 4498 12130
 1131 23157 11947 19574 17704 7844 16973 2031 17892 3876 24380 8711 1800
 7595 1711 19597 11554 10055 20823 13520 3045 17162 22693 10673 10674 3923
 7870 3875 16435 17511 21078 21014 3907 18189 12625 21849 8042 24154 2358
 25758 9059 20008 11977 17278 10550 2234 16437 8224 14502 3738 13573 1581
 21807 10802 16335 5274 15617 470 22615 9307 8840 12039 3359 19059 12037
 2216 16541 4201 7783 4936 8583 14082 16614 15528 14945 20458 7257 25138
 25847 9553 23942 17975 13896 5118 4067 21465 19171 13639 2178 6468 10787
 2845 24063 23597 7850 5205 8493 19632 23436 21028 22317 17404 23437 11267
 13870 17585]
[20124 14791 9567 16855 14394 9813 12380 15132 22101 15102 20796 25425
 19258 24332 953 7084 20039 23801 11391 17504 25626 19703 23691 18318 3997
 10557 22681 5949 18401 25479 5369 10394 10399 4828 964 23363 13275 2827
 3759 15836 17523 14376 24723 2954 20267 6454 7371 13040 5616 15009 982
 20099 7753 21541 15363 11351 23174 13411 11660 4772 6355 7464 1570 17139
 24875 18961 17713 1214 15887 309 1605 14871 6837 25104 10817 11964 13834
 15461 20211 19995 13311 10773 2514 1653 10192 873 7561 15313 9728 12995
 7578 3825 25689 11110 17553 3696 20536 5309 25060 22007 19715 22215 5941
 14686 19235 3457 2669 6334 18851 18502 7745 13583 13090 265 13013 8906
 785 447 13298 3443 3265 20281 10255 21159 8145 6793 24232 5102 2416 17164
 18913 20522 17817 10031 9976 10889 12118 4381 21472 10592 9639 16439 7363
 22066 25658 7142 22351 22679 24176 19064 20750 13889 20565 23356 2574
 23246 9357 11947 3246 19574 17704 16973 2031 3876 8935 8711 1711 19597
 21320 11554 9677 4139 20823 21401 2821 17162 11108 10673 25785 14956 7061
 3923 21003 7605 23985 12452 5105 7870 14450 13872 21078 20139 23529 15450
 6202 12564 8042 3880 18971 25758 13718 19796 7735 22574 10550 16437 8224
 14502 8853 20071 3738 13573 1581 17663 13987 1622 9450 10802 16335 18976
 22849 23941 20081 15617 12141 17260 24357 22615 15519 9307 6181 18042
 15269 10015 19059 2216 6107 4327 9814 11595 16096 5875 15583 16614 527
 1462 20458 19913 7257 5983 25206 23942 8012 8784 11862 16441 8287 4067
 3686 214 23901 23487 12317 25199 7356 11732 7582 6679 20853 8052 23435
 5631 9404 7800 6176 17242 17910 12761 19644 12360 1234 15072 7821 782
 5700 11426 23436 7400 12080 18534 2884 19853 6496 5647 20316 12508 17404
 14337 11607 24027]
[20124 9567 16855 25732 15831 9813 22490 13949 15132 22690 22101 20092
 15102 20796 25594 19258 24332 24396 1565 7084 17987 9317 21676 4544 12000
 6838 21131 20039 3924 23801 4456 20616 24651 17504 25626 19703 7424 18318
 3997 10557 21386 22681 8358 19507 10221 4330 5949 23830 18401 1389 22816
 8775 2759 15713 25479 5369 13646 10208 10394 17002 10399 24658 4828 22417
 964 23165 23363 23267 3759 12642 15836 17523 1216 24723 22715 3804 6454
 7371 13040 16080 5616 14947 11440 25456 4185 20099 7753 21541 16399 2907
 15363 11351 23174 12648 13411 11660 6250 6355 7464 1570 17139 1688 24875
 18961 1214 309 1605 14871 6837 8845 11964 13834 15461 20211 12334 8663
 10192 7056 7307 16191 24056 7561 9728 3052 7578 25689 17553 5309 25060
 22215 1017 5941 12744 17788 9848 4864 11671 19235 3457 22142 2669 13706
 10665 22427 18851 19523 6224 18502 14315 13583 13090 15522 265 14274 7206
 266 15405 8197 8385 8906 13242 23874 5336 447 18437 25402 3443 20281
 21159 16799 24845 13666 8145 6678 19022 6793 24232 5102 2416 17164 13737
 24078 20522 11627 10031 9976 10889 12118 4381 8069 8864 10592 9639 7363
 1670 25658 7142 24442 22679 19064 10619 22070 4498 12130 1131 9596 2574
 9353 23246 7148 14372 9357 24297 3246 21010 19574 18568 7844 16973 9259
 2031 17892 16944 3876 8935 8711 1800 19597 21320 11554 10055 1201 4139
 21965 20344 20823 21401 4484 11108 10327 21003 7605 23985 12452 18203
 9361 7870 3482 23948 16435 5895 17511 19620 20139 3907 18189 12625 6202
 12564 10347 18971 25758 9059 13718 11977 19796 13851 17278 8101 7735
 14196 2234 16437 3142 3558 13593 17663 4108 13987 17377 10802 18264 16335
 18976 23941 19585 12809 5274 11825 20081 23894 2078 24357 8888 22615
 14501 14192 16517 15330 4086]
[9728 20997 8197 20487 13320 2565 13834 8711 16399 15887 18961 25104 10255
 20501 10773 14871 19995 13851 12831 8224 1570 7203 15908 20515 21541 7206
 14376 20522 12334 22066 19507 16437 17975 21048 20536 14394 4155 59 7735
 10817 7745 17987 21060 19523 18502 13896 6217 21066 21067 20554 19532
 20560 6224 24658 21587 20564 21078 22615 11351 4185 25689 15450 12380
 1118 17504 4194 14947 16996 9317 3686 7783 20583 4201 9832 21094 17002
 6250 15461 2669 3696 14956 1653 9848 20092 23165 22142 11391 20099 22007
 23174 1670 8840 18568 5258 7307 8845 19597 25231 17553 9361 22679 1688
 22681 10394 3738 10397 10399 8864 15522 21155 4772 13987 4774 10922 20139
 3759 11440 20659 21172 6837 6838 20665 25785 21179 22715 11964 1214 3265
 21186 1730 2759 24056 21193 22215 7371 21200 17617 6355 20693 13013 5336
 4828 3804 21215 16096 12000 22753 23267 21220 14569 14059 20720 13040
 3825 20211 4340 14066 20727 20728 23801 25337 5369 21244 9981 9976 7424
 4864 24678 19715 21255 266 24332 17164 18189 13583 1307 15132 10524 22816
 21281 7464 17704 20267 21292 14125 24875 17713 309 6454 5941 20281 19258
 20796 16191 22849 23874 23363 836 22857 24396 13646 17742 25425 12625
 3924 23894 2907 14686 10592 15713 12642 12130 11108 11110 4454 12648 873
 11627 1389 25456 20850 3443 1398 10619 17788 22909 17278 21377 3457 23941
 25479 13706 11660 11664 7056 23953 21396 21399 11671 21401 7578 15771
 20380 3997 16799 20896 2978 18851 15269 9639 10665 20905 7084 10674 1462
 20920 13242 447 4544 14274 964 1991 19913 23497 8653 10192 20945 2514
 15313 8145 20949 21462 15831 982 8663 22490 15836 10208 21473 20962 20961
 18401 25060 3558 18400 3052 10221 5102 2031 5616 5105 20470 3063 20984
 1017 25594 20987 13311 18360 11466]
[12486 20124 14394 15831 9813 12380 22490 13949 15132 22101 20092 15102
 20796 25594 21211 25425 7362 24396 1565 7084 17987 9317 21676 4544 12000
 6838 21131 20039 3924 23801 4456 20616 11391 8481 17504 25626 19703 23691
 7424 18318 3997 10557 22681 8358 19507 13320 10221 4330 5949 23830 1389
 22816 1991 20380 2759 15713 25479 5369 13646 10394 17002 24658 4828 22417
 23165 23363 23267 13275 2827 3759 15836 17523 14376 1216 24723 22715 2954
 22909 13040 16080 4194 14947 25456 982 4185 20099 21541 16399 2907 15363
 11351 23174 12648 13411 22857 11660 4772 6355 7464 1570 17139 12831 24875
 18961 17713 1214 15887 309 1605 14871 6837 25104 8845 10817 11964 13834
 15461 20211 13311 10773 8663 1653 10192 873 7056 7307 1307 16191 24056
 7561 15313 9728 12995 3052 7578 25689 11110 17553 3696 5309 25060 22007
 19715 22215 19297 14686 6217 9848 4864 19235 14970 3457 22142 25231 13706
 6334 10665 22427 19523 6224 18502 7745 14315 13583 13090 17742 265 20133
 14274 59 7206 266 24678 8197 22753 20905 8906 785 19532 25316 23874 5336
 447 2978 2573 25402 22276 3265 20281 10255 16799 836 13666 10922 8145
 6678 6793 2416 17164 18913 1604 13737 11627 17817 24844 4381 16495 14569
 8069 8864 10592 2565 4340 7363 22066 22351 22679 19064 20750 22070 23953
 11302 9353 14372 9357 18602 23157 19796 8853 1581 4108 18400 16241 1622
 5274 5258 24357 470 22615 14501 21103 19059 2216 4327 13951 2380 16096
 18436 1118 25847 9553 4444 24905 17975 17037 10455 8784 18898 8843 2552
 8287 4067 3686 9416 9832 214 14125 23487 7859 3974 12317 13639 7356 7582
 10787 21675 23435 5631 2905 1332 25007 23607 5370 7800 1306 10836 6176
 11905 18195 643 10696 19644 4720 7821 11426 12239 18534 16409 3760 21080]
[12486 9567 25732 14394 15831 9813 12380 22490 13949 15132 24519 22690
 22101 20092 15102 20796 25594 21211 25425 19258 4155 953 7362 1565 7084
 17987 9317 4544 12000 20039 3924 23801 24651 11391 17504 25626 2335 19703
 18318 3997 10557 21386 22681 8358 19507 10221 4330 5949 18401 1389 22816
 25337 1991 8775 2759 15713 5369 13646 10208 10394 10399 24658 4828 22417
 23165 14059 23363 23267 13275 2827 3759 15836 17523 14376 2954 3804 20267
 6454 7371 13040 4194 5616 14947 25456 15009 982 4185 21541 16399 15363
 23174 13411 22857 6250 6355 7464 1570 17139 1688 24875 17713 15887 309
 14871 25104 8845 10817 15461 20211 11664 12334 13311 8663 1653 10192 7056
 7307 1307 16191 24056 7561 9728 12995 7578 3825 25689 11110 17553 3696
 25060 19715 1017 19297 5941 14686 19235 3457 25231 6334 18851 19523 6224
 12384 18502 7745 13583 13090 17742 265 14274 266 15405 8197 22753 13013
 20905 8906 785 19532 447 2978 25402 22276 3443 20281 10255 24845 13666
 8145 6678 781 6793 17164 18913 20522 17817 10031 10889 24844 21472 16495
 13048 10592 9639 2565 7363 1670 22066 24442 24176 20750 13889 22070 14459
 1131 23356 9357 19574 16973 9259 2031 7595 8153 21106 9677 21401 2821
 25785 14956 7870 3482 14450 13872 23529 10524 11718 11977 19796 14196
 4719 3558 3738 17663 13987 18976 19018 5258 24440 16996 470 8840 18042
 21103 10397 2216 16541 4201 11595 16096 5875 17882 15583 16614 15908 527
 1462 18436 1118 19913 7257 7423 13725 25123 20583 25847 17984 7203 25206
 24905 17037 13896 1398 18898 2552 16441 8287 4067 3686 21465 9416 14125
 17982 7859 3974 12317 2178 6468 5631 2905 25007 2845 24063 7850 23253
 18195 643 19644 12360 7821 11488 12162 23436 11516 6781 17810 18693 22777
 11901 1652 17290]
[9728 15363 13834 21003 2573 24078 16399 15887 25104 18961 10255 2064 6678
 14871 21014 6679 19995 18971 1565 12317 12831 1570 14372 7206 14376 4139
 23597 12334 16435 22070 16439 20536 14394 4155 59 25658 6202 10817 7745
 17987 19523 13889 20039 21576 6217 12360 16973 3150 4688 9813 20565 11351
 10327 4185 15450 12380 12384 13411 15461 9317 24678 1131 14956 2669 16495
 3696 1653 23157 19574 9848 19064 14459 13949 22142 20099 643 23174 1670
 18568 6793 9353 21131 7307 9357 19597 25231 17037 17553 9361 1688 20124
 4256 15009 22690 15522 4772 22180 7844 21159 22693 12452 10922 18602
 21676 11947 3246 3759 11440 1711 6837 6838 19640 25785 22715 7356 5309
 1214 6334 7870 8385 3265 7363 4801 12486 9416 8906 7371 23246 16080 13520
 1234 6355 13013 214 4310 21211 3804 22753 25316 8935 24297 13040 3825
 14066 20211 9976 13048 15102 4864 19715 22276 1800 266 2827 24844 24845
 781 20750 18189 1810 12564 1306 1307 15132 2845 13090 11554 3876 17704
 24875 14125 17713 309 6454 5941 20281 19258 25402 20796 23356 24380 6970
 13639 11592 21320 24905 1864 24396 17742 22352 25425 21840 3923 3924
 12118 20823 2905 1370 2907 4444 23901 14686 9567 10592 19297 12642 12130
 11108 18271 11110 12648 873 8042 21355 2416 20853 1398 20344 10619 17788
 9596 3457 17793 4484 3974 7561 2954 13706 11660 11664 7056 11671 17817
 7578 22427 21401 3482 16799 2978 18851 9639 20905 13737 7595 7084 25007
 23985 10674 7605 14274 14791 24519 12744 1992 10192 15313 8145 982 16855
 15831 8153 22490 21465 4067 17892 3045 7142 23529 14315 3052 7148 2031
 5616 24056 1017 5118 13311 20867 21765 15888 16529 3347 16020 3735 20511
 5928 13750 22199 14655 13504 13766 12231 5964 16337 1888 16125 7162 6011
 4348 7421]
