Fault List:
57
61
37
54
55
57
53
57
52
57
57
49
56
58
52
52
58
51
49
55
58
53
58
53
49
58
59
55
53
54
FDR List:
0.6195652173913043
0.6630434782608695
0.40217391304347827
0.5869565217391305
0.5978260869565217
0.6195652173913043
0.5760869565217391
0.6195652173913043
0.5652173913043478
0.6195652173913043
0.6195652173913043
0.532608695652174
0.6086956521739131
0.6304347826086957
0.5652173913043478
0.5652173913043478
0.6304347826086957
0.5543478260869565
0.532608695652174
0.5978260869565217
0.6304347826086957
0.5760869565217391
0.6304347826086957
0.5760869565217391
0.532608695652174
0.6304347826086957
0.6413043478260869
0.5978260869565217
0.5760869565217391
0.5869565217391305
Time List:
183.32915997505188
178.12145113945007
177.5856809616089
179.72055387496948
179.0645411014557
176.57159185409546
175.96138405799866
183.63635301589966
188.49091482162476
193.5885181427002
172.36869382858276
183.27969813346863
181.71276593208313
180.86921381950378
184.06590509414673
182.11347889900208
182.01758122444153
183.40249300003052
182.96236896514893
181.98749899864197
182.30083417892456
182.18377208709717
180.87222909927368
183.05373311042786
180.56882309913635
182.08884406089783
187.3809769153595
183.7404100894928
178.35292601585388
181.96689772605896
Subset List:
[6484 7435 7773 8609 5275 4866 621 5558 1112 7207 1687 7270 2824 5848 5381
 3541 1358 9240 1753 1606 9377 4357 5342 3935 5354 2080 9321 4439 7396
 8877 1377 8604 1498 5663 7776 4112 9900 5505 1098 8274 5792 4904 8018
 2878 6724 7343 6074 1887 5985 6477 5917 4987 3232 7377 3337 9928 9340
 6694 1443 8174 6323 3529 9283 1579 9385 607 9889 7672 7146 4906 8080 9135
 6533 7461 4994 5678 7928 5645 240 4585 928 1000 598 8244 9767 9040 5175
 9072 6840 8984 3250 3944 8378 921 1934 1944 723 932 9874 9309 9204 3455
 2796 2928 3017 3684 9513 8074 5560 7251 9708 4752 3438 1346 1743 3714
 6362 1755 6277 5503 9006 2194 3657 2707 646 7322 8236 9271 6179 2269 3804
 3497 3283 9139 9703 4185 3556 2147 4666 5431 560 7511 8827 2038 2553 6349
 5738 9378 8344 7129 3646 8631 325 4662 4151 7865 4285 525 6125 2978 566
 7611 6220 5243 3371 5211 3344 6293 6258 6114 9215 6154 204 1873 6990 4854
 6422 901 6883 3978 3258 309 2636 4262 9033 5132 4239 3255 3997 4136 9587
 9247 4308 3131 5693 643 7523 4063 13 8414 4527 3853 9720 2255 9911 5716
 5067 119 7836 7979 5958 9471 4884 1510 1300 6587 8638 8771 6412 7157 9244
 8180 3937 9090 2060 5462 1534 4174 4703 2561 3700 6398 116 2566 7487 4488
 487 7260 8697 7337 356 685 7649 4222 2344 9757 5426 4586 4792 109 6124
 6270 1568 7614 8746 5653 8444 1705 4932 7096 171 8902 7292 7690 2981 5666
 1680 5152 1785 7248 2198 4165 416 3491 2018 7820 1362 8799 2260 93 3531
 4973 5516 1317 9318 4913 4554 5871 4957 2250 1514 5404 8233 727 7661 2281
 644 3819 6856 6914]
[5437 1736 6422 9951 745 3978 5132 7750 8926 9247 4063 7758 7836 7979 319
 5264 3878 6425 9436 7285 9367 9997 4515 3149 7195 5725 3701 468 9233 4251
 9003 5879 4926 8697 694 6484 7435 1178 7207 4039 3964 5381 6094 3458 1753
 1606 4357 5342 3935 4051 1350 379 8877 1377 8604 593 4112 5632 9900 9657
 6391 1098 5257 5792 7367 2878 919 6074 8227 5985 6477 7377 4654 3337 6694
 9300 1443 7375 9385 8362 7557 7019 8735 6498 7672 7146 4906 6533 7461
 3386 7928 1511 422 7833 457 1778 678 6840 71 1134 7659 3944 8378 723 932
 1610 9874 9597 3874 1868 9265 9309 7791 2720 4284 2661 8375 5147 3129
 9659 2528 8578 9204 4370 3704 9497 8060 8786 3377 3455 6620 656 7459 2053
 6280 9524 363 132 606 1611 2446 9883 2111 2145 630 2928 8931 138 440 7718
 9328 6319 3017 4571 5814 1669 3080 2348 4019 2393 3474 2666 3171 5541
 7978 967 9708 5355 4944 2113 9933 7867 5112 9872 5540 4028 9629 7538 7417
 3532 8592 1346 4206 4444 3714 6362 5142 3575 5222 2762 6721 4337 9061
 9006 8510 3657 2707 2863 8236 4658 9271 3669 9013 4095 3497 6023 9703
 8567 1969 8312 170 2131 5039 7511 7600 3389 670 867 1635 8827 3726 2038
 835 6719 625 5947 1497 6642 3167 8811 3646 9590 4582 329 8629 3126 8291
 325 6606 5449 9173 4662 7422 9054 9307 6177 4151 2978 7787 5810 3890 1677
 3620 8548 5211 1607 4293 971 6293 7501 6529 9984 6258 6114 9653 4469 2486
 5556 3271 396 3612 2015 2541 9208 6508 793 4445 6839 5386 236 782 2430
 6528 3942 2470 3345 3451 2756 1062 5103 7193 179 6142 3339 2861 5751 5263
 8243 7355 4717]
[8877 9808 6694 8510 1728 3556 6606 7397 4293 177 4559 6811 3942 204 8851
 6147 8776 6422 3641 309 5061 4262 1645 5790 4239 3997 4136 9492 4308 9592
 3131 7523 4063 8414 4417 3853 3074 9372 9720 3236 5716 1146 5638 6093
 2138 7979 4940 4884 4863 8557 3878 7285 8141 8508 3018 5936 1833 7157
 1713 3701 9339 8959 1740 8373 9344 4632 2298 9871 9964 8623 941 6162 7479
 8451 3631 4889 6746 2743 1534 2474 3528 4703 503 8470 9764 768 4278 6398
 116 9721 5094 5879 5920 2697 7293 5610 4102 537 4488 5977 6474 2818 605
 7337 5922 8127 8829 1501 6615 961 358 8760 685 6382 287 1544 2344 9555
 7666 4843 7531 437 6124 8401 6270 8839 731 2273 1354 4599 749 4410 2651
 4121 7398 1705 1761 7807 8733 7178 7330 416 2507 2098 7856 9456 8524 6106
 9461 9771 7411 6404 727 7661 6856 4669 4953 1383 2314 9332 1925 5430 8048
 8689 9374 8764 9066 4853 5837 4126 3494 5169 5031 7904 4267 7794 2008
 8388 7761 7645 5684 1025 1772 8330 3050 9798 6623 4453 5320 3221 4419
 5256 330 6444 7267 8493 7339 2625 6575 2240 448 9342 1492 6069 4909 2585
 2343 173 3876 3958 2027 5764 9660 9326 4277 1604 7513 2170 9345 5749 9089
 5407 8858 8102 4700 7149 3261 3427 7760 922 127 2020 3209 5787 3634 4305
 2865 5960 7245 7395 375 8650 9899 496 6036 3044 9295 1762 7356 5733 8848
 9610 9750 8673 9549 9026 6086 2790 2646 4297 332 4078 4384 7189 5382 7015
 1972 9181 5038 6998 803 5101 5998 381 1230 2120 8419 1465 2235 1068 1521
 2882 2609 9223 3355 1502 2982 3512 9268 4210 4924 799 1529 6104 2613 8276
 1487 4217 3449 4123]
[7435 4232 1112 1687 2824 9402 3797 3458 7613 8877 1377 9168 8168 5632
 4877 4690 8274 5792 4154 6074 5985 5917 2671 4987 7377 4654 3337 9928
 5685 6694 7745 8854 9283 5862 8682 7375 1579 607 7672 7146 9135 4994 7928
 240 4585 9767 9040 6840 7009 71 1134 9620 1958 8378 1934 9874 6671 1355
 8970 2720 2888 6248 1101 2661 2422 3493 9659 2528 5077 3704 6620 656 1964
 673 7459 9524 9007 132 9883 2111 8807 630 5372 9918 2928 8886 7718 4175
 1669 4019 9934 9084 5541 4463 967 7528 6245 8319 6002 5674 4944 5162 2113
 5940 5926 7255 2021 4028 2787 3532 4020 3904 4206 1743 8265 6362 2749
 1755 111 7233 9316 3655 8070 5503 9006 2194 6135 2707 646 7322 9271 219
 6490 6179 3804 1728 9383 2524 7728 9703 6852 5089 8312 5431 7511 670 2704
 1202 1635 2038 2553 2912 6631 625 477 428 3267 3167 3646 7489 8631 1431
 4965 6606 3867 3353 6657 5529 1588 7104 5810 566 3890 2494 3371 3620 1464
 8548 5199 3536 9752 4293 3600 6529 177 6258 3708 7060 2486 1583 7724 9215
 2261 8627 6990 4 3178 4879 9951 6084 745 6883 4114 7100 7021 4435 9618
 3255 3997 7901 9247 2304 3131 5218 3853 3074 9720 2255 6736 1146 7995
 5067 6093 5958 1379 4602 1147 6587 8638 4331 1738 5732 3878 9436 7347
 1520 6827 7223 3149 3289 5725 401 3018 5936 1679 9339 8373 3937 994 4067
 5462 4873 941 1950 7479 2743 7704 4595 503 8470 9764 1144 4327 7624 6107
 4682 2401 7293 3728 4954 4488 5977 5637 9457 1912 7555 512 4875 8518 8127
 3751 6636 6454 2344 9001 1313 9969 8171 2710 2998 8839 2273 1354 2791
 7185 2306 1244 5961 6306 2823]
[694 6484 7773 4170 8398 8609 5275 4866 621 1178 5558 1687 7119 6648 9402
 6386 3541 9240 1606 9377 4357 7613 2080 4439 574 1377 8604 8766 593 7776
 2 5632 9900 4877 6391 1098 262 5257 8018 919 4154 8227 1887 5985 6477
 4987 3337 9928 8174 3529 9283 8362 7019 6498 7146 6157 8080 9135 7461
 5027 5437 1511 4585 422 7833 1161 9767 9040 288 8657 9072 8984 2455 7009
 71 9611 1134 1958 8378 1934 1944 723 1610 9874 9597 3874 9265 9309 3694
 2888 6248 4284 4964 7733 9544 2422 2558 5147 1758 9659 160 2673 9204 8311
 4370 9497 2693 259 2905 656 1964 2053 7944 6280 9524 9007 363 1611 8807
 2145 630 5372 9114 3099 7718 2901 3017 4571 1554 6254 1669 3684 9513 9804
 9934 9084 3474 3171 8074 5541 967 8319 9708 6002 3438 4593 5355 4944 2113
 5940 5926 9933 7867 5112 1258 2787 4895 4020 5799 1346 8061 16 6005 2054
 923 7233 2989 2762 6721 9006 5688 2467 2707 8236 9271 3669 6179 9184 3013
 4095 6912 6023 2202 471 4185 3556 1969 1436 2131 5039 4666 5431 7511 7600
 5466 3756 3726 2038 835 6631 1497 1211 3167 3646 4254 1431 329 4965 3635
 1270 525 6332 7104 1248 7611 6220 5579 4293 7042 3946 3600 7501 1882 9910
 5053 587 9653 8463 5556 396 7919 3315 4967 4383 9576 5293 8702 6247 2896
 236 8528 8590 5103 6823 1895 3339 832 7724 8243 1980 7355 113 5273 6990
 8373 9233 9964 4174 3528 4600 8470 9764 6507 116 9003 5879 5920 2069 7293
 4488 4926 7521 7337 9875 4149 8760 5899 7649 9001 7666 3465 2817 7057
 4073 731 1354 1244 4335 2340 680 749 114 5009 7311 2810 4578 8611 3505
 6555 8733]
[7435 7773 4170 8609 5275 4866 1178 4232 7207 4858 4039 2824 5848 5381
 6094 34 3541 1358 1606 7640 4357 5342 4615 2080 4051 9321 6684 1350 379
 8604 593 657 8168 1498 5663 3742 4533 4877 6679 9657 1098 5257 8729 7367
 2878 919 7343 4154 6074 1887 5985 6477 4987 7377 2506 3337 9808 3162 9300
 1443 6323 3529 8854 8362 607 9889 7672 4906 8191 422 9773 678 71 723 5773
 7791 2888 969 2661 3613 9139 9703 6852 4185 5631 5431 560 7511 2038 2912
 835 6631 625 7006 1211 477 5738 7129 7489 9590 8629 4965 6606 7397 6040
 5449 7422 9054 5591 6125 7104 7787 566 3890 2637 2494 1677 3620 1549 1464
 5463 8548 3805 5579 1607 6505 7514 7042 3600 1882 9910 8411 7053 8849
 9984 6114 9891 3708 5221 4469 2486 8364 3612 3315 6795 6802 4383 157 2541
 2766 6508 5386 7193 8720 1385 6142 859 3339 832 8919 8243 3239 2261 3583
 8627 5273 6990 1731 6147 4879 9951 6239 309 5675 4262 9033 7021 5790 5509
 5132 4136 2304 8075 5693 4527 7758 8071 6736 3236 5716 1146 7995 1800
 1379 547 5274 1510 139 1300 1593 6587 7285 3136 2384 7223 7599 2320 8476
 5936 3448 9244 6201 9339 6879 1740 9344 4632 2298 8180 468 994 7386 9964
 7479 7962 8451 2081 3528 4703 4756 7624 8097 6507 4215 116 8793 4699 5920
 7487 9696 3728 5977 9863 6756 456 7475 5358 279 5417 100 961 4149 6075
 8760 287 7975 2344 4825 1920 1313 7666 2710 5426 7531 4586 5022 4792 3827
 6919 4073 9171 8839 731 2273 8272 7105 7185 5585 9536 8746 3393 1299 2340
 5961 9125 114 1015 8859 5653 4199 1463 8093 7398 1761 7807 7065 580 2301
 7735 5767]
[1687 7270 4858 4039 3964 2824 9402 3541 1606 7640 4439 7396 574 6684 1350
 1377 9168 8576 8766 5632 4690 1098 9197 5257 9406 919 7343 5985 6477 2506
 3337 8742 9808 5685 9300 1443 7745 3529 9283 1579 7557 8735 7672 7146
 4906 6533 5027 5678 3386 7928 5324 1511 1594 422 7833 928 9767 9040 288
 1778 8657 9773 9072 2455 5807 4411 3250 3944 1145 723 9874 9431 5472 1868
 9265 2720 2888 4284 7733 969 1617 2558 8375 97 3129 160 7269 2528 8578
 7484 8311 8010 3704 2693 6620 2905 656 1736 1040 6280 9524 9007 363 132
 606 8630 1611 2446 630 5372 5040 138 8886 7718 2901 3017 7003 4571 5814
 6254 9355 9934 8074 967 661 3554 8319 9708 5674 9199 9412 4050 3702 4782
 2113 5940 2063 9933 7867 4028 7538 1258 4895 3532 8592 8737 8061 4298
 4206 1743 4444 6772 3714 2054 111 3575 7233 9316 6277 5222 2762 8462 9132
 4337 9061 9006 2664 1438 6135 7322 3622 4892 8236 4658 8073 1728 3283
 3882 9139 6912 1555 7728 9703 8567 471 6852 3556 8312 6393 170 1436 5039
 5431 7600 670 5580 5466 3756 2038 2912 6631 1162 625 5947 7006 1497 5348
 9378 8811 6819 8176 4254 4582 8629 8291 3867 7397 6657 5449 7422 4862
 8064 9307 5529 2978 1588 566 6505 7042 3946 9725 8849 4044 3628 4967 6802
 5907 4001 5386 6811 6528 1076 859 295 2477 8243 1980 4717 862 1873 8079
 4854 3178 4134 4879 9951 3258 8791 5339 7714 4435 4212 4771 9587 5008
 9247 2304 7523 4063 7758 3074 1146 7995 6093 7979 5958 319 1593 6622 6759
 9421 1965 9483 7122 3149 401 8476 3018 6412 7157 3100 9098 3740 4353 1679
 2605 6201 9339 1740 7708]
[7435 2824 9402 6094 7613 379 1856 593 657 3742 2 4533 4877 9657 1098 9928
 9340 6694 8682 9385 6498 2475 8191 457 288 1778 8657 2786 9773 2455 71
 5807 564 1958 921 1145 723 1610 9431 5472 9309 7791 1617 2422 97 160 5077
 4370 8060 2693 656 1736 673 1040 7944 8807 5372 8886 440 7718 4571 1554
 1669 2348 9934 8074 4463 5015 8319 4752 9199 2113 5540 2787 3532 16 4298
 4206 1743 4444 2054 6277 5503 4337 9006 2228 6135 7322 3669 219 6490 8073
 6179 2269 9184 9568 1728 3283 9139 6023 9703 4185 1969 2147 5631 7511
 2895 2553 6719 1211 6642 4139 477 5738 428 9378 3167 6819 3646 7489 9590
 4582 329 8629 3126 4965 3867 7397 6040 4662 9054 4862 8064 4151 4285 525
 7787 7611 6220 2637 5243 2494 1677 3620 1549 1464 2106 5199 5579 7982
 1607 3946 3344 971 8411 7955 3066 7053 9984 587 6114 9653 9694 4044 8364
 6001 4967 9576 2015 5293 2541 8702 6508 4445 8809 236 4304 2480 6811 782
 3056 8590 1076 6142 5751 832 7724 6153 5263 862 5997 2261 8627 8079 9738
 6422 4134 9951 3641 4114 6239 9319 2636 5061 9033 8791 4435 7750 9587
 5008 7901 9247 1016 9592 5693 643 4527 4417 4440 7758 215 6736 5638 5067
 6093 5599 2138 2039 1379 6241 4884 1300 5732 7089 7285 3031 4371 9400
 3289 6412 7157 4625 3448 9244 1679 6593 8373 9344 4455 8180 6183 4067
 9233 9090 4873 7962 2831 3631 4889 1534 2474 8678 603 2929 8238 7690 5666
 5126 7079 6931 1785 4826 1109 6656 6448 4908 31 5994 5177 3237 4973 8284
 1585 7755 1453 2250 4766 9552 687 7411 6404 8233 5154 727 3819 3111 6486
 4953 8884 8485]
[6484 7435 7773 4170 8398 1445 8609 5275 4232 5558 1112 7270 4858 4039
 3964 2824 9402 6094 8135 9240 3458 9377 5342 5354 7396 1350 379 8576 8766
 1856 5663 3742 4877 9657 1098 5257 8274 8729 2878 4154 6074 6477 9928
 9808 1443 3529 8854 9283 8362 607 7557 7146 4906 8080 6533 4994 8191 5437
 7928 1594 422 1000 9767 1778 8657 678 6840 7009 9611 1898 1958 8378 1781
 1944 1636 9597 9309 8664 2720 4284 969 1617 2661 2558 7166 5077 8010 9497
 8060 2905 1736 2796 6280 9524 363 132 2446 9883 2111 8807 3613 2145 5040
 2928 440 8011 9328 5814 6254 1669 9804 2666 3171 8074 7978 4463 7528 3554
 8319 9708 6002 4752 3438 9412 4050 7619 7867 7255 2021 9629 4895 4020
 8061 6005 4444 6362 1755 3655 8070 5503 4337 9061 8510 2194 2467 1438
 6135 9558 219 8073 9184 3804 9139 2524 2202 8567 471 6852 5317 3556 170
 5631 7511 7600 867 1202 2912 1211 9378 30 3167 4254 329 3867 7397 3635
 5449 5591 4862 9307 4285 1588 7104 5956 2072 2494 904 3371 5158 1677 5579
 9752 1607 6505 3344 3600 9051 6258 587 6114 9891 9694 8364 4559 5293 2541
 8809 2480 2780 3983 8528 8590 6823 1076 5751 832 4717 862 5997 6637 6755
 3583 1873 8627 4478 4 8643 4854 8851 1731 6147 9681 6422 901 4879 1793
 5935 6883 3978 6239 5543 4262 9033 3200 8791 2879 4239 4212 4771 9587
 5008 9247 3856 9492 1016 4308 3131 5693 643 5017 3074 9372 9720 2483 1146
 5638 9469 119 2138 3752 1510 6645 4331 6622 6425 9436 3136 9956 7347 9029
 8771 7122 9400 7898 401 7157 8288 1713 9244 1702 8959 9344 6109 5462 4873
 2554 3631 4703 4600 1738]
[694 6484 1687 7270 4858 6648 4039 5848 8135 3797 3458 1753 1606 9377 7640
 5342 3935 9321 4439 6684 1350 1377 8576 8604 3742 7776 2 4112 4877 6679
 4690 1098 262 8274 5792 4904 8729 2878 6724 4154 8227 1887 5985 6477 5917
 7377 4654 3337 9928 8742 9808 6805 5685 1443 8854 7019 8080 9135 4994
 8191 3386 7928 240 4585 1594 928 1000 598 1161 8244 9040 9773 2455 71
 1134 4411 9620 1958 1934 9874 3874 1868 1355 9309 8970 2720 1101 969 2661
 8375 3493 9659 160 4370 6620 656 7944 9883 5040 9918 2928 440 8011 6319
 2901 3017 4175 6254 1669 3080 2348 9513 9934 9084 3171 5541 661 5015 7251
 8319 6002 3438 5674 4593 3702 4782 2113 2787 3532 8737 4298 4206 4444
 8265 6362 2749 348 2054 3575 6277 9132 6721 2664 5688 2467 1438 646 7322
 8110 4892 9271 8540 219 6490 7577 2269 9568 3804 3013 3877 9383 2524 6023
 471 4185 3556 170 1436 5039 4666 7511 2718 3726 2912 625 1754 6349 1686
 428 9378 3267 6819 7489 9590 1431 329 4965 6606 3867 7397 6657 5449 8064
 6177 5529 4285 1588 1677 1549 5463 8548 5211 7982 1607 3600 6293 6529 587
 5221 2486 396 2541 8702 3601 793 1447 9704 403 8720 1076 4671 6153 5263
 8243 862 3583 4473 4854 8851 1731 1793 9319 4262 9618 2879 3997 4771 3418
 9592 643 13 1312 3074 8484 6736 5067 5599 119 6241 9471 4863 6645 7796
 2220 7347 4371 8771 9994 3289 3018 9244 3701 9339 8959 8373 9871 3937
 6183 4067 8623 4873 1534 4251 8335 4327 7624 4278 6398 1518 8793 9678
 9573 2401 7487 5610 5977 5637 8041 7337 8518 8127 9632 5229 4843 5426
 4792 2769 8570 3391 7185]
[6613 6484 7773 4170 8609 5275 4866 621 5558 1112 7270 2824 5848 6094 34
 3797 9240 1753 7613 4615 4051 6684 8877 1377 8168 4533 5632 9900 1098 262
 8274 9406 7367 8018 919 8227 5917 2671 3232 3337 9928 5685 6694 3162 9300
 6323 8854 9283 5862 8682 1579 9385 8362 607 7557 8735 4906 8080 2475 5027
 5678 5437 240 1511 1594 7833 1000 598 8244 9767 9040 288 8657 2786 9773
 678 9072 6840 71 9611 5807 564 7659 1898 3944 8378 921 723 932 1610 9874
 9597 5472 8222 3874 5773 9544 2661 8375 97 9659 160 7269 2673 5077 8311
 8060 6620 1964 673 7459 9007 132 1611 2446 2111 2145 630 5372 9114 5040
 9918 2928 3099 8886 440 3080 9513 967 8319 4593 9199 5162 2063 5926 5540
 2787 4895 3532 4020 8737 5799 5458 9335 4444 2054 6049 2989 9061 9006
 8510 1438 3657 6135 8073 6179 3013 6912 6023 2202 3556 2147 2131 5039 555
 5431 2972 2895 8827 2553 2912 1211 6642 1686 428 4474 8811 7489 3126 4965
 6606 3635 5449 9173 4662 8064 6177 6332 6125 1588 1248 5810 7611 5956
 2072 904 3371 3536 1361 7042 6293 1882 9725 177 6114 7060 2486 6001 9279
 7919 6802 4383 5907 2778 793 1447 5386 2480 6528 8528 8590 2756 859 3339
 5751 832 8243 6154 6637 204 6755 8627 8079 4 6147 8776 3641 5935 6883
 4114 9033 9618 962 1510 1147 7599 1534 2474 682 9003 3431 9457 5922 279
 9686 223 3465 7740 5426 8246 109 2817 3827 8077 8401 926 1299 5961 9125
 7580 1015 4410 8151 4282 8093 3515 7398 2529 7531 2186 4792 9171 2273
 1568 1244 4335 8975 1541 2651 7311 4121 9581 8120 7182 9468 6931 2244
 6043 2827 4165]
[7435 7773 4170 8398 1445 5275 4866 1178 4232 7207 3964 5848 5381 6094 34
 1358 3458 1606 9377 7613 5342 3935 6168 5354 4051 7396 574 1350 379 8877
 8766 1856 593 657 8168 1498 5663 3742 2 4112 4533 4877 6679 4690 6391
 9197 262 8274 9406 8729 8018 919 7343 4154 6074 8227 5985 6477 5917 4987
 2506 8742 3162 8174 6323 3529 1579 9385 607 7557 7019 8735 9889 7146 4906
 6533 4994 5678 3386 5437 1594 928 8244 9767 1778 8657 6840 7009 9611 5807
 1781 932 9874 8222 8664 1617 3493 5077 1736 9524 2446 2348 2393 3474 9412
 7619 4944 7255 4028 7538 6119 3714 6362 5142 8070 5503 6721 4337 9006
 1438 8540 9568 3804 1728 4689 3882 9703 4666 7600 5580 867 1211 6642 6349
 5738 8344 3267 7397 3635 5591 566 3890 6220 1677 4293 9725 3066 7053 6258
 587 9694 2486 6001 4559 9437 6802 2778 9208 3056 6528 857 1062 5103 179
 7724 2261 4 8643 8851 6147 9681 450 5935 9319 4262 5766 9033 5509 2879
 4239 4212 7750 3131 5693 7523 13 4417 2483 7979 4940 8310 547 5274 2182
 6241 4863 8638 9436 9367 9029 2597 8141 8076 6827 7223 9994 5725 401 3018
 6412 7157 3701 6593 6879 9344 2298 6959 468 4873 3089 9943 3631 4174 2081
 2474 4600 1881 9305 3285 8097 4215 9721 2566 8793 2401 7487 2069 9696
 2777 456 7521 512 605 7337 4597 9632 279 6615 1383 6926 9062 5346 4853
 5837 6249 8619 6070 6062 3494 5169 7794 4281 6256 5746 7834 9684 7645
 1572 2345 5316 7308 5135 8665 1954 1467 1795 1772 3685 3991 5225 565 2660
 3779 3886 6994 4236 7669 8586 1482 3963 2990 4755 301 7405 76 6493 5115
 2986 8819 8061]
[694 7773 8398 1445 8609 621 1178 5558 7207 7119 7270 6648 2824 5848 9402
 5381 6386 3541 1358 9240 3458 1753 4357 3935 6168 4615 4051 4439 574 1350
 379 1377 8576 8604 1856 593 657 5663 3742 7776 2 4112 4533 5632 9900 9657
 6391 1098 5792 9406 7367 8018 6074 3232 3337 9928 6805 9300 1443 7745
 3529 9283 7019 9889 7672 4906 4994 2475 8191 5027 5678 5437 4585 1594
 7833 1000 457 8244 9040 288 1778 8657 5175 2786 678 6840 8984 2455 71
 9611 7659 3250 1898 1958 1145 1944 723 1868 5773 9309 2888 4284 1101 7733
 8375 2899 2528 8311 4370 8010 8060 259 2905 2796 1040 7459 606 2446 5372
 9114 5040 8931 8886 7718 9328 3017 6254 1669 3080 2393 3474 7528 6245
 5015 5355 9199 5162 9933 5540 2021 1258 2787 4895 3532 5799 4298 4206
 9335 4444 5142 348 923 3575 9316 6277 6721 8510 3657 4892 8236 2269 9184
 3804 4095 9139 1555 9383 2524 9703 471 6852 4185 5317 8312 5631 4666 5431
 2718 5580 2972 5466 867 1635 2895 2038 2912 6631 7006 1497 1211 5738 8344
 3267 4474 8811 6819 7129 8176 7489 4254 1207 329 3126 6606 7397 6040 9173
 1270 8064 6177 4285 525 6125 5810 3890 5243 2494 4237 3371 9252 1677 5211
 3805 7982 5548 4293 7514 971 7501 9051 3066 177 587 3708 9653 9694 3942
 8627 9738 7021 3200 4435 9587 2304 7979 4863 3448 9339 6959 3937 6183
 4067 2060 9964 8623 6746 4082 2081 4703 503 4600 4756 6758 4327 9305 682
 8097 6507 4215 9003 1518 9652 7293 5610 3728 5898 4102 537 4954 6143 4926
 6474 7722 2818 7260 1912 8041 674 456 7521 906 4351 7555 2329 4844 65
 5225 3886 4241 9334]
[4170 5558 7119 6094 8135 9240 1606 2080 4051 8877 1377 8576 1856 8168
 5505 6391 262 5257 9406 2878 919 6724 4154 6074 8227 1887 4987 3232 7377
 2506 3337 9928 6805 7745 6323 3529 9283 8682 7375 8362 7019 7146 4906
 9135 4994 8191 5027 5678 3386 5437 240 5324 1594 928 8244 9767 288 8657
 2786 2455 1134 5807 1898 3944 8378 921 723 5472 3874 1868 9309 7791 4964
 9544 969 1617 3129 9659 9612 7484 4370 3704 9497 3377 8630 1611 9883 3613
 2145 630 138 2901 3017 5814 1554 4175 8644 9934 2666 3171 4463 7528 661
 5015 7251 3438 9412 4050 3702 4944 2113 5926 9933 9872 9629 7538 4020
 7715 1346 8061 16 3904 6005 4206 9335 1755 2054 923 7233 6277 2989 2762
 5503 9061 646 3622 4892 4658 9271 3669 219 2269 3013 1728 3497 9139 9383
 4185 5089 5317 1969 2131 5631 7511 7600 2718 5580 2972 867 2038 2912 625
 7006 6642 3267 4474 8811 3646 481 8176 8629 3867 7397 3635 6040 5151 9307
 525 2978 7787 5810 566 5956 3890 2072 6220 5243 263 3371 3620 1464 5211
 3805 3536 1607 5548 3600 7501 9725 7955 9051 6258 9891 5556 4044 8364
 6001 7919 3612 3628 3315 5652 2015 2541 3601 6508 1447 8809 6247 8989
 2780 9704 6528 3983 8528 9580 857 3942 8590 3451 2756 389 4726 8720 6163
 6142 4671 859 3339 2861 1583 295 6153 5263 113 204 6934 3583 4478 3178
 1731 6422 4134 4879 450 6883 3258 4262 5766 9033 5339 5509 7714 2879 4212
 7750 4136 9587 8926 9492 1978 8075 358 3853 2220 6346 8141 8508 9483 7599
 3149 401 8476 6412 9098 1713 3701 1679 5930 8959 6035 8373 9871 994 6183
 9233 4873 941 2743 4174]
[379 4308 1223 5017 9701 3853 7979 5958 694 6613 7435 4170 8398 1445 5275
 4866 621 1178 4232 1112 7207 1687 7119 4858 4039 3964 2824 5848 9402 5381
 6094 3541 8135 3797 3458 1606 7640 5342 4615 5354 2080 4439 574 1377 9168
 8576 8604 8766 5663 7776 2 4112 5632 9900 6391 1098 9197 262 5257 919
 6724 4154 1887 5985 6477 5917 2671 3232 7377 4654 3337 9928 8742 5685
 6694 3162 1443 6323 8854 5862 7375 1579 9385 607 7557 7019 8735 6498 9889
 7146 4906 6157 6533 7461 2475 8191 5678 5324 8244 7009 4411 9620 3944 921
 1781 723 9597 6248 7733 9544 1617 2422 5147 7166 1758 9659 7269 8311 4370
 8010 3704 1736 2796 9918 8011 3684 9513 3474 5541 7528 3554 7251 3438
 5355 9412 4050 5162 7867 7255 9872 5540 3532 7715 1346 6005 4206 6119
 6772 2749 348 111 2989 8462 9132 9006 8510 2194 3657 2707 9558 8110 4658
 9271 8540 219 1728 6912 9383 6023 2202 8567 4185 1436 5631 5431 7600 3389
 5580 2972 5466 6631 1162 4139 477 8344 1431 3126 6606 7397 3635 5449 9054
 5151 1270 6177 5529 6332 7611 4237 5463 8548 5211 2106 9752 4293 7514
 3946 3600 9725 9984 587 8463 4469 5556 4044 6001 2015 2541 6508 1447 8989
 2780 2430 8528 8720 1132 5751 7724 5263 1980 204 8627 4 8851 4134 9951
 5935 3258 5061 3200 4771 2304 9592 4440 962 1800 119 2039 5274 4602 4331
 3878 9436 9421 1520 7195 5725 3100 3448 9244 3701 2605 5930 1740 9871 468
 5715 4873 6806 4889 6746 4595 8470 9305 8097 6507 6398 2566 5920 9696
 5843 7260 906 4351 9875 8127 6075 1544 7529 7975 2817 437 5300 8401 9171
 8839 1354 2791 1568 8272]
[6484 1445 8609 5275 7270 3964 2824 5848 8135 9377 7613 3935 4615 5354
 4051 9321 6684 8877 9168 8604 1856 593 5663 3742 7776 6679 9197 8274 7343
 1887 5917 4987 3232 7377 4654 2506 9928 9300 1443 7745 5862 9889 6533
 2475 8191 5027 5645 5324 4585 1000 598 9767 288 5175 2786 9072 6840 9611
 1898 8378 921 1934 1145 723 1636 1610 9874 5472 8970 2888 4964 9544 969
 2422 2558 5147 3493 160 2673 5077 2234 8786 656 1040 2053 7944 6280 363
 1611 9883 2111 3613 5040 9918 8931 3099 7840 4019 9804 9934 9084 7978
 4463 661 6245 5560 5015 6002 3438 5355 9199 7619 3702 5162 4782 5926 9933
 7867 5222 5503 2664 8510 2467 1438 646 8110 4658 9271 8540 219 8073 4689
 471 8312 2131 555 7511 1635 3756 2912 5947 1686 6129 8344 6819 7129 481
 8629 3635 4662 5591 8064 7865 2978 1588 2051 7787 5810 2637 5243 4237
 2106 6505 1361 3946 3600 382 8411 7955 6529 3708 9653 2486 4559 4001 2015
 9208 5868 2430 9580 3345 1062 7193 1583 295 4717 862 6154 5997 2261 6934
 4473 9738 6990 8643 450 6883 6239 5675 5061 1645 3255 1016 9592 5693 1312
 3074 5716 119 2138 4940 2039 547 5274 139 6645 2084 8557 9436 9956 5124
 8771 6827 1965 5725 8476 6412 6593 8959 1740 9871 468 6183 2060 5462 6162
 7479 3724 3528 4595 4251 1881 4327 7624 3700 6507 1518 9573 9652 2069
 5898 3358 674 7475 4351 7337 9875 5417 5899 6382 3428 2344 9001 4148 7666
 8171 7740 5398 4586 7849 2947 731 7185 4032 1299 8269 715 7747 7566 4121
 4578 1705 2529 4524 9581 8733 6098 2981 5377 3934 7079 6043 3653 798 8465
 9869 6441 31 9288 5200]
[694 34 4439 1350 1377 3742 5632 4877 5505 9657 262 9406 6074 8227 2506
 9928 9340 5685 4994 8191 240 5324 1594 422 457 1161 1778 5175 9072 6840
 71 9611 7659 3944 8378 1145 9597 8222 6671 97 2673 8010 6620 673 2796
 9524 363 1669 6002 9199 7619 5926 9872 9629 6490 7577 3882 3556 8312 5466
 1207 7422 6125 2978 566 1549 4293 8463 4967 6802 5293 2766 4445 9704 2430
 9580 857 8590 3345 1062 4726 6823 1076 3339 2861 832 295 2243 113 204
 1873 4473 9738 4478 4854 4134 9951 4747 3641 3258 314 4262 9618 3255 4136
 5008 3418 9492 2304 4063 5218 13 8414 4440 7758 3853 962 3236 5716 7995
 5067 6093 9469 119 2039 1379 5274 4884 1510 139 8638 4331 3136 9956 4371
 9997 8771 4515 3289 401 3018 5936 6412 3100 3448 9244 9339 6035 1740 8373
 8180 468 994 6183 9233 9090 5462 1950 7962 2831 3631 1534 4174 2081 4595
 503 4327 3700 682 6398 9652 2069 5898 5977 8130 5843 7260 6756 674 5302
 8127 356 1501 5417 4149 358 6382 7975 3428 2344 1920 9555 3465 6480 5426
 5398 7802 4792 7057 5300 8987 9171 6270 8839 8272 7614 2306 5963 3943
 4032 2340 5961 9125 8269 1668 8859 4282 3922 4121 6573 8444 4578 8611
 3505 8678 9831 8733 6098 171 8238 5666 1680 6918 8997 6043 7248 3807 5370
 1847 416 6448 3491 4908 4749 8465 7520 1798 9426 31 2018 7993 1598 4928
 5136 19 6711 2726 9071 726 1317 5896 8971 5871 1395 4766 7411 5686 8453
 8233 2903 727 5775 706 1166 3595 23 6926 2808 9411 9374 8928 4694 6249
 2068 8853 4126 3494 5762 5031 3197 8762 3083 5746 9361 5003 9946 482 5011
 1630 9245]
[1470 7677 7319 3927 8017 7963 4160 6962 3496 1557 282 3375 2293 6613 7773
 5275 4866 1112 7119 7270 4039 3964 2824 5848 9402 34 3541 8135 9240 1753
 5342 4615 2080 4439 7396 6684 379 8877 1377 5663 3742 5505 6679 8274 4904
 8729 7367 8018 2878 919 4987 2506 3337 9808 9340 6694 3162 9300 1443 7745
 6323 9283 5862 8682 7019 9889 7146 4906 9135 2475 5027 240 1594 1778 9773
 7009 5807 1898 921 1781 1944 1610 9874 5472 3874 1868 1355 7791 2720 9544
 2422 97 1758 160 7269 2673 2528 5077 9204 8311 3377 2905 1736 1964 673
 7459 2053 7944 6280 9883 8807 630 5372 8931 3099 2943 7718 2901 4175 3080
 2348 3684 8074 7528 661 3438 4593 5355 3702 5926 5763 7255 9629 7538 4895
 8592 7715 8061 6005 4206 9335 1743 6119 6362 1755 5142 3575 9316 6277
 9132 9061 5688 2467 3657 3845 646 8110 4892 8236 9271 3669 219 8073 6179
 2269 1728 3497 3283 4689 3877 9139 9383 9703 8567 6852 5089 5317 8312
 6393 1436 2131 5631 555 4666 5431 560 7511 7600 2718 3389 2972 5466 1202
 2895 2912 6631 1162 1497 1754 1211 6642 6349 6129 4139 5738 8344 8811
 6819 3646 8176 8631 4582 1207 8629 3126 8291 325 6606 3867 3635 6657 5449
 4662 9054 8064 9307 6177 4151 7865 4285 6125 2978 2051 7611 5956 1971
 5243 2494 4237 3194 3371 9252 1677 1549 1464 5463 2106 5579 7982 1361
 3600 6293 7501 8411 7053 5053 177 9694 4469 7907 8364 6001 9279 3271 4559
 3315 9208 6508 5868 9704 8720 1385 1583 7724 2243 9215 862 5997 204 4473
 4478 6147 5543 3258 9319 5675 5061 4239 4212 5008 3254 1016 643 4527 7758
 9911 5716 6093 2138 7979]
[8609 4232 1112 1687 7270 4858 5848 5381 6094 6386 3797 1358 3458 9377
 4357 3935 5354 2080 4439 6684 8877 9168 8576 657 9657 9197 8274 9406 4904
 8729 8018 919 6074 6477 4987 7377 1443 7745 8854 8682 9385 9889 7672 2475
 5027 928 1000 598 8244 2786 9773 7009 9620 7659 1898 8378 1781 1944 1636
 9874 9431 5472 9265 8970 3694 2888 4964 1101 2661 8375 3129 7484 4370
 8010 3704 9497 8060 8786 2905 1964 1040 9524 9007 363 7075 1611 3613 5372
 8931 440 8011 6319 5814 1554 1669 2348 4019 9355 7978 6245 5560 9708 3438
 5674 4593 5355 4782 9933 5112 5540 9629 7538 1258 3532 8592 7715 5458
 3904 6005 6119 348 2054 9316 8462 3655 8070 8510 2467 1438 3845 646 7322
 9013 219 2269 3804 3013 1728 4095 4689 6912 7728 8567 5317 6393 2147 1436
 5631 5431 7511 7600 670 5466 867 1635 2895 3726 2553 2912 6719 6283 6631
 7006 1754 1211 6642 477 5738 9378 3167 8811 6819 1431 8629 8291 3867 5449
 9173 9054 5151 1270 7865 4285 6332 6125 2978 1588 5810 2072 6220 3194
 3371 1677 3805 2106 5199 3536 9752 1607 5548 1361 4293 7042 3600 7501
 9725 3066 7053 177 6258 9891 4469 5556 6001 3271 396 3612 9437 4383 5907
 157 9576 2015 2766 3601 8809 6247 8989 9704 6528 8528 857 8590 5103 7193
 6823 179 1385 6163 1076 3339 4717 862 5997 6637 3239 8627 4478 8643 8776
 6422 901 9951 9319 5790 2879 3997 4212 9247 3131 7523 1312 4440 3853 3236
 1146 119 547 139 864 6827 7223 9400 401 7157 3701 4353 2605 9871 7386 941
 1534 4174 2474 3528 4756 8470 1881 3700 4699 2697 4488 487 7722 4719 6756
 1912 634 8127 2550]
[6613 621 1178 1687 7270 5848 3797 9240 3458 9377 7640 4357 5354 4051 9321
 4439 379 8877 8576 5663 6679 262 5792 9406 6724 5917 4987 3232 2506 9808
 5685 9283 7375 9385 8362 7019 7672 9135 5027 5678 3386 5324 4585 422 1000
 598 1161 9040 1778 2786 9773 9611 3250 1898 921 9874 9597 5472 5773 8970
 2888 969 3129 8578 7484 8786 3455 6620 1964 9524 363 606 8630 1611 9883
 2111 8807 9918 8931 7718 6319 4571 4175 8644 4019 9513 3171 7978 9412
 4050 4944 4782 2113 9872 4020 1346 8061 3904 9335 3714 6362 6277 6049
 2989 9006 2664 8510 2467 3845 6179 3882 6023 6852 1969 170 1436 555 2972
 835 7006 5738 8811 6819 8629 9054 1270 1588 7787 7611 9252 5463 8548 3536
 7982 3344 971 7955 6529 6258 3708 9694 5556 4044 6001 9279 3271 7919 4559
 9437 3628 6802 4383 9576 2015 793 1447 8809 6247 2896 8989 6811 9704 2430
 3983 8528 9580 857 5103 6163 6142 5751 295 7724 5263 7297 7355 2261 8627
 8079 6990 4 8643 8851 901 3641 5935 4114 5543 1645 7021 9618 3255 4771
 5008 7901 2659 9247 3856 9492 1016 4063 5295 5218 8414 5017 7758 3853 119
 2138 7979 5958 1379 1300 8638 5732 7347 2597 8076 9421 8771 8508 7122
 7599 4515 3149 5725 6412 8288 3448 3701 1679 9339 6879 9344 4632 2298
 6959 468 9090 2060 6109 5462 8623 5715 4873 6162 7962 8451 2831 4889 6746
 1534 4082 4174 7704 2081 3528 4756 7624 6398 9003 2566 5094 9678 4699
 9573 2069 7293 3728 9863 2818 7260 1912 8041 906 4351 6615 100 961 7983
 358 685 1544 6792 4148 9555 9757 7740 6480 5426 5398 2186 6228 4792 109
 7849 7057 3588 437 8371]
[694 6613 7435 7773 4170 8398 8609 5275 1178 5558 1112 7119 4858 6648 4039
 3964 9402 5381 3541 8135 3797 3458 1606 7640 3935 574 6684 379 1377 9168
 8576 8604 8766 593 8168 3742 2 4112 4533 5632 9900 4690 6391 1098 9197
 262 4904 7367 919 6724 4154 6074 1887 6477 3232 4654 6805 5685 6694 3529
 7375 9385 8362 7557 8735 7672 8080 7461 8191 5027 5678 7928 1511 4585 422
 7833 928 1161 9040 1778 8657 2786 8984 7009 9611 564 3250 3944 921 932
 1610 9431 3874 1868 5773 6671 1355 7791 4964 1101 2661 2558 5147 7166 97
 3129 1758 2528 8578 9204 8311 2234 9497 8060 8786 3377 6620 656 2796 1040
 7459 2053 7944 9007 606 2111 8807 2145 5372 9114 138 7718 3017 7003 4571
 5814 1554 4175 6254 7840 9513 9804 9355 9084 8227 8010 2704 3726 2038
 2553 6631 1754 1211 6642 6349 477 428 4474 8811 6819 7489 3126 8291 325
 3867 3771 3353 3635 6040 5449 9173 7422 5151 5591 8064 9307 6177 4151 525
 6332 2978 1588 2051 7104 7787 566 7611 2637 5243 4237 3371 9252 5158 1677
 3620 1549 5211 3805 5199 5579 5548 6505 1361 7042 3946 3600 971 9725 8411
 3066 9984 177 6258 587 6114 9891 9653 7060 4469 2486 7907 8364 6001 396
 3612 9437 4967 6802 4383 2778 5293 9208 6508 793 4445 8809 5386 5868 236
 2480 782 2780 3056 2430 403 3983 857 1062 389 4726 179 6163 2861 8919
 1980 7355 2243 4717 113 3239 6755 2261 6934 1873 9738 4478 8643 4854 4879
 450 6883 6239 9319 2636 7021 3200 5790 7714 4239 4212 7750 9587 5008 2659
 3856 9492 1978 4308 9592 643 7523 4063 5218 1312 5017 7758 3853 9911 7979
 319]
[694 5558 7207 1687 7119 4858 4039 6386 7640 4357 4615 2080 4051 9321 574
 6684 1350 379 1856 3742 7776 5632 9900 6679 6391 1098 262 8274 4904 8018
 4154 8227 1887 5985 7377 2506 9808 6805 9340 5685 6694 3162 9300 1443
 8174 3529 9283 5862 1579 8362 6498 9889 7146 8080 9135 6533 7461 2475
 5027 5437 240 5324 4585 928 1000 598 457 1161 9040 5175 2786 9072 2455 71
 5807 4411 3250 1958 8378 921 1781 723 9874 9431 3874 1868 6671 1355 9309
 8970 8664 6248 2509 2661 2422 1758 2899 5077 9612 8311 4370 8010 9497
 8786 2693 3455 2905 656 673 1040 2053 363 7075 8630 1611 2446 3613 630
 9114 9918 2928 8931 8886 7718 6319 4175 1459 2666 7528 5560 5015 7251
 5355 4944 4028 2787 4895 8592 3904 6005 4206 3714 348 4588 9316 6049 3655
 8510 2194 2707 9558 646 9013 4095 9139 9703 5317 1969 1436 5431 5580 3756
 835 1162 1497 1686 6129 477 6819 7129 3646 481 8176 1207 3126 7397 5449
 4662 5151 1270 6332 2978 5810 566 6220 5243 263 9252 5158 3620 1464 5463
 3805 2106 5579 3536 5548 4293 7514 7042 3600 6293 7955 6529 6258 8463
 4469 8364 4559 3612 2778 2015 2541 5386 3056 3942 8590 5103 179 6163 859
 3339 2861 295 7297 8243 1980 6154 6755 6934 1873 8627 8079 9738 8643 4854
 8851 3178 1731 6147 8776 9681 6422 4134 4747 450 3258 9319 7100 4262 1645
 9033 3200 8791 4435 9618 3997 4136 9587 2659 9492 2304 4063 5218 8414
 4417 1312 4440 9701 3853 9372 9720 215 2255 6736 3236 2483 1146 7995 9469
 2138 7979 6241 139 4863 1593 2084 1738 8557 6425 7796 7285 9997 9421 9483
 7122 4515 3289 6412 1549]
[7773 1445 1112 7207 4039 2824 5848 34 3541 7640 5342 5354 7396 379 8877
 1377 9168 8604 657 1498 5663 2 4533 4877 6679 9197 262 8274 5792 2878
 1887 5985 3232 2506 8742 5685 3162 9300 8854 8682 9385 8362 607 7019 9889
 7146 4906 6157 8080 9135 7461 5437 240 4585 1594 7833 928 457 1161 8244
 9040 288 1778 8984 2455 7009 71 4411 9620 564 7659 3250 921 1145 1636
 1610 9874 9431 8222 6671 1355 8970 8664 3694 2888 6248 4284 4964 8375
 5147 2899 160 2673 5077 9204 3455 6280 132 2446 3613 630 2928 8931 3099
 3017 7840 3684 9804 5541 4463 5015 4752 4593 2021 4020 8737 5799 5458
 3904 9335 1755 111 2989 2762 5503 9061 1438 3845 4892 9568 3013 1728 7728
 5317 3556 8312 6393 170 5039 7600 2038 2912 625 1754 6129 9378 4474 7129
 3646 481 8631 9590 8629 8291 325 3635 6040 9173 7422 5591 4862 5529 4285
 6332 6125 7787 5810 566 5956 6220 3194 263 3371 1677 5199 3536 1607 6505
 7042 3946 3600 9725 7955 7053 9984 3708 5221 8463 4469 7907 8364 9279 396
 3628 157 2778 2541 2766 8702 8809 6247 5386 6528 9580 3345 3339 8919 7355
 2243 9215 862 3583 1873 5273 6422 4134 4747 745 3258 309 2636 5339 5790
 3255 1978 5295 9372 1379 1510 1147 1738 8141 6542 9421 1520 3018 5936
 3100 2605 6593 3937 5462 5715 4873 6162 6107 6398 9721 7487 4102 4488
 4926 5637 674 7475 7521 279 7983 358 8760 87 4222 223 7313 7666 8171 3465
 7802 3827 7286 731 1568 8272 7614 746 4790 3393 5961 1668 8859 2651 5009
 7747 4282 9451 6098 8355 2198 8465 2018 9817 7051 2986 1479 2407 8703
 9636 518 4422 4884]
[8644 9933 5112 7538 7417 8061 6772 348 9316 6049 7322 2863 8110 8540 6912
 1555 1969 5580 1202 8827 2038 2912 6719 1211 6129 4139 7489 4582 1431
 5449 8064 7865 2051 5810 566 6220 2637 904 3194 263 3371 1549 5463 5211
 3805 1607 7042 3946 3600 7501 9910 3708 9694 3271 4559 9437 4383 9576
 2541 9208 1447 782 9704 2430 403 3983 2756 4726 179 1385 6163 4671 3339
 832 295 6153 2477 8243 6637 3583 8079 4473 9738 6147 9681 745 3978 7100
 8791 5509 7714 9618 4136 4771 9587 8926 3418 1978 7523 4063 13 1312 1223
 9720 8071 7979 2039 8310 1379 6241 9471 139 4863 2084 5732 6425 2220 7285
 8141 6542 1520 8508 7223 4306 9994 3149 5725 8476 3018 9098 1713 9244
 4353 2605 6201 8959 8373 9344 2298 9871 468 994 6183 6109 5462 7479 3089
 9943 8451 3631 4889 2081 2474 4595 4600 8470 1144 7624 3285 682 8788 4215
 6398 9003 5094 9678 4699 7487 2697 2069 9696 537 5977 8130 5843 3707 6756
 8697 4776 8518 5302 8127 1501 6615 961 7983 7649 6382 7313 4843 6480 4387
 5398 2186 5022 4073 9171 2273 1354 2791 8272 7105 4790 3393 5111 4335
 9125 749 1345 1668 7646 1541 1089 3731 4282 7398 9451 1705 8733 2929 7182
 3915 5666 694 7435 621 1178 4232 1112 1687 7270 3964 2824 5848 6094 34
 8135 3797 1358 9240 3458 1753 9377 3935 6168 5354 2080 4051 4439 7396
 1350 379 8576 8766 3742 7776 4112 9900 4690 9197 5792 4904 7367 8018 7343
 6074 5917 2671 4987 3232 4654 2506 9928 8742 3162 9300 7745 6323 3529
 9283 8682 1579 8362 7557 9889 7146 9135 7461 8191 5027 5678 7928 422 8244
 288 5175 9072 71 9611 5807]
[6093 9469 119 7979 2039 5958 8310 547 2182 319 4602 139 1300 6587 864
 8638 4331 7796 9436 2220 3031 6346 9029 1520 8508 7122 4515 9994 3149
 3289 1833 6412 2605 6201 9339 9344 3937 468 4067 9090 2060 4873 8451 2831
 4595 4251 7624 9305 6107 3285 6398 2566 9678 3977 537 4926 5977 9863 1912
 4351 4776 634 9875 279 4149 7983 6075 358 8760 6636 6454 9969 7666 9757
 4843 6480 4387 6613 4170 5558 1112 7270 4039 6386 1358 9240 3458 9377
 4357 7396 379 8604 657 3742 4112 5632 4877 9657 7367 8018 2878 1887 6477
 3232 9300 1443 7019 7672 4906 6157 8191 5027 7928 5324 928 598 288 9773
 678 6840 2455 1134 1958 1934 1145 723 1636 3874 6248 1101 7733 2661 3493
 7166 160 7269 2528 8578 8010 6620 2905 1736 7459 363 7075 8807 2145 3017
 1669 7840 3684 2393 9804 9355 7978 4463 6245 5560 3554 9708 4944 2063
 5112 4028 1258 2787 4020 8737 16 6005 4444 6119 2749 1755 5142 2054 3575
 6049 3655 5503 4337 2664 5688 3845 7322 2863 8110 9271 2269 3804 3013
 3877 9383 6023 7728 5317 3556 6393 5039 2704 2895 2038 2553 6719 7006
 1497 1686 9378 3267 4474 3167 7489 8631 4582 1431 1207 8629 3126 3771
 7397 3353 6657 5449 4662 2978 1588 2051 6220 904 3194 1677 3620 8548 5579
 3536 4293 7042 3946 382 971 6293 1882 9725 6529 6258 587 6114 9694 7060
 5556 7907 8364 6001 9279 3271 4559 6802 5907 2778 9576 2015 2541 9208
 8809 6247 5386 236 4304 8989 6811 2430 3983 2470 2756 1062 179 1385 1076
 859 3339 2861 5263 8919 7297 4717 9215 862 2261 4478 8851 1731 4134 6084
 450 745 4114 9319 1645 8791 5790]
[2474 4600 7624 6107 8127 6636 7531 2186 6270 6484 7435 7773 8398 8609 621
 1178 5558 1112 7270 2824 9402 6386 3541 8135 1358 9377 7640 4357 3935
 4051 4439 7396 1350 379 8877 9168 657 8168 5663 7776 4877 6679 9197 262
 8274 5792 8018 919 6724 6074 1887 6477 2671 3232 7377 6694 3162 7745 6323
 3529 9283 8682 1579 9385 9889 7146 4906 9135 5678 4585 7833 1000 598 1161
 8244 9767 1778 8657 5175 8984 9611 4411 3250 1145 1781 1610 6671 9265
 1101 2661 97 3129 2899 7269 2673 9612 9204 8311 4370 2905 1040 6280 3613
 9114 5040 8931 3099 8886 2943 2901 7003 7840 3684 9513 9934 5541 3554
 7251 9708 6002 4593 5355 9199 4050 7619 5162 2113 2063 7867 5112 9872
 5540 2787 8737 5799 1346 4206 8265 3714 1755 111 923 9316 6277 2762 8070
 5503 9061 9006 2664 2228 2194 2467 9558 3622 8110 8236 9271 3669 8540 219
 8073 7577 6179 9568 4095 6912 9383 6023 7728 2202 9703 8567 5317 6393
 5039 560 7511 3389 5466 1202 8827 3726 2038 2912 6719 1497 1754 1211 6349
 428 4474 3167 7129 3646 7489 1431 1207 8629 3126 325 6606 5449 7422 8064
 7865 2978 1588 7787 5810 566 7611 5956 1971 3890 5243 3371 5158 1677 3620
 3805 2106 5579 1607 6505 7514 3600 9725 8411 6258 4469 2486 5556 7907
 8364 3271 7919 9437 3628 6802 5652 2015 5293 2541 2766 9208 1447 5868
 6811 403 8528 9580 857 8590 2470 3451 1062 7193 1895 6163 859 3339 2861
 2477 7297 1980 2243 4717 6637 204 6755 6934 8627 5273 4473 4 8643 3178
 6147 4879 5935 6239 5675 1645 5509 4239 2659 2304 1223 4440 9372 2255
 6736 7995 5067 2138 7836 139 2220 7285]
[5632 5637 4102 2054 3080 4621 6671 2063 6679 9240 8217 4121 2072 9757
 3613 5663 1568 2081 8735 8227 6179 8742 7207 6694 3622 7722 1579 5678
 7728 9265 4148 7733 8246 9271 4662 3129 1594 4666 8766 6719 7747 6724
 1606 71 8776 1098 1610 1611 3149 8269 8272 593 8274 5200 5716 8786 4689
 8793 4185 603 5725 605 607 7776 3683 5732 1636 3171 6759 4600 9316 8811
 1132 4717 1134 4719 3694 2673 7286 4215 630 8312 5246 2693 5257 2186 139
 4237 5264 2194 6135 2707 6805 1178 4251 7836 7322 5792 9377 674 6306 9889
 2720 160 3239 680 673 8362 6819 9900 8877 2220 7343 6319 3250 7347 6323
 694 3254 6840 5814 4282 7867 4285 9406 1728 9412 6852 1738 6346 2255 7375
 7377 8401 5843 3285 215 1753 3289 731 1244 2269 1754 9951 6879 2273 7400
 4331 5355 4335 9969 6386 1778 1781 4854 8444 4866 8451 6919 2824 4873
 4875 5899 7435 4877 8975 5393 4370 1300 279 6425 7962 8987 9497 5917 3358
 4892 5920 3874 2340 3877 4906 7979 3371 9006 7471 7983 5426 9524 3386
 4411 2878 8510 1856 3904 5956 1350 4940 6477 1358 6990 8528 4944 8018
 2899 6484 2895 7511 5977 5466 3935 1887 1377 7521 7523 356 7009 358 9061
 7528 1385 4965 9580 7021 7538 6005 379 3964 5503 5505 3458 389 7557 6023
 9098 8074 9612 6035 2455 1431 5017 921 6555 1436 2972 928 8609 1443 4524
 941 6573 2989 9132 5039 428 8627 4019 1459 8630 9139 8120 8631 3515 1980
 9659 8638 7611 7105 962 8644 3013 7624 2506 5579 4556 6606 9681 4051 471
 1497 477 9184 5089 2021 1511 8168 8682 7146 6636 6125 8174 6129 8180 1015
 9720 5631 5852 4830 1934 8748]
[7773 4170 8398 1445 8609 5275 621 5558 1112 7119 7270 2824 5848 5381 34
 6386 8135 9240 3458 3935 2080 4051 7396 574 6684 8877 8766 1856 657 8168
 5663 3742 7776 5632 4877 5505 6679 9197 5257 8729 8018 2878 919 7343 4154
 6074 8227 5917 2671 4654 9928 5685 1579 7019 9135 928 598 457 9773 6840
 8984 5807 3944 932 1636 9431 9309 2661 7166 2673 8578 7484 4370 8010 8060
 6620 656 132 606 6254 8319 2113 7867 5458 8265 2228 4892 4658 1728 3882
 1555 9703 6852 5089 2147 5631 7511 7600 2704 2912 1162 6349 6129 9378
 4474 30 3646 481 8176 9590 1207 8629 8291 4965 7397 8064 263 5463 4293
 3946 9725 5221 3271 4559 3628 4001 793 4445 6839 2896 6811 2430 9580 8590
 389 7193 1385 1076 1980 4717 9215 6154 5997 204 2261 1873 9738 4854 8851
 1731 4134 4747 6084 450 5935 6239 5543 3258 9319 7100 5675 5061 4262 9033
 7021 5339 5132 4239 3255 9587 2659 8926 9492 1016 5218 7758 3853 2255
 9911 7995 5638 2138 4940 2039 5274 1510 139 1300 6645 8638 8557 5732 7089
 9436 7285 9956 9997 6542 8508 7122 9400 4515 9994 7898 8476 3018 6412
 7157 9098 9244 2605 6201 6035 8373 4632 8180 3937 468 994 4067 6109 9964
 5462 2554 7479 7962 4889 4082 2081 4595 503 4600 4756 2561 7624 682 8788
 8097 6507 3431 5094 4699 5920 2401 2069 5898 4102 6143 9863 3358 8130
 8697 7521 4351 5922 634 9632 6615 7983 6075 6636 9001 1313 4148 7666 8246
 7531 6090 7849 8401 731 7440 8272 7185 2306 1244 3943 3393 4032 4335 2429
 3731 4282 4199 4817 2833 8444 7398 9451 8678 5757 9581 8120 171 5535 3674
 2151 2195 8207 2240]
[6613 8609 4866 621 4232 7207 3964 9402 6094 6386 8135 9240 3458 1753 1606
 4357 9321 4439 7396 6684 379 1377 1498 3742 2 5505 4690 9197 4904 8729
 8018 919 7343 5985 2671 7377 2506 9928 8742 9808 9300 3529 5862 8682 1579
 8362 8735 9889 6157 8080 7461 5027 5678 5645 240 598 457 1161 9767 1778
 2455 71 5807 4411 7659 1898 1958 3944 1145 1610 9597 8222 3874 1868 5773
 6671 9265 9309 6248 4964 1101 7733 9544 2661 2558 3493 97 2899 160 7269
 2528 5077 8311 2234 3704 9497 8060 259 656 1040 9524 9007 2111 2145 5372
 8886 8011 9328 4571 1554 6254 5246 7840 3684 9513 7978 4463 7528 661 7251
 4752 5355 9199 5162 4782 2113 5112 9872 2021 9629 4895 4020 8592 8737
 7715 3904 4298 6362 2749 2054 111 923 3575 2762 9132 4337 2664 5688 3845
 4892 9271 3669 8540 219 8073 3804 4095 6912 9383 6023 7728 471 4185 2131
 670 5466 625 1754 6349 477 8344 3167 1207 8629 3126 325 4662 7422 9307
 6177 7104 5810 7611 5956 6220 4237 263 3620 1549 5463 1361 4293 7042 3946
 971 1882 8411 7955 7053 3708 5221 8463 9694 4469 4044 8364 6001 3628 3315
 6802 4383 2778 9576 8702 3601 8809 6247 5386 5895 2780 9704 2430 8590
 2470 7193 6823 8720 1385 1132 4671 859 6154 204 6147 3200 9587 9492 2304
 4308 9592 3131 5693 7523 4417 3074 8071 2255 7995 119 4940 6241 9471 4884
 1510 1300 4863 2084 8557 5732 7089 6425 6542 8508 9483 9400 3149 2320 401
 1833 4625 3100 2605 9344 4632 4455 9871 3937 468 4067 9233 4278 4215 116
 9721 2566 5879 9573 7487 2697 2069 7293 487 5843 7260 9457 1912 8041 8697
 674 3018]
[6613 5275 621 1178 4232 5558 3964 2824 9402 8135 3797 1358 3458 3935 6168
 4439 7396 574 6684 8877 1377 9168 8604 1856 8168 1498 2 4112 4533 4877
 6391 1098 8274 5792 4904 8729 8018 2878 6724 6074 5917 2671 4987 3232
 4654 9808 9340 5685 6694 9300 7745 3529 9283 5862 7557 7672 7146 4906
 8080 9135 6533 4994 2475 3386 240 5324 4585 7833 928 1000 598 1161 8657
 2786 9773 9072 6840 2455 7009 4411 9620 7659 1898 8378 723 1610 9874 9431
 8222 1868 6671 8970 2888 6248 4284 4964 1101 7733 969 1617 2422 8375 1758
 160 5077 8578 2234 9497 2905 1040 2053 7944 9007 8630 1611 8807 5372 2928
 8011 2943 9328 7003 1669 3080 1459 9934 9084 8074 5541 4463 6245 5560
 7251 3438 5674 3702 5112 4028 9629 2787 3532 8592 16 3904 4298 6005 4444
 3714 7233 6049 5503 9006 2228 646 4892 4658 9013 219 3877 3882 9703 5089
 3556 2147 4666 5466 2895 8827 3726 2912 6349 6819 7489 1207 3126 8291
 9173 7422 1270 4285 2978 5956 2072 5243 2494 263 5158 1464 8548 2106 5199
 1607 4293 3600 9910 6529 2486 8364 9279 5907 5652 2015 5293 793 8809 6839
 5868 8989 9704 3056 8528 9580 3942 8590 3345 2756 1062 1385 1076 4671
 5751 7724 6153 2477 7355 4717 113 6755 5273 9738 4478 3178 6147 4747 450
 6883 6239 309 2636 4262 1645 5766 3200 5790 2879 4239 7750 4771 7901 8926
 9247 9492 9592 3131 643 4063 962 5599 5274 4602 5264 9436 6346 9029 9997
 7223 7599 4515 8476 6412 3100 9871 4067 2060 6162 7962 3631 4174 4756
 1881 8097 9003 1518 4102 5977 7722 8130 2818 7521 7337 8518 8127 4825
 7740 4586 7802 7849 3588 437 4600]
