Fault List:
67
66
64
68
69
66
72
64
68
65
65
61
68
67
62
68
63
56
66
66
71
66
68
66
65
64
51
65
65
65
FDR List:
0.7282608695652174
0.717391304347826
0.6956521739130435
0.7391304347826086
0.75
0.717391304347826
0.782608695652174
0.6956521739130435
0.7391304347826086
0.7065217391304348
0.7065217391304348
0.6630434782608695
0.7391304347826086
0.7282608695652174
0.6739130434782609
0.7391304347826086
0.6847826086956522
0.6086956521739131
0.717391304347826
0.717391304347826
0.7717391304347826
0.717391304347826
0.7391304347826086
0.717391304347826
0.7065217391304348
0.6956521739130435
0.5543478260869565
0.7065217391304348
0.7065217391304348
0.7065217391304348
Time List:
311.34124398231506
313.13438987731934
310.57412576675415
310.2842047214508
310.19539523124695
313.57554507255554
312.32671189308167
314.1899073123932
312.13093090057373
314.5593190193176
313.10268998146057
312.60604906082153
304.26816987991333
314.04567980766296
312.59910702705383
315.8338508605957
316.0623769760132
320.64423513412476
313.2817528247833
312.27694368362427
306.2128381729126
311.9192249774933
396.105397939682
345.58268189430237
356.6079969406128
320.59371399879456
308.2931880950928
298.73804688453674
316.467894077301
323.07189106941223
Subset List:
[694 6613 6484 7773 4170 1445 5275 4866 621 4232 1112 7207 4858 6648 4039
 2824 5848 9402 5381 6094 3541 1753 1606 9377 4357 3935 5354 9321 6684
 1350 379 8877 1377 9168 8604 8766 1856 593 8168 1498 5663 3742 9900 5505
 9657 6391 262 5257 5792 9406 4904 8729 6724 4154 6074 8227 6477 5917 2671
 7377 4654 2506 3337 9808 9340 3162 1443 8174 8854 9283 5862 8682 8362
 7557 7019 6498 9889 7461 4994 5027 5678 3386 1594 7833 1000 1161 9767
 9040 1778 2786 678 6840 7009 9611 4411 3944 8378 921 1145 1781 932 1610
 9431 1355 8970 6248 4284 4964 9544 969 1617 2661 2422 5147 97 9659 160
 7269 2673 7484 9204 8010 2234 8786 3377 259 6620 1736 1964 673 1040 9524
 132 7075 8630 8807 9114 9918 2928 8931 2943 9328 5814 1554 4019 9513 9355
 9934 9084 3474 7978 967 5015 3554 6002 9199 9412 4050 3702 4944 5940 2063
 9933 7867 5112 4895 4020 8592 5799 1346 8061 3904 6005 4206 4444 6772
 3714 6362 2749 1755 2054 111 923 4588 9316 5222 6049 2762 8462 3655 8070
 5503 6721 9006 2194 9558 3845 646 7322 3622 4892 4658 3669 8540 9013 8073
 7577 6179 2269 9184 9568 4095 3497 6912 1555 9383 6023 7728 2202 4185
 5317 8312 170 1436 4666 7511 7600 3389 5580 2972 867 1202 1635 2895 3726
 2038 2553 2912 6283 1162 7006 5348 5738 428 8344 8811 7129 3646 9590 4582
 1431 329 8291 325 6606 3867 7397 3353 9173 4662 7422 9054 9307 6177 525
 6332 1588 2051 7787 1248 5810 5956 3890 2637 904 4237 263 9252 5158 1549
 1464 8548 5211 3805 2106 5199 5548 6505 7514 3600 971 1882 9910 8411 7955
 9051 6258 3708 9653 9694 4469 4044 7907 3271 396 7919 4559 3612 9437 6795
 4967 6802 4383 5652 5293 2541 793 4445 6839 6247 2896 782 5895 2780 9704
 3056 8528 9580 857 3942 5103 4671 859 2861 295 6153 5263 8919 2243 3239
 2261 6147 4879 9951 1793 745 5543 3258 314 7100 7021 3200 8791 5339 2879
 3255 2659 9492 3131 4063 5295 5218 1312 1223 7758 3853 9372 9911 6736
 2483 1146 5067 7836 4940 547 139 1147 1300 6587 2084 5264 8638 7089 6622
 6425 3136 3031 9956 4371 8141 6759 5124 7599 4515 9994 3149 7195 401 6412
 8288 4625 9244 3701 6035 6879 9344 4632 9233 9090 9964 5462 8623 941 3089
 3631 4889 2743 1534 7704 2081 3528 4600 7624 3700 4278 682 6507 6398 9721
 3431 8793 3977 9652 2069 5610 3728 4954 4488 487 9863 3358 7722 5637 5843
 7260 3707 4719 8041 4351 5302 634 548 3751 8829 9686 358 8760 87 5899
 7649 1544 7529 6792 5229 4825 4148 8171 9757 4843 2998 7531 2186 4792 437
 3925 2047 5003 2350 5684 6481 1025 5196 5135 742 3524 8625 3218 1772 3511
 7986 7866 4453 4728 6076 5320 5078 7410 1263 4419 6048]
[2054 6157 4112 6162 6168 4121 2080 32 34 6179 2084 4134 6183 8233 8236
 2096 4148 2100 6201 4154 2113 4165 8272 4185 90 2145 6241 100 6247 6248
 4206 111 6254 8314 8319 132 6277 4232 4236 4237 8355 8362 171 4267 8378
 4282 8391 8398 8402 219 2269 2273 4336 4337 6391 8444 4357 6412 8462 8465
 279 8476 287 2344 6448 4410 6464 8515 8517 8524 6484 4444 4445 6498 356
 2414 4469 379 2429 8578 6533 401 6555 422 8623 2480 8625 4533 8630 440
 6587 8644 2506 2507 2509 8657 468 2524 477 4578 8678 503 4600 6648 2554
 2553 4602 4599 2558 6656 4615 4632 8729 6684 8733 8737 6694 8746 555 560
 6711 4666 574 8766 6724 4682 4689 4690 607 6756 6758 621 4717 623 2672
 2673 6772 630 2678 8829 644 2693 646 6792 657 6805 6811 2718 8866 4776
 680 6827 8877 4782 687 4790 695 6840 4792 708 2762 4817 727 6883 742 4843
 2796 749 4844 4853 4858 6912 768 4866 2818 2817 6918 2824 8970 4877 4889
 798 4894 4904 9001 2860 2861 9006 9007 9013 9029 9040 4944 6995 853 7003
 9061 7019 2928 2929 9090 2951 906 2958 919 9114 2972 926 928 5027 2981
 7080 2988 941 2989 9135 5040 5039 9139 7096 5058 3013 3017 973 7119 9168
 9171 5077 5078 5083 5089 5094 7146 9199 5107 7157 1015 1028 3080 7178
 7182 5136 9233 5139 3099 7195 3100 5154 5158 5162 3131 5180 5196 7251
 1112 3162 7260 9309 9316 9321 7285 5237 9335 5243 9339 7293 5246 5257
 9355 1166 1168 5274 9377 7330 1186 9383 9385 7337 7343 7347 9402 9406
 7367 9421 7377 3283 3289 5339 9436 1244 7396 7400 5354 5355 9451 9457
 9461 9469 5377 5381 3337 7435 9483 9492 1305 5404 9501 7461 3367 7471
 1332 5431 7484 5437 3389 9536 1345 1350 9544 1354 9555 9558 5466 5472
 1377 7520 3428 9573 1383 7528 9581 1395 3448 3455 5505 3458 9611 5516
 3474 7573 5531 9629 1438 7584 3491 5540 1445 3494 3497 1453 1459 5558
 1462 5560 9657 5580 9678 9684 3541 9686 1498 5598 7649 3556 1511 1520
 7672 5631 5632 5637 9738 5643 9755 3613 5666 7718 3622 7722 7724 5678
 1585 3635 5685 7733 7740 3655 9808 1617 3669 7773 7776 1636 3684 5732
 9831 3685 3694 7796 3701 7802 9856 1668 5773 9869 3728 9875 1687 9883
 3740 5792 7840 1702 1705 9900 5814 1728 9921 3779 7879 9934 1743 5843
 3797 9941 1751 5848 1753 9944 3804 3805 9951 3807 9956 9957 5862 9964
 1778 3827 5879 9985 5899 5917 3877 7978 7979 1843 1847 8010 8011 1868
 5963 8018 3925 3934 3935 1887 5985 3943 3944 8041 5994 3950 8060 3964
 3965 1920 6023 8075 8076 1934 8080 1944 8110 4020 8121 4032 8135 6090
 8141 2018 6124 8172 8174 8180 6135 4095 9127 2152 9161 5834 4331 8363
 6575 8944 283 6319 2802 9590 6075 7389]
[6613 7435 7773 4170 5275 4866 621 5558 7207 7270 6648 5848 9402 5381 34
 3541 8135 9240 1606 9377 7613 3935 4615 4051 574 379 1377 8604 8766 593
 657 5663 3742 7776 2 4112 4877 6679 9657 4690 6391 9197 262 5257 8729
 2878 6724 8227 5917 7377 2506 3337 9928 9808 5685 6694 3162 9300 1443
 7745 6323 9283 9385 607 9889 7672 4906 6157 9135 6533 4994 2475 8191 5027
 5678 5437 7928 5645 1511 1000 598 8244 2786 9773 678 8984 1134 5807 4411
 564 7659 3250 8378 921 1934 1781 1944 723 1636 9597 5472 8222 3874 1868
 5773 9265 1355 8970 8664 7791 2720 2888 6248 1101 1617 8375 7166 3129
 1758 2673 2528 5077 8578 7484 8311 3704 9497 8060 3377 259 656 1736 673
 2053 6280 9007 132 7075 8630 8807 9114 5040 8011 2943 7718 9328 2901 5814
 4175 8644 3080 5246 7840 9355 9934 9084 3474 2666 8074 967 5560 3554 7251
 8319 9708 3438 9199 9412 7619 4944 2113 5940 5926 9872 2021 4028 9629
 7417 4895 8592 1346 8061 5458 4298 9335 4444 6772 6362 1755 348 111 923
 6277 5222 6049 2762 3655 8070 5503 4337 9061 9006 2664 2467 1438 3657
 6135 3845 3622 2863 8110 4892 9271 8540 6490 8073 6179 2269 9184 9568
 4095 3877 9139 6912 1555 9383 6023 9703 8567 471 6852 4185 3556 8312 170
 1436 5631 555 7511 7600 2718 867 3726 2553 6283 6631 1162 625 1497 1754
 1211 5348 5738 428 9378 3267 4474 30 3167 8811 481 8631 9590 1431 8629
 8291 4965 3353 3635 6040 5449 9173 4151 7865 6125 2978 7104 7787 1248
 6220 2637 2494 4237 3194 1677 3620 1549 2106 5199 7982 1607 1361 7514
 7042 3946 3344 3600 7501 9910 8411 9051 9984 6258 587 9653 7919 4559 9437
 2766 8702 3601 6508 5386 782 2780 1132 4671 5751 7724 6153 2243 6990 4854
 8851 3178 9681 6422 5935 314 5766 5339 9618 4212 5008 9247 3856 2304 4308
 9592 3131 643 7523 4527 4417 3853 3074 9720 215 8484 5716 1800 119 7122
 9344 6959 5462 941 2743 2561 9764 4327 9305 4278 8788 6398 2566 4926 4719
 674 7475 906 605 4597 8127 9632 279 100 6075 223 2344 4148 4843 2710 2186
 6228 7802 4792 7057 8077 7400 6124 2947 8839 731 1568 7185 2306 5585 3943
 4790 8746 973 680 114 7580 1345 8975 2651 4282 4121 7788 8444 3515 7398
 1761 7807 6098 7178 7049 7573 3934 1680 6931 8347 2198 798 4908 4749 8240
 2507 9250 9817 5531 1598 93 1968 400 3237 6711 5991 5516 7755 5896 4842
 1453 5924 6149 7070 9921 7902 6456 5506 8233 727 7661 3111 2264 706 1168
 9675 169 3288 4846 5430 8048 3950 1462 2808 5748 9062 3229 544 3494 5169
 7904 2100 6256 6501 2891 7834 7888 5937 7936 1572 2025 2345 3829 2848
 8103 8517 1190 1025 5139 3770 3985 3869 7986 2641 3991 8430]
[7773 5558 1112 7207 4858 4039 3964 2824 5848 9402 3797 9240 1606 5342 574
 1350 8576 8766 4112 4533 4877 5505 9657 6391 1098 9197 8274 7367 8018
 2878 6724 7343 6477 5917 4654 2506 8742 3529 7375 1579 9385 8362 7557
 9889 7672 4906 6157 9135 1511 4585 1594 1000 9767 1778 8657 9072 2455
 9611 1134 4411 7659 3250 1898 1958 3944 1145 723 932 1610 9597 8222 9265
 9309 8664 2888 4284 969 2509 3493 9659 2673 2528 9612 4370 2234 3704 8060
 3377 2905 656 1964 2796 7459 7944 9524 132 8630 1611 9883 8807 3613 2145
 5040 2928 3099 8886 8011 7718 2901 7003 1554 4175 6254 5246 3684 2131
 4666 7511 2718 2972 2704 3726 2038 835 6719 1162 7006 1211 6642 6349 4474
 3167 8811 3646 4582 8629 8291 6606 3867 3771 7397 4662 9054 1270 7865 525
 6125 5956 2072 5243 263 3371 1677 1549 3805 2106 3946 7955 7053 6114 4469
 2486 5556 7907 9279 3271 6795 4967 6802 4383 5907 157 2778 5293 2541 2766
 4445 5868 2896 8989 2480 782 2430 6528 3983 857 3942 3345 3451 1062 6823
 8720 4621 1895 6163 1076 859 3339 295 7724 5263 7297 8243 2243 4717 113
 862 204 6755 3583 8627 6990 4478 4 8643 4854 8851 1731 6147 901 4879 9951
 450 3641 6883 6239 5675 4262 7021 3200 8791 5339 5509 3997 4771 2659 3254
 3856 1016 2304 1978 4308 9592 3131 5693 643 7523 4063 5295 5218 9701 9720
 2255 9911 7995 6093 9469 7836 3752 1147 4331 7796 9436 9029 9997 8076
 2384 6827 1965 7599 9400 4515 9994 3149 3289 5725 1833 9098 1702 6201
 8959 1740 9344 2298 9871 468 994 4067 9090 6806 1950 7479 4082 7704 9764
 6107 3700 9721 3977 6516 2401 2697 3728 4102 9863 3707 4719 1912 8041 456
 7521 7337 9632 8829 6075 358 7649 1544 4222 2344 9969 7666 8171 9757 4843
 3465 4387 8246 2186 7802 6090 7849 8077 3588 6919 8987 7400 7286 6124
 8401 9171 2273 8272 7614 3683 5963 1244 926 9536 4790 3393 3925 5111 4335
 2988 2340 973 9125 749 8269 1668 1015 8859 1541 7747 3705 3731 3891 4199
 4817 3922 1463 4121 7788 2833 754 1705 7837 8579 2529 8678 9831 5757 2929
 8120 7096 7178 8902 8238 5666 7573 246 6757 1680 7079 6918 8347 2244 8997
 6043 3653 2198 3807 424 4165 6448 7520 9869 9426 31 2018 7856 5531 7492
 8799 2260 1598 4663 6539 7070 8314 9921 7411 6404 8453 7188 5506 601 6856
 6238 6251 4867 9830 2314 4737 3950 7161 5054 6145 5976 3939 5346 544 1914
 2068 8853 6062 4126 3494 8803 8172 7065 7729 5083 6379 8762 8796 9280
 4561 5937 38 9361 1572 8085 32 7067 9687 1828 8882 1338 7921 3953 4844
 4163 2096 3991 3540 1186 2660 1393 4942 7866 4683 708 6623 8290 4231 7610
 5060 2074 853 5396 6770 195 2587 7653 3671 1900 2958 9397]
[694 6484 7435 7773 4170 1445 8609 5275 4866 621 1178 4232 5558 1112 7207
 7119 7270 3964 2824 5848 9402 34 3797 1358 9240 3458 1753 1606 7613 5342
 3935 6168 4615 5354 4051 9321 4439 7396 6684 1350 8877 1377 9168 8576
 8604 8766 1856 593 657 8168 5663 7776 4112 5632 4877 6679 9657 4690 1098
 9197 8274 5792 9406 8729 8018 2878 919 6724 7343 4154 6074 8227 5985 6477
 5917 2671 4987 3232 4654 2506 9928 6694 3162 9300 1443 7745 6323 8854
 9283 8682 7375 1579 607 7557 7019 8735 6498 9889 7672 7146 4906 6157 8080
 9135 7461 4994 8191 5678 3386 5437 5645 1511 4585 422 7833 1000 457 1161
 8244 288 1778 8657 5175 2786 9773 8984 2455 7009 9611 1134 5807 4411 9620
 564 7659 1898 1958 3944 8378 1934 1781 932 1636 1610 9874 9431 5472 8222
 3874 1868 9265 9309 8970 3694 7791 2720 2888 6248 4284 4964 1101 969 2509
 1617 2661 2422 3493 97 1758 2899 160 2673 2528 9612 7484 9204 8010 2234
 3704 9497 8786 259 6620 673 2796 1040 7459 2053 6280 9524 9007 363 132
 7075 2446 5372 2943 7718 6319 3017 4175 8644 7840 2393 2666 3171 5541
 7528 5560 5015 3554 7251 9708 4752 3438 5355 9199 3702 2113 5112 4028
 1258 8061 5458 4206 3714 2989 3655 9006 5688 8510 2467 2863 4892 8236 219
 3882 1555 2524 6852 5089 2131 5631 5431 1202 6719 6349 4139 3267 7489
 1431 329 8291 9054 5591 4862 4285 7104 4237 3194 9252 5158 2106 5579 6505
 3344 3600 6293 9725 9051 6529 6258 9891 3708 8463 9694 8364 7919 9437
 6795 6802 5907 4001 9576 5293 2541 6508 793 4445 6839 236 2480 2780 3056
 9580 3942 8720 4621 1132 6142 859 2861 5751 1583 832 7724 7297 6147 4134
 4747 6084 450 6883 6239 5543 3258 9319 7100 5766 7021 8791 5509 7714 3997
 8926 9247 2304 9592 5693 4063 5218 4417 3074 9372 9720 962 5716 7995 1800
 9469 5599 4940 2039 8310 1379 6241 3752 1510 139 1147 4863 6645 2084 864
 5732 3878 7089 9689 7285 3031 6346 9367 7347 8141 9421 8771 6827 8508
 7122 9400 8476 7157 8288 3740 3448 9244 5930 6593 6201 9339 6035 9871
 3937 6183 9233 9090 2060 7386 5715 941 2554 6162 2743 1534 4082 2474 4703
 7624 4215 6398 1518 9678 9652 2069 9696 3728 5898 487 5977 3707 9457 8041
 674 512 7337 8127 8829 279 100 961 7983 358 8760 7649 6382 6636 5229 7313
 1920 7666 4843 5398 7531 2186 5022 3827 2306 3943 8746 5111 5961 7646
 8217 1089 7566 4121 1705 9831 8733 7178 8902 2981 1680 3965 6711 4973
 4574 5516 4842 9318 1453 4554 9358 5871 5924 8613 7307 7411 5686 8453
 4441 7661 706 4953 4846 3214 4737 6926 6145 8764 8606 5837 7929 3570 3494
 5762 5241 552 3068 7904 5083 6379 1332 7794 2100 6501 7172 8388 7761 2133]
[7129 5599 2138 2039 2182 6241 1510 139 6587 864 8638 1738 7285 3136 7347
 6759 8771 1520 1965 9483 7122 9400 4515 3149 7898 401 5936 8288 9098 9244
 3701 6035 9090 2060 941 8451 6746 1534 4703 8470 9764 768 6758 7624 3700
 8788 8097 4215 9003 9721 2566 4922 3977 9573 9652 2069 5610 4954 5977
 9863 2777 2818 5843 1912 8041 674 906 4875 8518 9875 8127 356 6615 9686
 87 5899 6382 3428 6792 2344 7313 9001 4148 9757 6480 5426 2998 7849 3588
 437 6124 2273 2306 5963 1244 3943 4790 2988 5961 6306 114 7646 1541 1463
 4932 5666 9468 5126 2244 6231 7330 9056 1847 2444 31 9288 9817 5531 1362
 6106 4663 9461 9071 1838 7448 3531 8284 1306 4574 5516 3471 5896 1453
 4554 2250 3325 8314 6276 964 5506 4709 6856 3090 3939 8985 4561 2823 2848
 1135 9687 5196 3906 8625 3869 3685 565 1393 1751 5078 8279 5396 3221 1305
 7033 3941 5655 1953 4344 8407 1609 6602 6527 5347 8581 3810 652 4983 4656
 8642 1046 5581 694 7435 1445 5275 4866 1178 4232 7119 7270 3964 5848 6094
 3541 3797 1358 1753 9377 7640 4357 7613 3935 4051 4439 1350 8877 1377
 9168 8576 8766 593 8168 1498 3742 7776 2 9900 4877 6679 1098 9197 262
 9406 4904 8729 7367 6724 4154 1887 5985 6477 4987 3232 7377 4654 2506
 3337 9928 8742 9808 9340 3162 1443 5862 9385 8362 607 8735 6498 7672 4906
 8080 8191 5678 7928 5324 4585 1594 422 598 457 1161 8244 288 1778 8657
 5175 2786 9773 678 7009 5807 4411 9620 3250 3944 8378 921 1934 1781 932
 1636 9874 9597 9431 5472 3874 5773 6671 9265 1355 8970 3694 7791 4964
 2509 2422 7166 97 3129 160 7269 2673 5077 9612 9204 4370 8010 8060 3377
 2693 6620 673 1040 7944 9524 363 132 7075 2446 9883 8807 3613 9114 5040
 2928 8931 3099 7003 1669 5246 4019 9513 9084 7978 967 7251 3438 5674 5355
 3702 4944 5926 7867 9872 5540 5799 1346 4444 6119 2749 1755 111 3575 9316
 5222 2762 4337 9006 2707 9558 646 6490 9184 9568 1728 4095 3497 4689 3877
 6912 9703 8567 471 8312 6393 5039 5631 7511 2972 867 2704 1635 8827 3726
 2553 2912 6719 625 7006 1497 1211 1686 6129 9378 6819 481 7489 9590 8291
 6606 6040 5449 9173 4662 9054 5591 1270 8064 9307 4151 566 5956 1971 6220
 5243 2494 4237 9252 5211 3805 5579 5548 4293 3946 3344 971 7501 7955 5053
 6258 6114 4044 9279 3271 4559 9437 3315 157 2778 9576 2541 8702 9208 4445
 6839 5386 5868 4304 6811 2780 403 6528 3983 3942 2470 2756 1062 5103 7193
 4621 6163 2861 1583 6153 1980 9215 113 862 204 2261 6934 8627 5273 8079
 4854 3178 1731 6422 5935 745 6883 314 9319 7021 8791 5509 4239 3255 7750
 4771 3418 9592 4527 1312 3074 8484 3236 5716 1800]
[6613 7435 7773 4170 8398 1445 8609 5275 4866 621 1178 4232 5558 7207 1687
 7119 4858 6648 4039 3964 5848 9402 5381 6094 34 6386 8135 3797 1358 9240
 3458 1606 9377 7640 4357 7613 3935 6168 4615 5354 2080 4051 9321 4439
 7396 6684 1350 1377 9168 8766 8168 1498 5663 7776 4112 9900 4877 6679
 9657 4690 1098 9197 262 8274 5792 7367 2878 919 6724 8227 6477 5917 7377
 2506 8742 9808 6694 1443 7745 6323 9283 5862 8682 7557 8735 7672 4906
 6157 9135 6533 7461 4994 2475 5027 3386 5645 240 1594 422 7833 928 598
 457 9040 288 5175 678 9072 6840 5807 7659 1145 723 9874 5472 3874 6671
 9265 3694 2888 1101 9544 1617 2661 5147 3493 7166 1758 9659 160 2673 2528
 8311 8010 2234 9497 8786 3377 2693 6620 1964 673 2796 1040 2053 6280 9524
 132 1611 9883 2111 3613 2145 630 9114 5040 9918 2928 8931 8011 2943 7718
 9328 6319 4571 4175 6254 1669 3080 5246 7840 9513 9934 3171 5541 4463 661
 6245 3554 7251 9708 3438 5674 4593 9199 5926 7867 9872 5540 2021 9629
 2787 7417 7715 8061 16 5458 3904 9335 8265 1755 5142 2054 111 9316 6049
 2989 4337 9061 2664 8510 2467 6135 2707 9558 3845 646 8110 4658 219 8073
 9184 3013 4689 6912 6023 471 6852 4185 6393 5039 5631 560 7600 5580 2972
 867 1635 2895 8827 2553 5947 7006 1497 1754 5738 8344 3267 30 8811 7489
 329 8629 8291 325 6606 3353 3635 5449 9173 9054 5591 1270 8064 4285 2978
 5810 3890 5243 4237 3194 9252 1464 5463 8548 3805 2106 5199 1361 7514 382
 6293 9725 8411 7955 8702 4473 3418 9492 9592 5693 13 8414 4527 1223 5017
 3853 962 2483 7995 5067 119 4940 8310 2182 6241 4863 1593 6645 2084 5264
 4331 7089 7796 9436 2220 6346 9956 6759 8076 8771 6827 4306 9483 7599
 9400 9994 2320 401 5936 1833 7157 8288 4625 3100 1713 3740 3448 9244 3701
 8959 6035 9344 9871 3937 6183 9090 9964 5715 4873 6806 7479 3631 4889
 6746 1534 2081 3528 503 1881 6758 4327 7624 3700 3285 8788 4215 9003 9721
 2566 4699 9573 6516 5920 7487 2697 9652 7293 3728 5898 4102 4488 487 5637
 8130 2777 3707 4719 9457 8697 674 7521 4351 7337 5358 5922 8127 1501 5417
 7983 358 8760 6382 6636 7529 3428 6792 6454 7313 4825 8171 3465 4387 2710
 8246 2186 4586 7802 5022 6090 109 7849 7057 3827 8077 3588 5300 6124 2947
 6270 2791 4599 8272 7185 3683 2306 746 5963 9536 3925 5111 4335 2988 5961
 749 715 114 7580 1345 7646 1015 4410 2651 5009 8217 5735 3891 7311 4817
 3922 4121 8444 3515 5393 4556 3729 6399 8579 4524 603 9831 3555 8597 6784
 7366 2550 4027 6968 8059 5457 2890 0 7838 2676 3733 1482 497 1481 1268
 6793 571 1074 2775 8379 9636 7389 1092 4603 2900 7907]
[7773 1445 5275 5558 7207 7270 2824 6094 34 1753 9377 5342 7396 9168 8604
 1856 593 8168 1498 2 4533 4877 9657 1098 5257 8274 8729 7367 1887 6477
 5917 2671 3232 7377 3337 9928 9808 6694 3162 9300 8854 9283 5862 8682
 7375 8362 607 7019 7146 4906 8080 9135 4994 8191 5027 5678 422 1000 457
 9767 288 8657 5175 7009 1134 5807 1898 1958 921 1781 932 9597 5773 9265
 1355 8970 7791 2720 4964 1101 2509 8375 5147 3129 9659 2673 2528 9612
 8578 9204 4370 8010 8060 2693 259 656 673 7459 2053 6280 9524 9007 363
 132 606 2111 630 5372 9918 2928 138 8011 7718 9328 3017 4175 8644 1459
 9804 9934 8074 7978 7528 4752 3438 4050 5162 2113 5763 7867 9872 1258
 4206 9335 1755 9316 5503 6135 2863 8110 7577 9184 1728 3497 5317 5039 560
 7600 2972 3756 3726 2553 6283 1162 5947 6642 4139 3267 6819 3646 8176
 8631 8629 325 3867 3635 6657 9173 7422 9054 4862 6332 6125 2978 1588 7104
 7787 5956 1971 3890 2637 5243 3194 9252 1464 5579 7982 1607 1361 4293 382
 6293 8411 8849 6258 6114 9694 4469 2486 396 7919 4559 3315 4967 6802 4383
 2778 9576 2015 2541 793 4445 1447 8809 8989 2480 782 2780 9704 8590 2756
 389 1076 6142 3339 1583 295 7724 6153 5263 2477 2243 204 3583 1873 9738
 3178 6147 6422 4134 4747 6084 3641 5935 3978 3258 9319 309 7100 9033 5509
 5132 2879 4239 3255 4212 4136 9587 3254 9247 3418 1016 2304 9592 7523
 5218 8414 4417 1312 1223 4440 5017 3853 9372 962 9911 8484 6736 3236 2483
 880 5716 1146 1800 6093 9469 5599 119 2138 7836 7979 4940 2039 1379 3752
 4602 4884 1510 139 4863 6587 6645 2084 5264 864 8638 8557 5732 7089 6622
 6425 2220 7347 9997 6759 8076 6827 8508 7223 9483 9400 4515 3018 6412
 7157 9098 3740 3701 4353 1679 2605 6593 1702 6879 8373 9344 4455 9871
 7471 4067 9233 9090 7386 6109 5462 8623 7479 9943 8451 4889 2743 4082
 7704 3528 4595 4251 9764 7624 682 8097 116 9721 3431 9678 3977 2401 7293
 5898 4488 487 4926 9863 5637 8130 2777 2818 9457 8697 7521 906 4351 4776
 512 4597 8127 356 1501 7983 6075 358 7649 7529 6792 6454 4825 4843 7802
 6919 5300 8401 1354 2791 7105 3683 2306 5963 1244 5111 680 749 8859 1541
 7747 1089 3705 4121 4578 4556 8678 5757 9581 7182 5200 7292 3915 7690
 5377 246 6757 6043 7248 3653 424 9056 4165 416 8465 9869 9426 9250 9288
 5994 9817 7492 703 1598 1968 8524 3237 2860 1838 4336 9771 1317 9358 3379
 9552 183 5154 4190 6856 1166 6238 9675 3595 7031 6251 23 4867 8884 9332
 1925 4737 3090 9374 7161 5976 3939 8985 3229 9066 5598 4853 9158 544 8619
 1914 8853 6062 9661 5237 8803 452 2607 4193 2149 4196 7455 5041 8001]
[7435 4170 1445 5275 4866 1178 5558 1112 7207 7270 4858 4039 3964 2824
 5848 9402 5381 6094 3797 1358 3458 1753 1606 9377 7613 5342 3935 6168
 4615 5354 4439 7396 9168 593 657 8168 3742 4533 5632 6679 9657 1098 262
 5257 4904 7367 8018 7343 4154 6074 4987 7377 3337 9928 8742 9808 6805
 5685 6694 3162 1443 7745 8854 9283 5862 1579 9385 607 8735 6498 7146 4906
 8080 9135 7461 4994 2475 5645 1511 1594 928 457 8244 1778 8657 2786 9072
 6840 5807 7659 1958 3944 921 1781 1944 723 932 1636 3874 9265 9309 3694
 7791 2720 2888 6248 4964 7733 969 2509 1617 2661 3129 7269 2673 2528 5077
 9612 9204 8311 4370 8010 2234 3704 8786 3455 1736 1964 673 1040 2053 7944
 9524 9007 606 2446 3613 5372 2928 138 8886 9328 2901 7003 5814 6254 8644
 1669 5246 7840 4019 3684 9934 3474 2666 3171 8074 7978 967 6245 9708 6002
 4593 5355 3702 5162 2113 5940 2063 9933 5763 5112 4028 4895 3532 4020
 3904 4298 6005 4206 9335 1743 4444 6119 3714 6362 111 923 3575 9316 6049
 8462 8070 9132 6721 9061 9006 2664 5688 2194 3657 2707 646 3622 2863 8236
 9271 3669 6490 8073 7577 9184 9568 3804 3283 4689 3882 6912 1555 2524
 6023 7728 8567 6852 4185 5089 3556 1436 2131 5039 5631 555 560 7600 670
 5580 1202 1635 2895 8827 3756 2038 2553 2912 835 6283 5947 7006 1754 6642
 6349 477 5738 3267 4474 3167 6819 7489 1431 1207 329 8629 1583 832 7724
 5263 2477 8243 1980 7355 204 8079 9738 4854 4134 745 6883 4114 314 9319
 5061 1645 4239 4212 4063 4417 3853 9720 8484 1800 6093 9469 139 4863 5264
 3878 9689 9956 9367 6759 8508 9400 3149 7195 5725 6412 4625 9244 6201
 9339 1740 9344 7471 4067 9964 4889 6746 2743 1534 4703 2561 768 6507 6398
 5879 3977 7487 2069 5898 537 5977 5843 9457 6756 1912 8697 7521 906 4351
 4875 605 5922 634 548 356 5417 6615 6075 685 3428 6454 1920 4387 2710
 5398 4586 4792 109 7849 7057 7400 8839 731 2273 7440 2306 5963 3943 3393
 4032 5111 4335 2340 680 715 8859 1541 8151 7747 7311 4121 7788 4578 5393
 3505 4524 603 8733 4932 6098 8238 7690 2981 5666 8355 7573 5126 3934 7079
 8347 7330 798 9056 4826 3586 1847 6448 3491 2444 4749 8240 9869 31 5531
 1362 3965 9075 1968 19 3237 6106 2726 9501 9461 8284 90 9318 4913 3181
 4554 1395 9287 6149 4766 7902 6456 7188 183 727 601 644 3819 6856 706
 1168 9945 4669 4953 6238 2329 3595 7031 5857 23 8884 3214 9830 7258 9985
 9485 3986 3939 8928 958 9158 7929 5169 552 3522 7729 4267 3197 2008 4281
 8762 6501 7888 7761 7645 7456 9844 2848 8990 3960 8517 9239 1135 4760 32
 5180 7308 8323 3770 3906 3524 7657 8402 7921 8330 7986]
[6613 7435 4170 1445 5275 4866 1178 5558 7207 7119 7270 4858 6648 2824
 5381 34 6386 3541 1358 9240 3458 1753 1606 9377 7640 7613 5342 5354 9321
 4439 574 1350 379 8877 1377 8576 8766 593 1498 5663 3742 4877 6391 1098
 9197 5257 8274 9406 4904 7367 8018 2878 4154 5917 4987 2506 3337 9928
 8742 9808 6694 8174 6323 8854 5862 7375 9385 8362 7019 7672 7146 8080
 9135 6533 4994 2475 8191 5678 5645 240 928 9767 288 1778 9773 6840 2455
 7009 9611 1134 3250 1898 1958 3944 8378 921 1145 1944 723 9874 5773 8970
 4964 9544 969 97 160 2673 5077 9612 7484 4370 259 3455 673 2796 1040 7459
 7944 9524 7075 3613 5372 5040 9918 2928 3099 440 3017 4175 1459 9804 9934
 3474 2666 3171 6245 5015 3554 7251 9708 4752 3438 4593 5355 9199 7619
 4944 5162 4782 5926 5763 7255 9872 5540 4028 9629 7538 2787 4895 3532 16
 5458 3904 4298 1743 8265 6772 6362 1755 5142 2054 111 2989 2762 8070 2228
 2194 9558 8236 9013 3804 1728 4095 3497 3882 6912 1555 6023 7728 5317
 8312 2147 7600 2972 867 2704 1635 2895 8827 3756 2553 6283 7006 6642 5348
 6129 428 30 8811 6819 7489 9590 1431 329 8629 8291 325 7397 3353 3635
 5449 5591 1270 8064 525 6332 2051 566 5956 3890 5243 4237 1677 3620 1549
 5463 5211 2106 5579 9752 7982 1361 7514 971 6293 9910 8411 7053 177 9891
 9694 5556 4044 8364 396 7919 4559 3612 3628 3315 6795 4967 5907 157 5652
 2015 2541 2766 9208 3601 793 4445 6839 6247 5386 4304 2480 5895 9704 6528
 8528 9580 2470 3345 3451 2756 1062 5103 6823 4621 1076 6142 2861 1583
 2477 1980 7355 2243 4717 862 6637 204 1873 5273 8079 4473 6990 8643 8776
 9681 6422 4134 6084 3641 1793 5935 3258 9319 1645 5766 9033 7021 5790
 7714 4435 4239 7901 2659 8926 3418 2304 1978 4308 4063 5295 8414 4527
 4417 9701 3853 3074 9720 215 962 9911 6736 3236 880 5716 5067 119 7836
 8310 547 5274 2182 319 3752 1510 139 1593 6587 6645 2084 864 8638 5732
 9689 2220 3136 6346 9367 6759 8076 6542 4306 9483 7122 7599 5725 401 3018
 8288 4625 3448 3701 1679 5930 6593 9339 9344 4455 9871 8180 7471 8623
 5715 4873 2554 1950 7479 1534 4174 4595 1881 2561 9764 6758 1144 9305
 3285 8097 6507 4215 1518 3431 4682 5898 487 9863 3358 4719 9457 6756 4351
 512 7337 5358 4597 8127 548 8829 1501 100 9686 7983 5899 287 3428 6454
 223 7313 4148 9757 4387 5426 8246 5398 7531 6228 4586 7802 2817 3827 9500
 6270 2273 1568 8272 7185 9536 4790 1668 5653 1541 3705 4817 1463 4121
 6573 754 4524 8678 603 1761 8733 7178 8238 7292 7573 6757 5107 3653 3807
 1847 416 6448 4908 2444 7520 9152 9250 9288 7492 5767 6404 2760 8555 743]
[6484 7435 7773 4170 1178 5558 1112 7207 7270 6648 4039 3964 34 6386 8135
 1358 9240 3458 1753 1606 7613 5354 2080 9321 4439 7396 574 6684 1350 379
 8877 1377 8576 8766 1856 593 8168 5663 3742 2 5632 4877 6391 1098 262
 5257 7367 8018 919 7343 6074 8227 5985 5917 2671 4654 3337 9928 9808 6805
 9340 5685 6694 6323 3529 9283 5862 8682 7375 1579 9385 8362 7557 8735
 6498 9889 7146 6157 4994 5027 1594 1000 457 288 1778 9773 8984 7009 1134
 5807 9620 921 1145 932 1636 1610 9874 8970 8664 2888 6248 1617 8375 97
 1758 2899 9659 7269 2673 4370 259 3455 6620 1964 673 9524 363 606 9883
 2111 2145 138 1554 6254 3080 9934 3171 8074 7978 7528 6245 7251 4752 4593
 5355 3702 4944 5162 2113 5940 5926 5540 2787 7417 4020 16 4298 6772 5142
 3575 5222 8510 2707 9558 646 3622 2863 4658 8540 219 2269 3804 9383 2202
 5089 3556 6393 1436 4666 3389 5580 2895 3756 3726 2553 835 6719 6283 1162
 5947 1211 6642 5348 6129 481 4254 3126 8291 3771 3635 6657 6040 9173 5591
 8064 5529 4151 6125 2978 7611 5956 1971 6220 2637 9252 1549 1464 5211
 5579 6505 3946 971 9725 6529 7053 5053 6258 6114 5221 8364 4559 9437 6802
 5293 793 4445 8809 2480 782 9580 389 6823 1385 2861 7724 6153 1980 2243
 113 862 204 4473 9738 4854 3178 8776 6422 9951 6084 6883 6239 4262 9033
 5790 7714 4239 3997 7901 3418 9492 1978 3131 5693 7523 5218 4527 4417
 4440 7758 3853 9372 3236 6093 7979 1379 5274 6241 3752 4602 9471 4884
 1510 1147 864 8638 7089 9436 9956 7347 9029 8076 8771 2384 4306 9994 3149
 7195 2320 7898 5725 3018 6412 8288 1679 2605 6593 9339 6879 9344 8180 994
 6183 2060 9964 8623 7479 7962 8451 7704 4703 8470 4327 7624 4278 682 6398
 1518 4699 9573 7487 2697 7293 9696 5898 487 4926 3358 8130 2777 2818 5843
 1912 456 7475 7521 605 8518 5922 634 8127 8829 6615 6075 223 4148 7666
 8171 9757 3465 7400 7286 2947 731 1354 4599 8272 7105 7185 1244 3393 2988
 1299 5961 7646 2651 4817 4121 7788 754 7124 3505 1705 7837 7807 2929 4932
 171 7292 7690 2981 1680 6231 6043 7248 4165 3586 4749 9152 2507 1798 9869
 9288 9817 5531 1362 2260 1440 1598 400 9456 9449 6106 6711 9461 8515 8315
 9771 9287 6149 3325 5404 6611 5775 7661 6997 706 9675 169 3595 6251 1925
 9485 9062 8755 8764 9066 1914 6070 9661 5237 7729 695 2345 9844 5233 582
 2024 9489 8304 8665 2356 3524 8625 1467 3869 1772 3511 8330 8496 3991
 3540 3643 9731 708 9944 8393 8290 4231 8485 5060 8121 3097 9198 2227 4275
 5396 1115 7080 7584 7033 2958 5256 4990 2672 2695 3442 9080 8116 9396
 7498 3905 995 6820 5650 6451 652 9272 2451 1001 1258]
[7435 4170 8398 1445 8609 5275 621 4232 1112 1687 7119 7270 4858 4039 3964
 2824 5848 9402 5381 6386 8135 1358 9240 3458 7613 3935 4051 4439 7396
 6684 379 8877 8576 8604 8766 1856 9900 6679 262 7367 6694 7745 9283 1579
 7146 8080 3386 1000 2786 6840 2455 71 3944 723 1636 8664 4284 9544 969
 2528 8578 7484 8060 3377 3455 1611 2446 2145 8931 138 440 7003 1669 9804
 3474 3171 7528 4593 9412 4782 9933 5763 5540 7417 8592 8737 5799 5458
 9335 2749 111 8462 2664 8510 2194 2467 1438 9558 7322 7577 2269 4095 7728
 2202 5317 3556 5631 4666 7600 6719 6642 6129 428 9590 4582 3126 325 6606
 7397 3635 6040 9307 5529 525 2051 5810 5243 5463 7514 382 5053 9694 4559
 3612 3315 6802 157 2778 5868 9704 6528 389 5751 7724 2477 1980 862 5997
 4473 6990 4478 4854 8851 6422 4134 4747 450 3641 1793 5935 745 6883 4114
 6239 9319 4262 1645 5766 7021 5509 4435 4239 3255 7750 4136 4771 9587
 8926 9247 1016 1978 9592 5693 5218 4417 1223 4440 9701 3074 962 8484 9469
 7979 547 5274 6241 9471 1300 5264 1738 7285 9029 4371 6759 5124 8771 4306
 9400 4515 3289 5725 401 3018 1833 6412 7157 8288 2605 6201 9344 8180 3937
 6183 7471 9090 7386 6109 9964 5715 6806 3089 8451 3724 4889 4082 2081
 4600 1881 6107 4278 6398 9003 3431 4682 2566 5094 4699 6516 5920 7487
 5610 4102 4954 4926 9863 3358 2818 4719 9457 906 4776 5358 5302 8829 7983
 6075 87 1544 6792 6454 9001 4825 1920 4148 4843 6480 5398 7531 109 7849
 7057 8077 9500 3588 8401 731 1568 3943 4790 8746 9125 7646 4410 1541 3705
 3891 8093 3515 3729 603 9581 8733 8120 7096 171 8238 7292 5107 5152 6931
 8347 1785 2244 8997 6231 6043 7330 2198 798 424 5564 1109 4501 4165 3586
 1847 416 6448 4908 8465 7520 2507 1798 9288 1440 19 1838 9771 3471 4842
 1650 8971 2250 9287 3379 3325 9921 6404 6456 727 7661 1190 1828 5196 3770
 8882 8304 3247 2356 8625 1954 1338 3869 7921 1795 4844 7163 3685 3511
 7986 2096 5765 3991 565 9269 1186 2551 1393 3690 7866 4830 4236 4453 4728
 5826 6076 9334 1028 5078 8279 853 8121 2227 5396 9957 7653 1305 7273 4419
 7080 1900 7033 5559 3941 5256 2717 1953 1174 2672 1531 9080 7358 3795
 7621 8407 330 8116 7906 4123 992 8581 5705 6782 6152 652 4983 4915 2358
 2451 5712 8380 1001 4570 7941 9822 8692 6052 5073 4156 1373 6870 2380
 2875 5865 2770 1966 8586 9 9729 1983 6951 2887 7953 8059 2728 5405 5471
 6019 6313 1803 6952 2676 1069 8309 99 7956 2940 1482 2990 2628 3338 423
 1807 7947 1420 5707 9009 497 9356 4616 9635 7051 620 5444 8819 9541 5427
 7749 8134 8703 6793 4580 2775 2185 9865 538 7984 806 5102 1238]
[9764 7624 6107 3285 8788 6507 1518 2566 9678 4922 3977 2401 7487 2697
 5610 5898 4102 537 4954 4488 5977 9863 8130 7260 9457 8697 674 7521 4776
 7555 512 4875 5358 8127 9632 548 356 8829 6075 6792 5229 223 4148 9555
 7740 4387 2998 2186 6090 3827 8077 437 7400 6124 9171 6270 7185 2306 3393
 5111 4335 973 9125 6306 8269 715 1345 8975 8859 1541 5009 3891 7566 4282
 7311 4121 8093 4578 754 3515 8611 3729 1705 7837 8238 694 6484 7435 8398
 1445 5275 621 1178 7119 7270 4858 6648 4039 3964 5848 9402 5381 6386 3797
 1358 3458 1753 1606 7640 5342 3935 4615 5354 4051 7396 1350 8877 1377
 9168 8604 1856 8168 3742 7776 4112 4533 5632 9900 4877 1098 262 8274 9406
 4904 8018 919 7343 6074 6477 5917 2671 4987 3232 4654 2506 3337 9928 8742
 9808 5685 3162 9300 1443 6323 5862 8682 7375 1579 8362 7557 7019 6498
 7672 9135 6533 7461 5027 5678 3386 5645 1511 4585 7833 928 1000 1161 8244
 9767 9040 288 1778 8657 2786 9773 9072 6840 8984 7009 71 9611 5807 9620
 7659 1958 3944 8378 1934 1781 1944 723 1610 9874 9431 5472 8222 3874 5773
 6671 1355 9309 8664 3694 2720 2888 6248 4284 1101 7733 1617 2661 1758 160
 5077 9612 9204 8311 9497 8060 8786 259 673 7944 132 606 7075 1611 2145
 630 2928 8931 3099 5814 1554 4175 8644 3080 5246 7840 9513 9084 3171 4463
 967 7528 661 5015 3554 9708 6002 3438 4593 5355 9199 9412 3702 4944 5162
 5940 5926 5112 9872 2021 4028 1258 4895 3532 8737 5799 1346 16 5458 4206
 1743 6772 6362 2749 5142 2054 923 4588 2989 2762 8462 5503 6721 9006 2664
 2228 8510 2467 3657 646 3622 8110 4892 8236 4658 219 8073 6179 3804 1728
 3497 3877 2524 471 6852 4185 5317 170 2131 5039 5631 555 5431 560 7600
 2718 670 2972 867 2704 2895 3756 3726 2038 2553 2912 835 6283 6631 1162
 625 7006 1497 1754 6349 6129 4139 428 30 8811 7129 3646 8631 4254 9590
 4582 1207 329 8629 3126 6606 3867 7397 3635 9054 5151 4862 525 6332 6125
 5810 7611 1971 2072 6220 5243 2494 4237 3194 9252 5158 3620 1549 1464
 5463 5211 3805 5579 9752 7982 1361 4293 7514 3344 971 9910 9051 6529 5053
 3708 9653 8463 9694 2486 7907 9279 7919 4559 9437 3315 4967 6802 4383
 4001 157 9576 5652 2015 5293 2541 2766 9208 4445 1447 6247 5868 2896 236
 2480 782 9704 2430 403 6528 8528 857 3942 2470 3451 7193 1895 6163 1132
 1076 859 3339 5751 1583 832 295 7724 8243 1980 2243 9215 862 6154 5997
 6755 6934 8627 5273 8079 6147 8776 9681 4134 3641 745 6883 3978 6239 314
 9033 5509 5132 9618 4239 7750 4136 9587 5008 1016 2304 4308 643 5295 8414
 4417 215 9911 1800 6093 2182 4602 5264 3878 7796]
[694 6613 6484 7435 7773 4170 8609 4866 621 1178 4232 7270 6648 3964 5848
 6094 34 8135 1358 9240 3458 1753 9377 7640 7613 4615 5354 4051 7396 574
 379 8877 1377 8604 8766 1856 657 8168 5663 3742 7776 4112 5632 4877 6679
 6391 1098 9197 262 5792 4904 8729 7367 8018 2878 919 7343 4154 6074 8227
 6477 2671 7377 4654 2506 8742 9808 6694 9300 1443 7745 6323 8854 9283
 5862 8682 7375 1579 607 7019 7672 7146 4906 8080 7461 4994 2475 8191 3386
 7928 5645 5324 422 928 1000 598 1161 9767 288 5175 2786 9773 678 6840 71
 9611 5807 4411 564 7659 8970 3694 7791 4964 7733 9544 2558 97 3129 9659
 160 7269 8578 3704 3377 3455 2905 1964 1040 7459 2053 7944 9524 9007 606
 8630 2111 3613 5040 2928 8931 8886 2943 2901 7003 3684 3171 7978 7528
 3554 7251 8319 9199 3702 4944 5940 5926 9933 7417 4020 8592 1346 8061 16
 2749 1755 348 7233 2989 3655 9132 5503 9006 2194 3845 7322 8110 9568 9383
 2524 9703 8567 3556 1969 170 1436 2131 5631 5466 867 3726 2038 7006 1497
 1211 6642 8344 6819 481 8631 4582 1431 325 4965 3635 6040 9173 4662 7422
 9054 1270 6177 2978 2051 7104 1248 7611 5243 904 263 3620 1549 3805 5579
 4293 7514 7042 3600 971 6293 8411 9051 3066 6529 9984 6258 587 3708 8463
 9694 8364 9279 396 4559 3612 6795 6802 4383 4445 6839 5386 5868 782 2780
 9704 2430 3942 8590 5103 389 6823 6163 5263 2477 8243 4717 113 5997 6637
 2261 6934 6990 4 8851 3178 6147 8776 4134 9951 4747 745 6239 3258 314
 7100 4262 1645 5766 9033 3200 3997 9587 3254 3856 1016 2304 8414 4527
 4417 7758 9372 8071 3236 2483 5716 7995 1800 2138 4940 547 4602 9471 1147
 4863 6587 2084 1738 8557 6425 9689 9436 4371 5124 1520 6827 9400 9994
 3149 7898 5725 401 8476 1833 6412 4625 1713 9244 1679 6201 9339 8959 6035
 9344 2298 9871 8180 468 994 7471 9233 7386 6109 9943 2743 1534 4082 7704
 3528 4703 4595 4600 8470 768 7624 6107 682 8788 8097 4682 9678 9573 6516
 2401 9652 5610 3728 5898 4102 487 4926 9863 6474 2777 2818 7260 6756 1912
 8697 674 906 4351 605 5922 5302 9875 548 356 3751 279 9686 7983 4222 3428
 223 1920 7666 4843 5398 4586 4792 8077 9500 437 6919 8987 7286 2947 9171
 8839 1568 5963 1244 926 9536 3393 5111 2988 680 8975 5653 1089 5735 3705
 7788 8611 7124 1705 4524 7178 5200 9963 3915 5377 9468 246 6231 7248 424
 5370 1109 4501 2678 9426 9817 5177 1968 9449 2726 9588 4336 2292 5516 726
 9318 5871 4957 1395 7070 4766 5404 8613 687 7411 5506 4441 4709 5154 6969
 727 601 2281 892 2264 706 6486 4596 2884 3288 7031 2521 4867 4737 9985
 3873 7161 3986 8928 4853 8606 573]
[694 6484 7773 1445 5275 4866 621 1178 4232 1112 1687 7270 3964 5848 5381
 6094 3797 3458 1753 7613 5342 5354 4439 7396 6684 1350 379 8877 1377 9168
 8604 1856 8168 4112 4533 5632 4877 5505 9657 4690 6391 9197 5257 5792
 9406 8018 2878 919 6074 5985 2671 4987 3232 7377 4654 9928 8742 9808 7745
 8174 3529 9283 5862 8682 7375 9385 8362 607 7019 8735 6498 4906 6157 9135
 6533 7461 2475 5678 3386 7928 5645 1511 1594 422 7833 1000 457 1161 8244
 9767 9040 1778 2786 9773 8984 7659 3250 3944 1934 1781 723 932 9204 8010
 2145 3702 7867 348 3575 9316 6049 2762 8070 9132 6721 4337 5688 2467 6135
 2707 8110 9013 3283 2202 1969 8312 5039 2718 5580 2972 2895 3756 2038
 1162 625 7006 1497 6642 4474 7129 8629 8291 6606 3867 6040 5449 5591 8064
 9307 6177 1588 2051 5243 4237 3194 9252 1677 7982 382 6293 7501 9725 8411
 9051 9984 587 8463 9694 7907 8364 3271 9437 5293 2541 793 4445 8809 5868
 4304 9704 3942 2470 3451 4621 6142 295 7724 9738 6990 8776 6422 5339 5790
 4239 3255 5008 3254 9247 2304 8075 4308 3131 643 7523 5295 5218 13 4527
 4417 1312 5017 9701 3853 3074 9372 9720 215 962 2255 5638 5067 1800 119
 7979 4940 2039 1379 547 5274 4884 139 1300 6645 2084 1738 5732 7089 2220
 6346 9956 9367 9029 2597 9997 5124 6542 9421 1520 6827 8508 4306 9400
 9994 3149 7195 3289 7898 5725 401 8476 3018 5936 1833 4625 9098 3740 2605
 8959 1740 8373 9344 2298 9871 6959 468 6183 4067 9233 8623 5715 1950 6162
 7479 3089 7704 2081 4595 4600 4756 9764 768 4327 682 8097 116 2566 5094
 4922 2697 5898 7260 7521 634 5899 2344 9001 7666 9757 2186 6228 8401 8272
 4032 973 4817 4121 4578 754 7837 2529 4524 8678 6555 7807 9831 9581 8733
 8120 7178 5200 8238 7292 3915 7690 8355 5377 9468 5126 246 6757 3934 6931
 2244 6043 7248 798 2827 6656 4165 3586 6448 2678 4908 2444 4749 8465 2507
 2098 9869 9426 31 9288 2018 5994 7820 5531 703 5767 2260 1440 3965 6199
 9075 5136 9449 3237 6106 2860 2726 9501 9588 6539 9071 4336 9771 7448
 2292 90 5516 726 9318 4913 9358 2250 1395 3379 7070 3325 4766 6276 7307
 687 7411 5686 6456 5154 6969 2903 727 5775 2281 2264 6856 9945 2385 169
 2884 23 9830 8048 6926 7258 3809 3000 9985 3950 5054 6145 3939 8928 8985
 2068 8853 7332 7065 552 5083 695 1332 2349 4281 8796 9280 8425 7834 7888
 4561 1390 7936 7456 9487 1572 4894 2345 3829 5643 7323 5233 7711 5316
 8103 9239 6481 895 1190 5180 9687 5139 5196 5135 8665 2356 8625 3869 4844
 7163 3685 65 3540 8391 4942 3886 4241 4683 4236 7669 9348 4728 4231 5320
 5468 8485 7838 1266 5912 2160 1130 9099 3447 3611]
[6613 6484 4170 8398 5275 4866 621 1178 4232 1112 7207 4858 3541 3797 9240
 3458 1753 7640 7613 6168 4439 7396 379 8877 1377 8576 657 1498 3742 7776
 2 4533 5632 9900 5505 6679 9657 4690 262 8274 9406 4154 6074 4987 3232
 7377 2506 3337 9340 3162 1443 7745 6323 3529 8854 607 7557 8735 8080 6533
 7461 2475 8191 5027 3386 5645 240 4585 7833 1161 9040 288 9773 9072 8984
 2455 71 5807 3250 1898 1958 8378 921 1781 1944 5472 8222 9309 7791 4284
 1101 969 2661 2422 2558 5147 7166 9659 7269 2673 5077 8311 4370 9497 8060
 8786 2693 656 1964 673 9007 7075 8630 2446 9883 630 9114 9918 2943 7718
 9328 5814 6254 1669 9355 9934 9084 7978 661 5560 5015 4752 5355 9199 3702
 4782 2113 5763 7867 9872 5540 2021 4895 7715 5799 8061 6005 4206 9335
 4444 6119 6772 6362 2749 5142 348 2054 111 3575 7233 9316 6277 2989 9132
 5688 2194 6135 9558 646 2863 4892 8236 4658 9271 219 8073 9568 1728 4095
 9383 6023 471 6852 1969 170 1436 2131 5039 555 4666 5431 2718 3389 5580
 1635 835 1162 5348 6129 477 428 3167 6819 8176 7489 8631 8629 3126 325
 4965 6606 3867 7397 3353 3635 5449 9173 9054 5591 1270 8064 4151 525 6332
 1588 7787 5810 566 1971 2494 4237 263 3620 1549 1464 8548 5211 2106 7982
 1607 1361 3946 3344 3600 6293 9725 9910 8411 6529 9984 8463 4559 9437
 6795 6802 4001 9576 2015 5293 2541 2766 9208 3601 1447 6839 6811 2780
 9704 2430 6528 857 3942 3451 6823 8720 1132 1076 4671 2861 295 2477 7355
 2243 9215 5997 204 3239 6755 3583 8627 5273 4473 9738 4478 4 8643 4854
 3178 6147 8776 6422 4879 4747 6084 450 1793 4114 3978 314 7100 5675 9033
 7021 7714 9618 4239 3997 7750 4771 9587 7901 4308 9592 3131 4063 13 8414
 4527 1312 1223 9701 7758 3853 3074 962 8071 9911 8484 3236 2483 880 1146
 7995 6093 119 2138 7979 2039 9471 1300 8638 6622 2220 9029 6759 9483 3149
 7898 9244 3701 6593 6959 3937 468 6806 1534 8470 4251 9305 3285 9003 9721
 4682 3728 537 7722 8130 2818 5843 6756 456 7475 906 5358 5922 4597 9632
 356 961 4149 7649 7975 9001 4148 9969 4843 2998 7802 6090 109 3588 5300
 8987 731 1568 1244 2340 749 7747 3731 3891 2810 7788 4556 9581 6504 8238
 9468 246 6757 7079 6043 5058 5564 6656 6448 2444 1798 7820 7492 2260 4168
 19 3237 2860 4663 1650 4913 9358 1514 7307 9921 687 7411 8453 7661 4846
 7258 5874 7161 6145 9062 5346 4853 8619 2068 6070 8853 8803 5169 5241
 3068 3522 5371 9684 38 7936 7135 8050 200 2345 8085 7323 8990 5684 32
 4605 742 7163 65 8330 2026 8393 7610 5468 2964 3276 9517 8493 4983 454
 9727 4656 8380 8642 1046 797 8692 5581 8790]
[6484 7435 8398 8609 4866 1112 7119 4858 6648 4039 3964 5848 5381 6094
 6386 3541 8135 9240 3458 1753 7640 7613 3935 6168 4615 5354 4051 6684
 8877 1856 8168 3742 2 4877 5505 4690 262 8274 5792 7367 8018 1887 5917
 4987 3232 7377 2506 8742 9808 6694 3162 1443 8174 6323 3529 8682 7375
 1579 9385 8362 7019 7672 4906 9135 4994 5027 5678 5437 240 1511 4585 1594
 928 1000 8657 5175 2786 8984 71 1134 5807 3944 921 1934 1145 1636 9431
 8222 3874 1868 9265 8970 2720 2888 7733 9544 2558 3129 2899 2673 2528
 5077 7484 8060 2693 2905 656 1964 7944 8630 1611 2446 8011 2901 1554 8644
 9355 8319 4593 5355 5162 2787 4020 8592 4298 4206 348 3575 9006 8510 2467
 1438 9558 646 8110 1555 2524 6023 4185 5089 1969 8312 1436 5631 5431 2718
 3389 5580 867 1202 1635 2895 2553 2912 835 625 5947 1497 1754 1211 5348
 1686 6129 477 5738 428 8811 8629 4965 3771 3353 3635 9173 4662 4862 9307
 6177 4151 7865 6332 6125 1588 5956 1971 3890 2072 5243 2494 904 9252 1677
 1549 3805 7982 5548 1361 4293 7514 7042 7501 7955 3066 9984 177 3708 9653
 5221 7060 4044 6001 3271 4559 3612 9437 6795 6802 157 2015 2541 3601 6508
 793 1447 5868 236 8989 2480 6811 782 8528 8590 4726 7193 8720 6163 1076
 6142 3339 5751 9215 862 204 3239 2261 8627 5273 9738 4 8643 4854 8851
 8776 4879 450 1793 4114 5543 7100 9033 5509 5132 2879 4239 3997 4212 9247
 9492 2304 9592 5693 643 7523 4063 5295 13 1312 7758 3853 8071 2255 9911
 8484 3236 1146 5067 1800 119 2138 2039 5958 4602 4884 139 1300 6587 6645
 2084 8638 1738 8557 7089 9689 9436 7285 8141 8076 9421 6827 7223 7122
 9400 3149 3289 7898 5725 6412 3100 9098 3740 1679 6593 9339 8373 9344
 4455 9871 6959 468 7471 2060 7386 941 7962 9943 4889 1534 4082 4756 8470
 4251 1881 2561 4327 3700 3285 8788 4215 9721 1518 4682 2566 9678 9573
 2697 9652 3728 4926 9863 7722 5637 2818 5843 8697 456 7521 4776 5302 9632
 356 3751 279 961 4149 6075 87 685 1544 6792 5229 223 2344 9001 4825 1313
 9969 7666 9757 5426 8246 2998 4792 109 8077 9500 7400 2947 2273 2791 4599
 7440 7614 7185 3683 746 926 3943 4032 5961 749 715 114 1345 8975 1541
 5009 1089 4282 4578 6399 8579 8997 1801 6231 3586 5994 1362 5767 5136
 1968 19 3670 8524 3237 6539 8315 4336 8284 726 7945 4957 5924 7070 4766
 7307 8453 6456 4441 2903 7661 4190 6486 4669 1383 1993 8689 9411 3873
 5748 3986 5976 8928 8764 6249 544 4126 9661 5169 3068 3197 7888 1390 7936
 7135 9361 8050 5233 6519 32 8323 5139 3985 8882 2356 3524 8402 4844 7986
 8496 5765 3643 9269 2660 3900 3050 7001 1814 4406 3094 2802 1694]
[6147 4 6153 6154 8209 6162 6163 20 6168 4120 2072 27 4121 4126 6177 6180
 4134 6183 40 2091 8238 8243 2100 2047 4160 4163 6219 8272 87 2138 4191
 6241 8304 6258 4215 8314 8315 6270 8323 8330 4239 6290 4242 2198 8344
 8347 8350 4254 2208 4263 175 179 4275 182 4278 4281 6330 191 2243 8388
 2244 8393 204 8398 2255 211 2261 8407 8414 2273 8430 2286 246 247 2298
 4357 6405 6409 6416 273 6419 6422 295 2347 6451 6454 6455 4410 4417 8518
 2377 6481 338 4441 356 6505 2414 4462 379 2429 4478 2430 8576 6529 382
 4482 396 8590 403 4507 8604 8610 2470 2480 8625 2481 8627 6577 2486 8631
 445 2494 4547 454 6602 6604 6609 2517 2521 6623 481 2537 4587 8685 499
 4621 529 4625 6679 8730 2587 6684 4639 2597 552 8745 8752 2608 2611 6709
 4662 566 4663 8764 8776 587 2637 6734 2642 2648 6758 8809 8811 623 2672
 2676 4726 8822 2681 634 8829 6782 644 6795 657 6802 8851 4763 674 6819
 6820 2726 689 8884 4790 2743 6839 8902 6858 8912 2778 731 8926 4842 2801
 4854 8959 4863 6918 2832 6934 4889 4891 8990 8997 4904 4908 2860 6959
 6962 4928 832 6990 2895 6995 2900 9050 859 7006 2912 864 4967 9065 9078
 4983 9080 895 7042 9098 9099 7053 2958 5008 5022 9121 5026 7079 937 9136
 9138 9142 3001 5054 9152 7104 962 961 5060 971 9168 9173 7128 7129 5083
 7135 1001 7147 3056 9202 9208 9215 1028 5126 7178 5134 5136 5140 5141
 7193 3114 3126 5180 9279 5196 7258 5211 3167 3168 9321 7273 3178 3194
 5243 9341 5256 3221 5269 7319 7323 9372 9379 9380 3237 7337 9396 1207
 9400 3258 5316 7365 5320 5322 3288 3289 1241 5346 7397 9449 5354 9456
 7410 3315 1268 1270 5386 7435 3339 5389 5391 9489 1300 5398 3353 9501
 3363 3371 5426 5432 1338 7486 1350 1356 7501 1361 1362 9555 1367 7520
 1377 7521 7524 9576 9580 7534 3442 9588 9590 3448 9592 9598 5506 3465
 9618 5529 7580 9632 3491 1445 1447 5550 5557 9657 7611 3521 3524 1479
 7624 1481 7638 5591 9701 7653 5610 1515 7669 3583 3585 5637 3595 5643
 1549 3600 3601 5653 9755 3612 1572 3620 3628 7724 1583 3635 1593 3646
 3647 3652 7749 9798 1607 1609 1616 7761 3670 3671 5725 7776 3683 3685
 9830 3688 5738 7787 1645 5743 9844 3700 5751 5767 9863 3726 3731 7848
 3756 5810 7864 7866 9915 9928 5837 1742 7888 3795 7897 9951 7906 3810
 9956 9964 7918 7919 9969 7927 1785 1800 9993 9994 3856 7955 1826 1828
 1833 7979 7982 7983 1856 3905 5961 1866 3935 1889 3941 3942 3956 6009
 6019 3976 8077 1935 3983 3991 1950 1954 8098 8105 4017 4027 1980 6076
 8127 4032 1985 6098 8155 4067 8168 8171 6125 4082 6143 2241 5123 7204
 8670 4323 76 4429 7278 9176 4217 5470]
[6613 6484 7435 7773 4170 8398 5275 4866 1178 4232 1112 1687 7270 4858
 2824 5848 9402 5381 6094 3541 8135 3797 1358 3458 7640 3935 6168 2080
 4051 574 1350 379 8766 1856 8168 4877 5505 9657 1098 9197 5792 8018 6724
 4154 6074 1887 5985 5917 2671 7377 9928 5685 6694 9300 7745 8174 6323
 8854 9283 5862 607 8735 6533 4994 5027 3386 5645 240 5324 422 1000 457
 1161 8244 9040 1778 8657 5175 9773 678 9072 564 3250 1958 921 1944 723
 5472 3874 6671 7791 1101 7733 969 2509 2661 3129 9659 5077 9612 4370 8010
 2234 656 1040 7459 2053 363 132 1611 9883 2111 9918 2928 8931 3099 8886
 8011 9328 6319 8644 4019 1459 9804 8074 5541 7978 5015 7251 9708 4752
 3702 4782 2113 9933 5540 2021 4028 9629 7715 5799 1346 8061 3904 4444
 6119 3714 2749 1755 5142 111 923 6277 8462 5503 2664 2467 9558 2863 9271
 3669 9013 219 8073 7577 6179 2269 9184 9568 3283 4689 3877 9383 2524 6023
 7728 471 4185 3556 1969 5039 5431 7600 2972 8827 2038 2912 1162 625 7006
 1497 6642 5348 6349 6129 428 3267 3167 8811 6819 7129 4254 1431 1207 8629
 3126 6606 3867 3771 6657 6040 5449 9173 1270 8064 9307 6177 4285 6332
 6125 2051 7104 7787 5810 7611 5956 3890 6220 2637 3194 263 8548 3805 2106
 5199 5579 3536 9752 7982 1607 6505 7514 7042 3946 382 971 6293 9725 8411
 7955 6529 9984 177 6114 3708 5221 8463 9694 7060 4469 2486 7907 6001 3271
 4967 4001 157 9576 5652 2015 5293 4445 6247 2896 4304 6811 2780 3056 2430
 403 6528 3942 2470 4726 7193 1385 1895 6163 1076 295 8243 1980 9215 113
 6637 204 3239 3583 1873 5273 6147 6422 4134 745 6239 5061 4262 5509 7714
 4435 9618 4239 3997 4136 4771 7901 3254 3856 1016 2304 4063 5218 9720 962
 8071 5958 547 5274 2182 319 9471 1300 6587 5264 7089 6425 7285 3136 6346
 6759 5124 8771 9994 3149 3018 8288 1702 9339 1740 9871 6959 6183 7471
 2060 6109 5715 6162 3089 3631 4889 2743 1881 9764 9305 682 6507 5879 2697
 4102 6143 5977 3358 6474 5637 2818 3707 1912 7475 4351 5922 4597 3751
 9686 7983 6075 87 5899 7649 287 6636 7975 9001 1313 9555 7666 7802 5022
 4792 7057 8077 8987 6270 2262 731 2273 1568 7105 7614 746 5585 1089 3705
 2810 2833 4556 4663 4973 3325 4766 6276 687 8453 7188 183 5775 1166 3595
 9332 9985 6145 9062 3986 5976 8985 4694 6249 8619 6070 8853 4267 3197
 3191 4561 9684 5937 1390 7135 9361 2025 3829 9844 8103 4760 7308 1528
 3869 7921 1795 65 3511 565 3779 3886 4017 4728 4231 2587 2377 3671 7584
 628 2695 3442 6690 7621 8407 3168 5347 1367 4363 5952 797 7967 5073 412
 9729 4027 2887 5457 9823 8944 7947 5115 9635 7051 1479 8860 5427 8134
 8515]
[4278 8788 4215 6398 9003 5094 5610 9696 3728 3358 8130 2818 3707 7475
 7521 906 7555 548 356 5417 4149 8760 5899 6636 4825 8171 9757 7531 3827
 8077 437 7286 6124 2947 8839 8272 1244 8859 1463 6573 603 8902 7292 5666
 246 2047 2198 798 3586 3491 8240 9288 2260 9501 9461 4336 4957 6276 6404
 2521 3090 3873 5748 9941 4853 5031 7904 695 4281 6256 9684 5003 8050 895
 6484 7773 8398 1445 8609 5275 4866 5558 7207 7119 7270 4858 6648 4039
 2824 5848 9402 5381 6094 34 6386 3541 3797 3458 1753 7613 5342 3935 5354
 2080 4051 9321 4439 7396 574 6684 1350 379 8877 9168 8576 8604 1856 593
 7776 2 4112 4533 5632 9900 5505 6679 1098 9197 262 8274 9406 4904 8729
 7367 8018 2878 6724 4154 6074 5985 4987 3232 9928 8742 9340 5685 6694
 3162 1443 6323 3529 9283 5862 8682 1579 9385 607 7019 8735 9889 7672 6157
 8080 9135 6533 7461 4994 2475 8191 5678 3386 5645 240 4585 422 7833 928
 1000 598 1161 8244 9767 288 8657 5175 9773 678 2455 71 9620 3250 1898 921
 1934 1781 1944 9431 5472 8222 5773 8970 7791 4964 1101 7733 9544 1617
 2661 2558 8375 5147 3493 3129 1758 2899 9659 160 7269 2673 9612 8578 2234
 9497 8060 8786 3377 3455 2905 656 1736 1964 673 2053 7944 6280 9524 363
 7075 8630 2111 8807 5372 9114 5040 8931 3099 8886 8011 2943 7718 2901
 3017 1554 4175 6254 1669 3080 5246 9804 9355 9934 2666 8074 5541 7978
 7528 9199 4050 3702 5162 2113 5540 2021 9629 7538 7417 8737 1346 8061
 5458 6005 4444 6119 8265 6772 1755 2054 4588 5222 2989 3655 5503 6721
 4337 9061 2228 2467 7322 2863 8110 9271 3669 219 6490 8073 2269 3013 6912
 2524 2202 9703 6852 4185 1969 6393 170 2131 3389 2972 3756 6719 6283 625
 1497 5348 6129 9378 8344 3167 8811 6819 7129 8176 8631 1431 1207 329 8629
 3126 6606 5449 4662 9054 5151 5591 8064 6177 5529 525 1588 2051 1248 7611
 1971 2637 904 4237 3194 263 3371 1677 1464 3805 5199 9752 7982 6505 4293
 3946 3344 6293 7501 9725 9910 8411 3066 7053 6114 7060 4469 5556 8364
 9279 3271 9437 3628 4967 6802 4001 2778 5293 2541 9208 4445 6839 236 8989
 3942 2756 5103 7193 179 6142 3339 8919 8243 1980 7355 2243 862 6154 6755
 6934 3583 8627 4 8643 8851 1731 8776 450 745 6883 6239 5543 3258 314 9319
 2636 5061 4262 7021 3200 9618 4212 7750 5008 7901 8926 3254 3418 3856
 9492 2304 1978 9592 3131 643 7523 3074 9720 8071 9911 2483 880 7995 5067
 1800 2039 5274 2182 319 1147 6587 2084 864 8557 3878 6425 2220 7285 3031
 7347 9029 4371 8141 6759 5124 8771 1520 8508 7223 1965 7122 7195 2320
 3289 8476 7157 4625 1713 9244 4353 5930 6593 6879 1740 8373 8180 6959]
[694 6613 6484 4170 8398 8609 4866 5558 7207 1687 7119 7270 3964 2824 5848
 9402 5381 6094 6386 8135 3797 1358 9240 9377 4357 3935 4615 5354 4051
 9321 4439 7396 574 6684 1377 9168 8576 8604 8766 657 8168 7776 2 4533
 5632 9900 4877 5505 9657 4690 1098 9197 8274 4904 8729 8018 2878 6724
 7343 8227 1887 2671 4987 7377 8742 5685 3162 1443 7745 8174 9283 5862
 7375 1579 9385 8362 607 7557 7019 6498 9889 7672 6157 8080 9135 7461 4994
 5027 7928 240 5324 422 1000 598 8244 288 1778 8657 2786 9773 6840 8984
 2455 9611 4411 9620 564 7659 1898 1958 1934 1781 1636 9874 5472 6671 8970
 8664 3694 7791 2720 2888 4964 1101 7733 969 2509 1617 3493 7166 97 3129
 1758 160 7269 2673 7484 8311 4370 8010 2234 9497 8060 8786 3377 2693 259
 6620 656 673 2796 1040 7459 7944 7075 8630 1611 2446 8807 3613 2145 8931
 3099 3017 4571 3080 5246 2348 7978 4463 967 661 5560 3554 4593 9412 4050
 7619 4944 2113 5926 5112 4895 3532 8592 8737 6005 9335 1743 4444 6772
 3714 6362 5142 348 2054 111 4588 7233 8236 3669 9013 8073 9568 3283 3877
 9383 5089 3556 6393 2131 5631 2718 6631 1162 1686 5738 4474 6819 7489
 9590 1207 3126 4965 3353 6657 4662 9054 9307 2978 1971 9252 1677 1549
 3946 3344 9051 5053 177 587 7907 8364 3612 4383 157 5652 5293 2541 9208
 3601 6508 793 4445 1447 6247 5868 236 8989 2780 403 2756 6823 8720 3339
 8243 9215 862 6755 5273 4473 8643 6147 9681 3641 6239 5543 9319 2636 5061
 1645 9033 7021 4239 3255 4212 9247 3856 1016 2304 3131 5295 5218 8414
 4440 9701 8071 9911 7836 4940 8310 547 3752 4602 1510 139 6645 5264 6622
 6346 4371 6759 1965 5725 401 8476 3018 5936 6412 3100 3740 3701 5930 6593
 6879 9344 8180 6959 468 6183 4067 6109 5462 941 1950 6162 9943 8451 1534
 7704 2081 2474 3528 4703 4600 4756 4251 8335 1144 3700 3285 682 4215 6398
 9003 9721 4682 5094 8793 9573 6516 2697 9652 5610 5898 6143 5977 3358
 2777 2818 9457 674 456 7521 512 8518 4597 5302 8127 356 3751 8829 100
 4149 7983 6075 87 685 1544 4222 3428 223 7313 9001 4148 7666 9757 7740
 6480 4387 5398 2186 4586 4792 6090 7849 2817 7057 3827 8077 9500 6919
 4073 5300 6124 8401 6270 8839 731 7440 7105 5963 1244 9536 5111 2988 5961
 973 680 9125 6306 749 8269 7646 1015 2651 8151 3731 4282 1463 4121 7788
 8093 754 5393 8611 9451 3729 3505 7837 8678 603 7807 9831 8120 6098 7096
 7178 7690 7573 5126 6757 5107 1785 5058 424 6656 3586 2678 4908 8465 9426
 9288 7856 7820 3965 6199 4928 1968 400 9449 6711 9461 9588 8315 7448 1585
 4574 7755 1453 8971 5404 7307 7411 8453 183 2903 2281 3969 6856 3341]
[694 6613 7435 4170 8609 621 4232 7207 1687 7119 7270 4858 4039 5848 5381
 34 6386 3541 3797 1358 9240 3458 1753 1606 9377 7640 4357 7613 6168 4615
 5354 2080 4051 9321 4439 7396 6684 1350 379 8877 1377 9168 8766 1856 593
 657 1498 5663 3742 7776 2 4533 5632 9900 4877 5505 6679 9657 4690 1098
 9197 262 8274 5792 4904 8729 7367 8018 2878 919 6724 7343 4154 8227 1887
 5985 5917 2671 3232 7377 3337 9928 8742 9808 6805 9340 5685 3162 9300
 1443 8174 6323 8854 9283 8682 7375 1579 9385 8362 7557 8735 6498 9889
 7672 7146 6157 8080 9135 6533 4994 2475 5027 5678 3386 5437 7928 5645 240
 5324 1511 4585 1594 422 7833 928 1000 598 457 1161 8244 9767 1778 8657
 5175 2786 678 7659 3250 3944 1610 8222 1355 8664 7791 2888 6248 4284 4964
 7733 97 2528 7484 2234 9497 8060 2693 6620 2796 1040 7459 9007 8630 2111
 3613 2145 630 5372 9114 5040 2928 3099 8011 3017 1554 4175 3080 5246 2348
 3684 1459 9513 9084 3171 967 7528 5015 9708 4593 4050 3702 4782 5940 5926
 9629 1258 8592 7715 8061 16 3904 4206 1743 4444 3714 2749 2054 111 923
 9316 5222 6049 8070 4337 9061 9006 2707 646 2863 8110 8236 9271 3669 6490
 7577 6179 3804 1728 4095 4689 3877 9139 6912 2202 9703 8567 6852 5317
 2131 7511 7600 3389 2972 867 8827 3756 2553 6719 6631 1162 7006 6642 5738
 30 3167 3646 7489 8631 9590 4582 1207 329 3126 325 4965 3771 4662 7422
 9054 5151 5591 1270 9307 6125 1588 2051 1248 5810 566 1971 5243 4237 3371
 5158 3620 8548 3805 2106 5579 3536 7982 1607 1361 4293 7514 3946 3600 382
 7501 9725 8411 9051 3066 7053 5053 8849 3708 9653 9694 4469 2486 3271 396
 7919 4559 6795 4967 5907 9576 2541 1447 6247 5386 5868 236 8989 2480 6811
 2780 3983 8590 2756 1062 5103 389 4726 7193 179 1895 6163 7724 5263 8919
 7297 2243 6154 6755 1978 4308 5295 4527 4417 9701 3853 9720 8071 3236 880
 5716 5638 1800 119 2138 7979 5958 319 2084 8638 7089 6425 9689 7796 9436
 7285 6346 9956 9367 9029 2597 8076 8771 1520 7223 7599 2320 3289 7898
 8476 6412 7157 8288 4625 9244 6201 4632 4455 9871 468 6183 7471 9090 6109
 9964 5462 941 2554 9943 4082 7704 2474 3528 4703 4595 4600 4251 768 4327
 6107 3285 4215 6398 4682 8793 9573 6516 5920 9652 3728 4926 9863 3358
 6474 5637 2818 5843 9457 1912 8041 4351 4776 4597 634 1501 279 100 287
 7529 4222 4148 8171 3465 4387 2998 5398 7531 2186 5022 3827 8077 437 8987
 7400 6124 2947 6270 8839 731 2273 7105 7185 1244 926 3943 5111 8269 7580
 4410 8975 2651 5009 8217 3705 3731 4282 7311 3922 4121 7788 8444 5393
 7124 9451 3729 8579 2529 4524 9831 7096 7178 5200 6139]
[5275 621 5558 1687 7119 3964 5381 34 8135 1358 9240 1606 7640 7613 4615
 4051 9321 1350 1377 593 1498 5663 7776 4112 4533 5632 5505 6679 6391 1098
 8274 4904 2878 6074 4987 2506 9928 6805 9340 5685 7745 8174 6323 3529
 1579 8735 9889 7672 6157 9135 7461 8191 5324 422 598 457 8244 9767 288
 8657 2786 678 8984 2455 9611 4411 9620 564 3250 1898 3944 8378 1781 1944
 1610 8222 3874 1868 9309 8970 8664 3694 7791 6248 4284 4964 1101 7733
 2509 1617 8375 5147 3493 7166 3129 2899 9659 2528 9612 8578 7484 9204
 8010 2234 9497 8060 8786 3455 656 2796 2053 7944 9524 132 606 2446 9883
 630 5372 9114 9918 2928 3099 8886 440 8011 6319 2901 3017 7003 5814 4175
 6254 8644 1669 3080 2348 4019 3684 1459 2393 9934 9084 3474 2666 6245
 5015 3554 7251 8319 4752 3438 5674 4593 9199 9412 5162 4782 5940 2063
 9933 7867 9872 5540 2021 7538 3532 4020 1346 8061 16 6005 4206 1743 4444
 8265 2749 5142 348 111 8462 3655 8070 4337 9006 2228 8510 2194 2467 646
 2863 8236 219 8073 7577 6179 2269 3804 1728 4095 3497 4689 1555 9383 8567
 6852 5089 5317 170 555 560 3389 5580 867 2895 8827 3726 2553 6283 5947
 1754 1211 6642 6349 1686 5738 9378 8811 7129 3646 8176 7489 9590 1207
 8291 325 6606 7397 3635 6657 9054 5151 1270 8064 9307 4151 7865 6332 1588
 1248 566 2072 2494 1677 1549 1464 5463 3805 5579 9752 1607 4293 7514 7042
 382 1882 9725 8411 7955 9051 7053 9984 6114 9653 9694 5556 6001 9279 396
 4559 3612 9437 3315 4967 9576 5652 9208 6508 4304 9704 2430 403 4726 7193
 6823 8720 1385 1076 4671 6153 5263 6755 5273 4473 9738 4879 5935 6239 314
 9319 7100 7021 7714 5132 4136 9587 5008 9247 3418 3856 3131 5693 643 8414
 4417 3853 9372 9720 215 962 2255 8484 3236 2483 880 5067 5599 2138 5958
 8310 2182 319 4602 1147 6587 6645 2084 3878 3136 9029 6759 8076 6542 8771
 6827 7223 4306 9483 4515 7898 401 8476 1833 8288 9244 4632 2298 4455 9871
 4067 9233 2060 7386 1950 7479 7962 8451 3724 3631 1534 4082 2081 3700
 3285 8097 4215 9678 6516 5920 7487 9696 3728 9863 3358 7722 3707 1912
 5922 634 548 8829 5417 7983 6075 358 8760 287 4222 6454 1920 4148 9969
 9757 3465 5398 4586 4792 2817 7057 9171 8272 7105 7185 4790 3393 5111
 4335 2429 680 6306 8269 2651 1089 4199 4121 8444 8611 9451 7837 4524 8678
 603 7178 3915 5666 7049 8355 5126 2047 1680 5107 6918 2244 8997 7248 5058
 3807 4826 1109 3586 1847 416 2678 4908 8465 9426 8799 1598 6106 9461 3531
 8284 1585 4574 7945 3325 5404 7307 6969 2281 3969 1166 3090 7161 8755 544
 8619 1914 3191 7761 1390 6734 8050 8085 7323 8866 5316 9239 4519 7075]
[7435 4170 8398 1445 621 5558 7207 7119 7270 6648 4039 3964 2824 5848 9402
 6094 34 8135 3797 1606 9377 7613 3935 6168 4615 4051 9321 7396 1350 8877
 9168 8766 1856 8168 4112 5632 9900 4877 9657 4690 1098 5792 919 6074 6477
 5917 2671 4654 2506 3337 9928 8742 9808 6805 9340 5685 6694 9300 8174
 6323 9283 5862 1579 8735 6498 6157 2475 5027 5678 3386 5437 1511 4585
 1000 457 1161 8244 9767 2786 9773 678 7009 71 9611 5807 9620 7659 3250
 3944 8378 921 1781 723 5472 8222 3694 6248 4284 4964 2509 1617 2422 2558
 3493 7166 3129 2899 7269 2528 9612 7484 9204 2234 8786 2693 259 6620 656
 1736 1964 1040 9007 363 7075 9883 8807 3613 2145 630 9918 2928 138 3099
 8886 8011 2943 7718 2901 3017 7003 4571 1554 1669 5246 4019 9804 967 661
 6245 9708 6002 3438 5355 9199 7619 5162 4782 5940 5763 9872 4895 3532
 8592 7715 5458 4298 9335 3714 2749 5142 2054 923 7233 6277 5222 3655 5503
 9061 9006 2664 5688 2228 8510 2467 3657 2707 9558 3845 646 7322 3622 2863
 8110 9271 9013 219 6179 9568 3497 3877 1555 9383 6023 9703 4185 6393 2147
 5631 7511 3389 5580 2972 5466 2704 1202 1635 2895 8827 2912 835 6719 6283
 6631 5947 1497 1754 1211 6349 6129 4139 5738 428 9378 8344 4474 6819 8631
 9590 3126 8291 6606 3867 3771 7397 3353 6657 6040 9173 5151 5591 8064
 6177 5529 7865 525 2051 1248 5810 566 3890 4237 3371 9252 3620 1549 1464
 8548 2106 5579 5548 1361 4293 3946 3600 382 7501 9725 8411 7053 9984 177
 5221 5556 7907 8364 6001 7919 9437 3628 6795 4967 4383 5907 157 2015 5293
 2541 3601 1447 8809 6247 5868 8989 5895 2780 2430 403 3983 8528 3942 3345
 3451 1062 7193 6823 179 8720 6163 1076 6142 859 3339 2861 1583 832 295
 1980 6154 204 6934 3583 3178 9681 4879 9951 314 9319 7100 9618 4239 4212
 3254 1978 9592 4417 215 8071 2255 9911 5716 2138 7979 8310 2182 9471 4863
 1738 5732 9436 2220 7285 2384 6827 7223 1965 7599 3149 401 8476 7479 7962
 3724 2081 503 4600 1881 3700 9721 3431 2566 5094 9678 4922 5920 2401 2697
 5610 9696 3728 4102 4954 6143 7722 8130 2777 2818 4719 6756 456 7521 4776
 4875 7337 8518 5358 9875 8127 356 3751 8829 1501 279 5417 7983 5899 287
 1544 7975 6792 6454 223 2344 7313 4825 1313 4148 9757 3465 7740 6480 4387
 2710 5426 2998 2186 4586 7802 5022 3827 4073 5300 7400 9171 8839 2262
 1354 4599 1568 7185 3683 2306 746 3925 5111 2988 8269 715 7580 1345 1015
 5009 8151 8217 5735 3731 4282 4199 4121 754 3515 3729 1705 8579 4524 8678
 7178 8238 7292 9963 3915 7049 5126 6757 5107 8997 6231 7330 2198 5370
 6448 2678 4908 4749 8465 8240 9869 3522 8385 7319 4168]
[2833 3986 3939 8928 8764 1914 6070 8853 3494 8803 4639 5169 6379 695 7794
 4281 8796 8425 3191 4561 9684 5737 7936 7135 2823 3829 5643 2848 7711
 9489 8103 9755 1135 5196 3985 8665 742 2356 3524 1954 1467 8402 3869 7921
 3953 5765 5225 1556 3540 9269 1186 8391 2551 1393 2267 2026 9731 3886
 4683 4464 6994 6405 4453 9856 5320 6927 5078 5396 8725 7468 247 694 6613
 7435 4170 1445 621 1178 4232 5558 1112 7207 7119 7270 4858 4039 2824 5848
 6094 34 8135 3797 1358 9240 1753 1606 7640 5342 5354 9321 4439 7396 8877
 1377 8576 8604 657 8168 1498 7776 2 4112 4533 9900 5505 4690 1098 5257
 8274 5792 9406 4904 7367 8018 919 6724 7343 4154 8227 2671 3232 4654 3337
 9928 8742 6805 3162 6323 3529 9283 5862 7019 9889 7146 6157 6533 2475
 8191 5678 5437 7928 5324 1594 422 7833 928 598 9767 8657 2786 9072 6840
 8984 7009 71 9611 5807 9620 7659 1958 1145 1944 932 9874 9597 3874 5773
 6671 9265 9309 3694 2888 6248 4284 969 2509 2422 5147 97 3129 2899 160
 7269 2673 5077 7484 9204 8311 8010 3704 9497 8060 3377 2693 259 6620 2905
 656 673 2796 7944 9524 8630 2446 3613 9114 5040 138 3099 8886 2901 5814
 1554 6254 2348 4019 9804 9355 3474 2666 3171 4463 967 661 3554 7251 8319
 9708 6002 3438 5355 9199 9412 3702 5162 4782 7867 7255 9872 4028 7538
 1258 2787 4895 4020 8592 7715 5799 4298 6005 4206 9335 6119 6772 3714
 1755 348 2054 4588 6277 2989 2762 9132 4337 8510 2194 2467 1438 2707 646
 8236 9271 3669 8540 9013 219 2269 3804 1728 3877 9139 9383 2524 9703 6852
 3556 1969 5631 4666 5431 7600 2718 670 5580 2972 2704 1635 2895 3756 3726
 2038 2553 835 6631 5947 6642 5348 1686 4139 477 428 3267 6819 8176 7489
 8631 4254 9590 4582 1207 8629 3126 3635 6040 5449 4662 5591 5529 6332
 2978 7787 5810 566 3890 2072 5243 2494 904 3371 5158 1549 1464 5463 5211
 3805 2106 5579 4293 3600 382 1882 8411 9051 7053 5053 9984 6258 587 6114
 9653 8463 9694 5556 4044 8364 4559 9437 3315 6802 4383 5907 157 2778 9576
 2015 9208 793 4445 8809 6839 2896 2480 6811 3056 2430 6528 3983 8528 857
 3942 179 4621 4671 1583 7724 2243 5997 6755 2261 1873 6990 4854 3178 9951
 4747 450 1793 5935 4114 5543 314 7021 5339 4435 3255 4212 9587 2659 3254
 3418 3856 9492 8075 4308 5693 643 7523 5295 5218 13 4527 1312 1223 3074
 9720 2255 7995 5638 9469 119 8310 3752 4884 1300 4863 1593 6645 4331 3878
 6425 7796 2220 7285 9029 9997 1520 2384 6827 1965 7122 7195 5725 5930
 9339 6959 7386 5462 941 4595 4756 6107 3700 4278 9721 5898 4488 7722 8130
 2818 8697 674 7475 906 4776 512 605 9875 9632 356 6615]
[7773 4170 8398 8609 5275 1687 7270 4858 2824 9402 6094 6386 3797 3458
 1753 9377 7613 6168 4051 4439 379 8877 1377 9168 8576 657 8168 1498 5632
 4877 6679 9657 6391 1098 5257 8274 8729 919 7343 8227 1887 5917 2671 2506
 3337 9928 3162 9300 8174 6323 8854 8362 7019 9889 7146 4906 8080 9135
 6533 7461 3386 5645 4585 7833 1161 9040 9773 7009 564 3250 1898 1958 1934
 1145 1781 1944 723 9597 5472 3874 9309 6248 1101 7733 2661 2422 2558 5147
 3493 3129 1758 9659 2528 9612 8010 9497 3377 2693 656 1736 1040 7459 6280
 7075 2446 9883 5040 138 2943 9328 3017 5814 4175 6254 1669 5246 9513 2393
 9934 3474 3171 5541 7978 967 5560 3554 7251 6002 4752 4593 5162 9933 7255
 5112 9872 9629 7538 3532 4020 8737 5799 8061 3904 4444 8265 6772 1755
 5142 2054 111 3575 7233 6049 2989 8070 9132 6721 4337 2664 5688 2228 2467
 6135 8236 219 6490 9184 9568 3804 3497 1555 9383 2524 8567 6852 5089 5317
 3556 2147 555 7511 5580 1202 8827 3756 2038 6283 6631 625 7006 1497 1211
 5348 6349 5738 3267 3167 8811 8176 4582 329 8291 4965 6606 3867 5449 4662
 5591 9307 5529 6332 1588 7787 566 5956 1971 2072 5243 4237 3194 263 3620
 1549 5463 3805 2106 5579 7982 6505 1361 4293 7042 3946 3344 382 971 8411
 9051 5053 8849 587 6114 9653 8463 9694 7060 2486 5556 7907 9279 3271 396
 3612 6795 5907 157 2778 5652 2766 3601 793 1447 6839 236 4304 6811 2780
 2430 3983 8528 9580 857 8590 2470 3345 3451 5103 6823 6142 4671 2861 5751
 832 7724 6153 7297 8243 7355 4717 113 5997 6637 204 2261 1873 5273 9738
 6990 4478 4 4854 8851 3178 6147 6422 4747 6084 3641 745 4114 6239 5543
 3258 7100 2636 5061 4262 1645 5766 9033 7021 8791 9618 4239 3255 3997
 4212 9587 2659 8926 3856 1016 1978 4063 5218 13 1312 7758 9372 215 8071
 2255 8484 3236 2483 5716 1146 7995 1800 5599 119 2039 5958 547 5274 8638
 9244 3937 468 6109 6806 6162 4082 2081 8335 682 8788 6398 9721 1518 4682
 8793 2401 9652 3728 537 2777 5843 8697 674 4776 7337 5417 100 9686 4149
 5899 1544 9001 8171 4843 3465 5398 4792 2817 4073 8987 7400 3683 2988
 2651 7566 3922 7788 7837 6555 8733 2929 7096 7178 8347 1785 798 4826 5370
 6448 4749 9426 3965 6199 5136 3670 9501 1838 4336 7448 4973 8284 1306 90
 5516 1453 9358 4957 1514 7307 9552 687 7411 7902 8233 4709 7661 6486 2884
 3595 6251 8884 7258 9985 5054 8928 4853 6249 544 68 8172 5241 7904 3522
 695 2349 2100 5746 7761 5419 7135 7645 9487 9946 9844 5643 2350 2848 8990
 582 8866 7711 6519 5316 8103 8517 6481 895 1025 5196 8304 8665 4605 3906
 3524 8625 3218 4844 9514 5038 3543 2305 1437 5812]
[34 7613 9874 2661 1611 8807 5040 5246 8074 9708 9199 5926 4895 8061 3904
 9316 3622 9568 4095 2202 5317 4666 7600 1162 6349 325 5591 6125 3066 6529
 6001 6795 782 8590 389 4473 6084 5935 9319 1645 3200 4212 3418 4527 1312
 3074 3236 6093 2138 2039 5958 8638 7347 6759 7223 4515 3149 5725 401 5936
 1833 4625 9098 3701 2605 5930 6593 1702 9339 8959 6035 1740 8373 9344
 4632 2298 8180 6959 994 4067 2060 7386 6109 9964 4873 6806 2554 8451 2831
 3724 6746 4082 2081 2474 3528 4595 4251 2561 768 6758 1144 4327 9305 6107
 3285 4278 8788 8097 2566 5094 9678 4699 5920 2401 7487 2069 5610 9696
 5898 537 4954 9863 6474 2818 6756 8041 8697 456 7521 906 512 605 7337
 8518 4597 5302 9875 9632 548 279 9686 4149 6075 5899 6382 287 6636 3428
 6454 5229 223 1920 4148 9757 3465 7740 6480 2710 8246 5398 2186 7802 4792
 437 7400 6270 8839 731 2273 1354 8272 7105 2306 5963 1244 5585 926 3943
 9536 4032 5111 2340 749 8269 4410 8975 8859 7747 4282 4817 2833 8093 4578
 754 5393 7398 4556 3729 8678 603 6555 5757 8733 2929 4932 7096 7178 8902
 8238 9963 3915 7690 5666 8355 5377 9468 2047 1680 5107 7079 5152 1801
 6231 7248 2198 3807 5564 2827 5370 6656 4165 2678 3491 2444 8465 2098
 9869 31 2018 5994 7856 9817 5531 7492 1362 7993 703 1440 3965 1598 6199
 9456 19 9449 3237 6106 4663 8515 6539 8315 1838 8971 4554 1395 8613 7188
 1168 6251 3214 7258 3000 9374 5976 3229 5346 4694 8606 2068 3494 8803
 5762 5169 5421 5031 3197 6256 6501 38 1390 6734 8050 2345 2848 8990 2024
 6481 4760 5139 1528 8625 4844 8330 5225 3540 623 2267 9212 2221 7894 1241
 9380 3782 7183 9535 9504 929 1885 3521 3004 5026 445 6908 6612 1618 9908
 1265 6128 4608 2462 1711 740 7147 8938 7970 4950 813 7615 7180 8685 3265
 9903 9616 535 3680 1676 8140 282 6638 9435 4209 2178 5305 1065 5681 6974
 7924 4801 7741 6704 9089 1366 5395 8858 9333 2564 7212 7705 5440 9390
 9428 737 3727 3052 6914 96 5397 7855 1633 7483 7383 6530 5713 5080 5353
 5988 6991 2457 8842 8500 7192 2253 7491 6649 4003 6673 9295 6000 4489
 1919 226 2911 9820 7742 4413 6911 5011 6865 5045 4627 9104 9443 539 104
 3840 4380 5616 9549 326 2048 1201 368 1247 9446 9293 1477 339 2465 8585
 7374 3559 2897 1113 6485 698 9064 9741 9811 2730 3846 2505 8473 4352 6998
 2742 4807 5972 120 2094 4969 1991 1230 2187 2318 2598 758 2547 7829 242
 5131 7974 1120 1439 4202 1850 5951 7709 3382 2431 7607 1933 5872 4246 645
 8687 9234 6335 5214 3632 9763 2316 5148 4498 8563 4350 46 5036 5761 3359
 7419 3866 8464 6621 907 1159 693 4173 8846 2305 3902 2986]
[6145 2054 16 2068 2069 23 6168 8222 2080 8227 2084 38 8238 8240 8244 4148
 8246 6199 2100 6201 2047 2113 4163 4168 4170 4175 8274 87 6231 8284 4190
 6256 113 6258 116 119 8314 6270 8323 4232 138 4237 4239 2198 4262 4267
 6319 177 6323 4278 4281 2234 4282 4285 8388 4293 2255 8401 2262 219 2269
 8414 223 4335 240 6386 4353 259 262 6412 2320 8465 6422 279 2348 6448
 6454 6455 8517 6477 6480 6481 6484 4444 348 8540 2401 363 6507 8557 6516
 8567 6519 377 6528 8578 4488 6539 396 2446 8604 8609 8611 8613 422 424
 2474 4527 8625 8627 4533 8644 2506 4554 4556 8657 6613 8665 6620 6622
 2528 4578 4582 8678 4586 6645 4599 8697 2553 2558 6656 6657 6671 8729
 4639 8737 552 2605 4662 566 6711 574 6724 593 8786 8791 601 2651 605 606
 8799 6755 8803 2660 8807 621 2671 2673 2678 4737 2693 656 657 661 8854
 2710 674 2726 680 8877 695 4792 2777 4825 731 8931 2791 4843 2796 749
 4854 4858 2824 4877 8975 2833 8984 4889 8987 798 4895 8990 4904 4906 9007
 4913 9013 6969 2878 832 2884 9029 4944 2901 2903 7003 9056 7009 867 9061
 4965 7021 9072 2928 7031 4987 9084 895 901 2951 5002 921 9114 5017 7065
 5027 932 9135 5052 964 967 3017 5077 3031 7135 5089 994 1000 5107 9204
 7157 5112 3066 3068 5124 3080 7178 7182 5136 5139 9239 5152 5154 9252
 5158 7207 9265 5175 5177 3131 9280 1089 9287 9288 3149 1103 5200 7255
 1112 7269 1132 1134 7286 5241 5243 7293 1161 9355 1166 3214 5264 3218
 5273 3232 1185 7330 1190 9383 9385 7343 3247 1202 5300 9411 9412 9426
 5342 1248 5346 7396 9449 9451 5358 9457 9461 5372 3325 9471 3330 9483
 7435 7440 3345 9489 1299 5398 9501 9513 5417 5426 5431 7484 3389 7489
 1346 7492 1358 9552 1361 5463 7523 7528 9580 3438 7538 3455 5505 3458
 3465 9612 1429 7577 7580 9629 1443 3493 3494 1447 1445 3497 7600 3505
 1459 9652 1462 5560 9659 7615 7619 3524 7624 3529 3531 9678 3536 9684
 7636 5591 1497 5598 3554 9701 1511 9703 1514 7659 3575 5625 5632 3588
 5637 1544 3595 5645 1554 7700 7704 3613 7711 3620 9764 9767 7722 7724
 5678 3635 7740 3646 3653 1606 1607 3657 9804 9808 7761 9817 5725 1636
 3684 9830 5738 3694 5746 7796 3701 3705 3708 3724 1677 3726 3728 3729
 9874 9875 7828 1687 7834 9889 3751 1705 9900 3756 1713 9911 7865 9918
 9928 3785 1740 1743 7907 5868 1772 1778 1781 1785 7929 7944 1800 5899
 3867 5917 3873 1828 3877 5926 7978 3891 7993 8010 8018 5977 5985 3939
 1898 8048 6002 8050 6005 1912 1920 3969 1925 8070 8073 8077 3985 3986
 6043 6049 8110 6062 1968 8120 8127 8130 4039 6090 6094 4050 2008 6106
 6109 6119 8168 6124 8172 6135 8191 1718]
[4 2053 6163 23 6168 2072 4126 32 38 8236 2100 2046 8251 4163 8284 93 6239
 4191 8304 6258 116 8310 119 6280 8330 139 4236 8335 6287 6293 8347 4263
 6313 4267 8373 8375 4281 2234 2243 2244 8391 6346 4304 8401 8402 2264 219
 8411 4331 6379 4335 240 247 2298 6398 4353 8451 6404 2310 263 8470 280
 6425 8484 2350 2356 6455 6464 4417 325 8518 8517 330 4427 6477 2384 6481
 4440 2393 4441 6498 6501 4453 6507 2414 4464 6516 6519 4473 6528 6529
 8578 2444 6542 400 401 8606 416 4515 8623 8625 8627 2483 2494 450 456
 6602 6606 468 8664 2529 482 4585 4587 8689 2551 4600 8697 2554 8703 512
 6659 525 4625 6679 547 556 4663 4671 8771 8776 2636 2637 6734 598 8791
 4694 6746 4699 2650 606 8803 4707 6757 6758 8809 620 4717 2671 623 6770
 4728 644 2693 4742 8839 2695 2697 8851 8853 8854 6811 8859 2718 4766 674
 8866 6823 4776 682 687 4790 707 2756 6864 6873 6879 745 746 4844 8944 754
 8959 4863 2817 6919 4873 6926 4894 4908 2860 6959 2872 6969 4922 4926
 4942 6997 2905 4954 9051 7001 4957 863 2914 867 2921 7021 4973 4980 4983
 7033 2943 895 897 2945 901 9098 5003 2958 7060 7067 7079 7080 941 5051
 5053 5054 7105 962 3013 5061 7109 3031 5083 7140 5094 9198 5107 7157 1016
 3066 7163 1025 1034 5135 9233 3089 3091 3100 9244 9247 5157 9259 5169
 1077 7223 1089 1098 5196 1115 7260 9309 3168 5218 5221 9318 5225 1135
 7285 9334 3191 1146 5243 9340 1147 7293 3197 5256 1161 1162 3218 1174
 9367 5273 7323 5293 3247 7347 9396 5302 3255 9400 3258 9406 3267 5316
 3271 3276 9421 3289 5339 9436 9437 5346 9444 7397 5354 9451 5358 1263
 9471 3339 9483 9487 5393 1299 1305 5401 9501 5419 5421 1332 5436 3393
 7506 1364 1367 7514 3418 7523 1379 9573 1390 1393 7538 9587 3448 3451
 9611 9612 1426 1440 7584 5543 5548 1453 7599 3505 7602 9652 1464 9659
 7611 9661 7614 7619 3525 5580 9678 9681 9684 3541 5591 9687 7646 5598
 3552 3556 9701 1510 1520 3570 1531 9725 1534 3583 5637 1549 3600 1556
 5653 3612 5666 9764 5668 5675 7724 3631 7728 3641 7738 1607 3657 7758
 7761 5715 7769 5725 3685 9830 9831 1645 7796 3705 5762 5765 5766 9869
 1679 9872 9874 1686 7834 7836 7837 5792 9889 9891 7848 3756 5807 5814
 9911 5815 3779 7879 5837 5843 7897 7898 7904 9956 5865 9969 5874 7921
 3829 9984 1793 1800 9994 5898 1807 7956 5922 1833 7978 7979 3886 5935
 5936 5937 7984 1847 1857 5961 1866 1868 8018 5971 5977 3937 3939 3941
 1895 3950 8048 3953 1912 3960 1914 6013 3978 1934 8079 3986 3997 8093
 8097 4021 6070 8120 1980 6076 8129 4044 4051 6106 6109 6114 2024 4082
 2037 2039 2045 6142 5137 1186 6243]
[6484 7435 4170 8609 621 7119 4858 6648 2824 5848 9402 34 8135 3797 1358
 9240 3458 1753 9377 7613 3935 4615 5354 574 6684 1350 1377 1856 8168 5663
 3742 5632 9657 6391 5257 2878 3232 2506 3337 9808 6694 1443 8854 9283
 8362 8080 9135 7461 4585 1594 9040 1778 2786 9773 4411 564 723 9597 8222
 2720 4964 2661 8578 8010 9497 2693 7944 2446 5372 9918 440 2943 7003 8644
 3684 2393 5015 3554 7251 4752 4944 5162 2113 5926 7255 2787 4020 4206
 8265 9316 2989 8070 9006 2467 1438 3657 2707 3845 3622 2863 8110 4658
 9271 219 6490 6179 9568 3804 3013 3283 3877 9139 9383 2524 9703 6852 4185
 170 1436 2131 560 7511 3389 670 5580 1202 2895 8827 3756 3726 2912 477
 9378 30 1431 1207 8629 325 4965 3867 7397 3353 3635 6657 6040 9173 9054
 5591 1270 8064 6177 5529 4151 7865 4285 6125 2978 1588 7787 1248 5810 566
 7611 2637 2494 3194 3371 9252 1549 1464 8548 3805 2106 5579 9752 5548
 1361 7514 7042 3344 9725 8411 6529 9984 6114 3708 9653 9694 7060 7907
 8364 3271 3612 9437 4967 6802 4001 2778 2015 3601 8809 236 8989 782 3983
 857 3942 7193 1895 1132 6142 4671 859 5751 1583 5263 2477 9215 862 6934
 3583 8776 6422 3641 5543 3258 309 4262 9033 3200 5339 9618 4239 3255 9587
 5008 2659 8926 2304 4308 5693 643 1223 9701 3853 3074 9720 215 9911 2483
 1800 5599 119 7836 4940 4863 6645 2084 5264 8557 5732 3878 6425 9436 7285
 3031 7347 2597 8141 9997 6759 8076 1520 4515 7195 7898 401 8476 1833 8288
 3740 3701 2605 5930 6593 5462 8623 4873 3089 2831 1534 4082 4174 3528
 4703 1881 9764 1144 6107 3285 682 8788 4215 9003 1518 4922 3977 4699 7487
 2697 7293 537 4926 9863 6474 7722 5637 5843 7260 1912 8697 456 7475 7521
 906 4776 7555 605 7337 5922 5302 9875 8127 9632 548 356 8829 1501 279
 6615 100 961 4149 6075 358 8760 685 5899 7649 6382 287 6636 1544 7529
 4222 7975 6792 6454 2344 9001 4825 1920 1313 9555 9969 8171 6480 4387
 2710 5426 8246 5398 7531 2186 7802 5022 4792 7849 7057 8077 437 6919 4073
 5300 7400 6124 8839 2273 4599 1568 7440 8272 3683 8746 4032 3925 2429
 1299 2340 8269 114 1345 7646 5653 2651 8151 7747 1089 5735 3731 7566 4282
 4817 3922 1463 8444 3515 8611 7124 9451 1705 7837 2529 4524 8678 6555
 9831 5757 8902 7079 6931 2244 7330 3807 1847 6448 3491 4908 2444 4749
 8465 1798 2098 9869 9426 6441 2018 9817 7820 5531 703 3965 1598 5136 400
 19 3670 9449 3237 9461 7448 8284 1585 4574 3471 726 1317 5896 1453 9358
 7945 1395 9287 6149 7070 1514 7411 5686 4709 5154 601 2281 4190 3969 9675
 3595 4846 3214 3090 6926 7258 3873 9066 9158 6249 544 7904 5131 2193 3052]
