Fault List:
25
29
30
35
27
20
32
30
34
34
26
35
28
28
30
25
32
33
29
23
31
27
37
35
24
32
27
33
30
26
FDR List:
0.2717391304347826
0.31521739130434784
0.32608695652173914
0.3804347826086957
0.29347826086956524
0.21739130434782608
0.34782608695652173
0.32608695652173914
0.3695652173913043
0.3695652173913043
0.2826086956521739
0.3804347826086957
0.30434782608695654
0.30434782608695654
0.32608695652173914
0.2717391304347826
0.34782608695652173
0.358695652173913
0.31521739130434784
0.25
0.33695652173913043
0.29347826086956524
0.40217391304347827
0.3804347826086957
0.2608695652173913
0.34782608695652173
0.29347826086956524
0.358695652173913
0.32608695652173914
0.2826086956521739
Time List:
73.23235583305359
72.51586771011353
72.87999296188354
77.59949493408203
76.70902872085571
72.76420402526855
73.6700611114502
73.31981492042542
73.54623818397522
72.80746006965637
73.03410410881042
73.75751399993896
74.01690196990967
73.42517399787903
73.24300003051758
73.33419179916382
76.09675693511963
73.44713306427002
73.37194538116455
73.88554286956787
73.52996301651001
75.54995703697205
74.74902105331421
73.66258502006531
73.98107600212097
72.95913887023926
73.96730613708496
73.40139412879944
74.37818026542664
76.1245539188385
Subset List:
[7435 4866 1112 7207 3964 9402 6386 3458 5342 2080 4051 7396 9168 1145 932
 3377 2145 3657 646 8236 219 6490 1728 6912 2524 8567 5089 5431 5580 867
 3726 6719 5348 1686 477 8344 6819 3646 8631 8548 6258 9694 4559 8791 2483
 8310 1300 3149 3018 1534 4703 3700 9573 9863 7475 7337 6615 9001 7849
 5585 926 8746 2340 680 2651 7566 4121 6573 5757 2244 4826 4165 6448 2507
 9426 6441 31 5531 8799 2260 8284 5516 5154 4669 7031 6251 6145 7761 9487
 7323 8990 6481 1025 4967 4001 8809 8989 6528 1062 6163]
[6912 6852 8312 694 4170 1445 1178 1112 7270 6648 4039 3964 5848 9402 34
 6386 3797 9240 3458 9377 4357 5342 4615 9321 4439 8877 657 8168 3742 7776
 6679 9657 4690 8729 7367 6724 7343 8227 1887 5985 5917 9808 8682 9385
 8362 7146 8080 5437 5324 4585 9767 2786 1134 4411 723 1610 5472 1101 1758
 9659 259 3455 2446 3613 2928 8931 4463 967 5560 3554 7251 4593 3702 5162
 5940 4028 9629 5799 6362 2989 2762 4337 2664 9558 3669 8540 4689 1969
 7600 5466 2038 6349 1686 5738 4474 1207 3353 5449 566 3620]
[7773 5275 1112 2824 5848 9402 6094 1358 7613 5342 4439 7396 574 9168 1856
 8168 5663 7776 9900 6679 9657 6391 919 6074 4987 9300 9283 607 7557 7146
 9135 6533 7461 5678 3386 5437 1511 1000 1161 9040 1778 5175 9773 5807
 4411 564 3250 921 1934 723 1636 9431 1868 6671 1355 9309 3694 4964 97
 7269 3455 6620 1736 7459 9328 4175 4019 3171 3438 3532 4206 6362 2989
 9061 8510 6023 2147 5580 7006 1211 6349 3167 3126 6040 5591 4237 5463
 4293 7514 3946 9910 8411 4383 5895 4527 6883 6239 9319 5790 5509]
[5431 1202 3267 30 8291 4662 7422 6613 7207 4039 5848 9402 3541 8135 5342
 3935 5354 9321 8576 1498 2 4533 9900 4690 1098 4904 7367 2878 4154 6074
 9808 5685 6694 9300 3529 9385 8362 607 9135 6533 5027 3386 5437 240 5324
 4585 7833 457 9767 9040 1778 564 1958 1934 1610 9431 5472 3874 1868 6671
 2720 2888 6248 4284 2509 97 3129 160 5077 8578 3704 9497 8786 2905 656
 1736 673 7459 2053 132 606 2145 138 8886 440 2901 3017 4571 6254 2348
 8074 661 5015 3554 9708 4752 5355 4944 4782 5763]
[7435 5275 4866 1112 7207 7119 7270 5381 34 7640 7613 3935 6168 4051 4439
 6684 379 1377 8766 1856 9657 7955 9984 587 3708 5293 9704 4726 1895 6142
 832 6637 6990 8643 6147 6422 1793 5935 9319 5675 4212 2304 9592 8414 2483
 5716 864 6759 5124 8771 6827 8288 2605 9339 9871 9090 1534 7704 2081 4703
 6507 2401 4719 279 5417 961 3428 4843 3588 8401 4282 603 5666 7573 6231
 4908 31 3237 6711 8284 3181 4554 7945 7902 6969 8884 7729 3191 4561 1828
 3770 9915 9027 4507 3472 2611 2569 8810 1834 5258]
[5632 5132 2060 5655 5663 5154 7207 7733 5180 5693 9283 3657 2637 2131
 9300 3161 5210 7773 1130 8811 4206 8822 5754 7807 9344 4231 9361 3221
 2198 1687 7322 5275 4775 9402 7358 8385 6854 2250 2258 3805 5342 9951
 5857 5348 745 5355 1778 7410 4862 4866 5381 2824 7435 8463 3344 4904 1843
 1856 832 8517 6481 2899 6484 5463 862 1887 863 1377 2406 6507 7019 3438
 2414 3964 8576 3458 6533 3974 6023 8073 2978 422 3494 8623 6084 5061 7109
 9675 9168 3536 7125 4570 5083 6109 1000 6637 7661 2554 9215 8865]
[6484 7435 4170 8398 1112 9402 5381 1753 4615 2080 4439 574 1377 8576 593
 8168 2 5632 4690 2878 6724 5985 2671 4987 7377 2506 9808 5685 3162 9300
 1443 6323 8854 8682 6498 7672 8080 3386 4585 457 9072 71 1134 5807 564
 3250 1898 1145 1636 9874 5472 9309 2888 3129 2899 9659 8010 2234 9497
 2693 6620 1964 673 2796 2053 9524 9007 606 2111 6319 1258 1346 2762 9132
 9061 2467 1438 2269 1728 4689 3877 1555 9383 2147 170 5431 867 2553 481
 4662 8064 566 2637 2494 263 1677 5579 3536 3946 4658]
[574 8682 7672 1934 1944 661 2194 2707 3283 3877 2524 3726 3126 1971 6422
 9319 3074 962 7979 694 7435 4170 1445 1112 7207 7119 4858 4039 3964 9402
 5381 8135 3797 1753 1606 5354 4439 6684 8877 8576 1856 8168 1498 7776
 1098 262 8274 4154 5985 2671 4987 3232 2506 9928 6805 6323 8362 4906 8080
 4994 3386 4585 1594 1778 5175 9773 2455 1134 4411 3944 921 1636 1355 6248
 1758 160 8010 8786 6620 132 606 2145 8931 3099 2901 5246 5355 7715 6772
 1755 5142 923 7233 8462 9558 646 7728 471 2718 2972]
[6613 7773 8609 5275 1687 3964 2824 9402 34 6386 3541 8135 3797 7640 5342
 3935 6168 4615 4051 7396 1350 1377 8576 1856 593 657 5663 4112 4877 4690
 262 4904 8018 7343 2506 9300 1443 1579 9385 4994 2475 5175 9620 3944 1934
 9597 8222 9309 2888 7733 1758 2899 2528 8010 3377 259 363 7075 8630 2446
 9883 2145 9918 8011 6254 8644 4019 661 4944 4895 4298 6049 9132 3669 8073
 3013 9139 8567 3556 1436 670 3726 2038 6642 7129 1270 9307 5199 6839 2243
 4473 4478 4 4134 3978 5675 4136 7995 5638 4463]
[2 6168 9240 3613 6694 9767 7207 560 5685 574 8766 71 4170 1610 4689 4690
 8786 2131 598 7773 607 1636 6245 2661 8807 6248 8811 1134 4206 2673 9355
 2707 1687 5792 6819 6648 6840 1728 9412 7375 7377 9431 5848 219 1758 7396
 5862 5354 1258 6386 4866 4357 7944 4877 8462 8984 3874 3386 7489 2888
 8010 6477 1358 9040 5458 6484 9558 7511 5466 4444 5472 1377 3944 1898
 8060 3964 3455 8576 3458 8070 9612 1436 7075 1958 1459 9659 7613 8644
 4039 457 2506 6094 4050 5077 3541 7146 4593 7672 8191 5512]
[8398 4866 621 1687 4858 4039 3964 7613 5354 262 5792 1443 7557 1000 1778
 1101 3493 9659 8578 9114 9355 7978 5560 5674 2113 5926 5763 5112 3532
 4206 4337 5688 1438 6135 2707 3622 2863 4658 9568 1728 6912 9703 6852
 2147 1436 5039 5580 1686 5738 9378 3646 8176 7489 8064 6125 7787 2072
 5579 7514 3600 9725 9984 7919 9437 4001 1447 5868 3942 2470 4726 6163
 1076 6142 295 2243 6154 6637 204 6755 9738 8643 9951 6883 7750 9587 8926
 3254 3131 1223 7758 3236 119 4602 2220 7285 7157 1740 941 4215 8971]
[6484 7435 7773 8398 1178 5558 1687 7119 5381 6094 34 3458 5354 6684 8576
 8604 657 3742 9657 4690 1098 8274 5792 4904 8018 6074 1887 6477 5917 6694
 9300 9385 9889 7146 6157 8080 6533 5027 3386 1000 5175 9072 2455 1958
 1636 1355 1101 7733 7166 1758 9659 2673 9612 8311 9497 3377 2905 1040
 6280 5040 9918 138 3099 2901 7003 6254 3474 8074 5015 3554 6002 4752 9412
 7619 7867 1258 7417 4020 8737 1755 2054 2762 8462 5503 6721 3622 4892
 9139 4185 4666 4139 4474 8629 6606 7422 5151 4285 2978 3194 325]
[6484 7773 4170 8398 7207 3964 9402 1358 1753 9377 7613 3935 4439 7396
 1350 1377 8604 8766 8168 2 5632 4877 6679 6391 5792 4904 2878 1887 4987
 3232 9928 9385 7019 4906 8080 7459 9883 7718 2113 7255 4444 5503 2863 219
 9139 7728 9703 5431 7600 2704 1202 1635 1754 7489 8291 7397 1588 7611
 5243 3194 5158 3805 2106 5199 7514 382 9725 6114 6795 2766 8528 2470 3451
 6163 2243 204 9738 450 5675 9587 2659 8075 643 4527 3236 5716 9469 2138
 864 9436 9367 8076 4515 3448 8180 5462 7479 1534 2081 9451]
[6613 7773 5275 621 4232 7119 7270 4858 5381 6386 1753 1606 7640 7613 5342
 3935 4615 4439 7396 574 6684 379 8877 8576 8604 1856 5663 7776 5505 1098
 262 5257 9406 4904 8018 6724 4154 4654 9928 9340 3162 9300 8174 7375 7557
 7019 7146 4906 9135 7461 2475 5027 3386 5645 1161 8244 1778 564 1958 1781
 7733 97 9204 4370 8010 8060 3377 2796 9007 6254 8644 9355 6002 7867 9006
 8110 9568 4095 8312 5431 3756 835 6642 1686 5738 428 4474 8631 1207 325
 6606 3867 5449 4662 1270 1971 2637 4237 1549 6196]
[6613 7435 7773 8398 1445 1178 4232 5558 1112 7207 4858 2824 9240 1753
 9377 3935 6168 4051 574 1377 8604 8766 1498 7776 2 9900 262 8274 4904
 8227 5917 3232 3337 3162 9300 7745 5862 7375 1579 9385 7557 7019 9889
 7146 4906 8080 2475 5027 7928 240 1594 7833 928 1000 1161 1778 678 7659
 921 932 6671 9309 2509 9612 4370 8010 3704 363 8807 3613 9114 2928 8886
 6319 4175 2393 8074 9412 3904 4206 1743 6772 9316 8462 2664 7577 1728
 2147 1436 5580 2553 1211 477 8811 8629 139 6587 1785 6460 9616]
[7435 4170 8398 8609 5558 2824 34 9377 3935 5354 9321 6684 8877 657 5663 2
 6679 6391 262 5257 9406 4154 6074 2671 7377 3337 8174 1579 4906 6533 7461
 5645 4585 598 457 9767 8657 2786 7009 9611 5807 7659 3250 723 932 1636
 9431 4284 1101 2558 160 8311 9497 6620 1736 1040 7944 9524 363 440 6254
 9513 7528 8319 111 9316 6277 5688 2707 4658 6023 2202 8312 2704 3726 2912
 9378 4474 8811 6819 3126 6606 6040 5449 4662 8064 4151 6125 566 1971 5243
 3194 1677 5463 2106 5579 7514 971 9910 7456]
[7435 1445 8609 5275 4866 621 1178 4858 4039 3964 3458 1606 3935 2080 4051
 9321 7396 379 8877 9168 8766 8168 1498 4533 4877 9657 4690 5257 8018 4154
 8227 1887 6477 2671 4987 3232 9928 5685 6694 9300 9283 9385 7019 7672
 5027 1594 1000 288 1778 678 9072 71 9611 5807 7659 1958 3944 9597 5472
 3874 9309 3694 4284 2661 7166 9659 2673 8578 8311 2234 8060 2693 259 3455
 2796 9524 7075 2446 9114 138 8886 6319 8644 2393 9355 3171 3554 2063 9872
 5540 1258 6362 1755 3575 9316 8070 646 219 8073 6391]
[5632 4615 3080 6157 1554 6168 8222 8735 6694 7207 7718 5678 4654 9265
 4658 6724 1610 8274 9300 1112 3167 3171 2147 8811 3702 6280 5257 1161 138
 6283 9872 8854 3742 3232 673 9385 8877 6840 7867 9918 3267 7367 5324 7377
 723 9431 1754 1755 7396 5862 4858 4357 2824 4877 9513 4906 2863 3890 3386
 5947 1856 4439 2393 7003 4444 348 5472 7009 1898 2928 6002 8060 2943 8064
 4994 9612 9620 2455 8604 7075 1443 428 9135 5040 8631 9657 6074 8135 969
 2506 5077 6620 1511 8168 1000 7146 9197 9199 9075 3807]
[694 6613 8609 4866 621 1178 4232 7207 7270 9402 6094 34 6386 3541 3458
 1753 9377 4357 4051 7396 8877 1377 8576 8168 4112 4533 9900 6679 9657
 6391 5792 9406 4904 8729 8018 4154 6074 5985 4654 2506 3337 8742 9808
 6805 5685 7745 8174 8362 7146 4906 9135 4994 2475 8191 5437 1511 422 1000
 1161 288 8657 5175 2786 9773 6840 9611 1134 4411 1958 3944 1781 1944 723
 9597 5472 3874 1868 6671 6248 4964 3129 160 2673 9497 1736 132 2145 8886
 2901 5560 5015 9629 3867 9252 8364 5766 4212 9587 4308 7979]
[2863 8236 4658 8073 471 6852 8312 555 7600 2718 7489 4254 9590 1207 3353
 3635 1588 2051 9252 1464 5463 5211 4293 6293 9910 8411 7907 4967 8809
 6247 8989 857 7193 179 832 7724 7297 8243 6755 2261 6990 5935 5543 9319
 7021 7714 5008 1016 5693 7995 1800 2138 5274 3752 1300 4863 6587 6645
 8638 7347 4371 6484 7435 5275 1178 7207 2824 5848 6386 4615 5354 5505
 6679 9197 8018 7343 3337 9928 5862 9385 607 4906 6533 3386 4585 8657 7009
 71 1958 921 1934 1781 9309 7791 3129 160 2673 9612 8311 1736]
[6484 7773 8609 4866 1178 4232 1112 7207 1687 7270 4858 4039 3964 34 9240
 3458 1753 7640 7613 6168 5354 4051 4439 1377 1498 3742 7776 4533 6679
 9657 262 6724 8227 5985 2671 9928 8742 9808 1443 8174 5862 7375 607 7557
 9889 5678 1594 8244 288 1778 9773 678 9072 8984 1134 5807 4411 9620 3250
 8378 921 1781 1636 9597 1868 2720 6248 7733 969 8375 3129 160 2528 5077
 9204 4370 9497 8060 1736 1040 2348 4019 7528 9708 4944 7538 3532 3904
 4298 6005 9132 2228 3013 3882 2895 1497 4139 329 4965 6098]
[7435 7773 5275 1687 5848 5381 6386 3458 7613 4439 7396 574 8576 2 4877
 5505 262 919 3162 1443 5862 8362 8080 2475 5027 5678 240 1594 288 9611
 9620 932 3493 7166 1758 2673 2528 8010 1736 9524 9934 4593 5926 7255 4028
 2664 5688 3669 3013 3167 8629 4285 2106 6293 6529 2486 1076 9738 450 7714
 1016 4308 13 9701 3853 2483 9469 3752 1510 9436 9029 9400 3149 8288 4625
 2605 6201 6879 9344 4756 7624 8097 116 3358 7260 8760 9001 7802 4792 731
 7646 3891 4817 4121 5757 7178 7049 7248 1798 7992]
[6484 7435 8609 5558 1687 4858 9402 3797 1358 5342 3935 1377 4112 4877
 7367 2878 8227 5985 2671 4987 2506 9928 9808 9340 6694 3162 8682 9889
 7672 4994 5027 240 598 1161 9767 288 1778 9773 2455 71 1134 5807 8378 921
 8222 3874 9309 969 2509 2661 5147 9659 160 2673 2528 8311 8060 3377 2693
 2796 6280 2446 9883 3613 7718 9934 2021 1346 1438 2707 219 3877 5039 6819
 4965 4662 6332 1677 9725 9891 9653 4559 9576 2430 857 179 6163 1980 7355
 9215 113 9738 3978 309 5509 3997 4308 6736 695 4574]
[6613 4170 5275 4866 5558 7270 4039 2824 9402 6094 6386 9240 1753 9377
 7613 3935 6168 1377 8576 8766 6724 6694 9300 6323 5862 607 8735 6533 8657
 6840 5807 1958 3944 1944 1610 2422 97 1758 9659 4370 3455 2905 1736 1964
 7459 2053 2145 630 9114 2928 8931 138 4571 1554 2393 7978 4463 7528 661
 5560 4752 7619 3702 4944 5763 1635 4474 6606 4862 1270 4285 6125 1588
 7787 2072 5243 4237 1549 5199 9752 1607 4293 7042 971 7053 6258 587 9437
 3315 6802 2015 5293 5868 8989 3983 9580 8590 7193 1833 3867]
[7435 4170 4039 2824 9402 1606 7613 6168 7396 8877 5663 6679 6074 1887
 4654 9928 3162 7745 7375 607 4906 7461 4994 5678 240 1511 4585 422 457
 9040 288 1778 9773 921 1934 9431 8222 9309 3694 7791 6248 4964 9544 2661
 3493 3129 9612 8311 4370 8010 9497 8060 3377 1964 7459 9114 3099 9328
 1554 3684 2393 9084 5541 4752 2113 5926 2021 7538 5799 8265 3714 2989
 5503 2467 646 8110 3669 9013 1728 4095 9703 1436 835 1497 6349 7129 8291
 4965 2978 3194 5199 6293 177 8463 9694 7907 4559 2778 2480 7223]
[8609 5275 7270 3964 2824 9402 34 6386 8135 9377 7613 3935 1350 379 9168
 593 5663 4533 9900 4690 262 5257 9406 4904 2878 7343 4154 5985 5917 2671
 4987 3232 7377 2506 9928 8742 9340 6694 1443 3529 9283 7375 7019 7672
 9135 5437 5645 5324 1511 422 1000 288 1778 8657 7009 564 1898 8222 1868
 6671 9309 8664 6248 4284 7733 1617 2528 5077 8578 8311 4370 8010 3704
 8786 2693 3455 673 2796 1040 7459 2666 5540 3532 5799 1755 9316 9061 2863
 3013 3283 1436 5039 5431 2704 8631 6657 8064 9374 7161 5354]
[4866 4232 4858 3458 5342 3935 6168 6684 1856 8168 7776 4533 5632 4877
 9657 4690 6391 6724 5917 3232 4654 9928 9340 3529 8362 7672 7928 5645 240
 1594 1000 9072 564 1898 7791 2888 6248 7269 8010 8060 2796 7459 2053 9007
 8807 2145 9918 2928 8931 1459 9355 967 661 5015 4752 3438 4593 3702 5162
 7233 8070 2194 2707 8236 3669 1728 4689 2202 9703 4185 2704 3756 6349
 4582 3126 3635 1270 525 6125 2051 566 2637 4237 1549 5548 8364 4559 4383
 6528 4726 6163 7297 6084 5732 7157 1679 2561 6398 4699 2664]
[694 7435 8609 5275 4866 4232 1112 4858 5848 34 6386 3541 3458 9377 4357
 7613 4615 9321 7396 574 593 657 8168 4112 4877 9657 1098 8274 4904 7367
 7343 4154 8227 2671 9928 8080 2475 1511 678 2455 5807 4411 1145 9874 6248
 2422 7269 1611 9934 7978 5940 5926 5112 2021 4444 348 9132 6721 6179 9703
 3389 6719 6642 8811 6606 1270 5529 5243 2494 5158 5463 5211 6293 7501
 8411 9051 3708 4967 5907 2541 8590 6163 6142 5751 832 2243 8627 4854 314
 7100 9618 4239 5218 962 9090 2081 9764 5094 5417 3958]
[2 1544 1554 6168 4121 2081 34 547 5162 5678 1588 3641 3131 2113 7745 6724
 593 598 8791 9309 3171 1636 2661 621 4206 4215 7802 9355 5275 3232 6306
 680 8362 6323 4792 2234 9928 204 8398 2766 8401 3797 5848 1753 2778 731
 3805 5342 2273 8931 5862 5354 2298 5381 3337 5898 4877 3853 4895 7461
 7978 7471 7983 1345 325 1350 5961 4944 6480 6484 4965 4967 3944 379 3964
 8576 3458 8074 8590 7566 1443 1447 8629 437 7614 8643 4039 7624 3529 3018
 8141 4051 468 3541 6107 1520 6648 9721 456 8059]
[6484 4170 8609 5275 621 4858 6648 4039 3964 5381 34 9240 1753 9377 7613
 2080 4439 6684 8576 8604 8766 8168 5663 3742 6679 4690 8729 919 7343 1887
 6477 5917 9300 1443 7557 8080 5645 240 1161 2786 9773 5807 7659 3250 1898
 1145 1781 723 932 1636 9874 9309 7791 2661 5147 3704 6280 1611 8886 2113
 5763 4895 111 3575 8110 8567 5089 2895 8827 2553 1549 3946 6293 5053 6258
 9694 5556 6802 4445 6839 4304 2430 859 862 9738 4854 6422 4134 9951 5132
 3074 6736 1800 6412 9964 2743 4102 8041 4351 2053]
